subjID,duration,s_residual,abs_s_residual,stimulus,error,abs_error,actual_depth,groundPlane
442049.0,2.5,-0.08411620305367606,0.08411620305367606,001815_2014-06-26_20-52-55_260595134347_rgbf000020-resize,-3.2977898099985943,3.2977898099985943,3.3865,18.626322656731816
442049.0,2.5,-0.6890225518349337,0.6890225518349337,001029_2014-06-08_13-17-57_260595134347_rgbf000065-resize,-3.7586831127884732,3.7586831127884732,3.0835,18.209734661918688
442049.0,2.5,-0.17305444960304694,0.17305444960304694,000677_2014-06-08_23-10-32_260595134347_rgbf000158-resize,-3.4672898099985945,3.4672898099985945,3.556,19.65196273325612
442049.0,2.5,-0.750329942355695,0.750329942355695,001516_2014-06-20_16-25-09_260595134347_rgbf000076-resize,-3.1835764155783544,3.1835764155783544,1.7445,3.8622659094666254
442049.0,2.5,-1.6223133854946712,1.6223133854946712,001650_2014-06-20_12-09-00_260595134347_rgbf000087-resize,-4.153469718368234,4.153469718368234,1.9505,47.6804595860539
442049.0,2.5,-0.14280004647858513,0.14280004647858513,001244_2014-06-17_16-47-45_260595134347_rgbf000030-resize,-2.7176831127884737,2.7176831127884737,2.0425,6.7629638807870815
442049.0,2.5,-0.415207846550172,0.415207846550172,002375_2014-06-28_20-13-44_260595134347_rgbf000032-resize,-3.9287898099985945,3.9287898099985945,4.0175,48.76103649676905
442049.0,2.5,-0.06968669402648275,0.06968669402648275,000788_2014-06-08_22-34-36_260595134347_rgbf000131-resize,-3.2702898099985944,3.2702898099985944,3.359,21.46386213810664
442049.0,2.5,-0.9917798866962332,0.9917798866962332,001235_2014-06-17_16-37-36_260595134347_rgbf000084-resize,-4.335683112788473,4.335683112788473,3.6605,14.547706659434104
442049.0,2.5,-0.0820173653769879,0.0820173653769879,000780_2014-06-08_22-28-29_260595134347_rgbf000126-resize,-3.2937898099985943,3.2937898099985943,3.3825,14.165390776882042
442049.0,2.5,-0.7957173071139321,0.7957173071139321,000470_2014-06-09_19-42-40_260595134347_rgbf000094-resize,-3.2700764155783544,3.2700764155783544,1.831,22.486379427626872
442049.0,2.5,-1.3095865716691362,1.3095865716691362,000109_2014-05-14_23-41-52_260595134347_rgbf000035-resize,-3.5574697183682336,3.5574697183682336,1.3545,6.620498200896815
442049.0,2.5,-0.5205072167590785,0.5205072167590785,002509_2014-06-24_13-19-22_094959634447_rgbf000077-resize,-2.745576415578354,2.745576415578354,1.3065,40.21868783296904
442049.0,2.5,-0.7233074072684262,0.7233074072684262,003338_2014-05-20_11-01-23_094959634447_rgbf000051-resize,-3.1320764155783545,3.1320764155783545,1.693,28.251495663089063
442049.0,2.5,-1.0103234595546142,1.0103234595546142,001100_2014-06-15_17-46-26_260595134347_rgbf000225-resize,-3.6790764155783533,3.6790764155783533,2.24,9.548860596737413
442049.0,2.5,-0.7017943210824353,0.7017943210824353,000469_2014-06-09_19-42-10_260595134347_rgbf000081-resize,-3.091076415578353,3.091076415578353,1.652,25.13136208408983
442049.0,2.5,-0.5365108540437732,0.5365108540437732,000483_2014-06-09_20-41-45_260595134347_rgbf000116-resize,-2.776076415578354,2.776076415578354,1.337,29.232414989368262
442049.0,2.5,-0.7222579884300835,0.7222579884300835,002964_2014-06-08_17-46-11_094959634447_rgbf000091-resize,-3.1300764155783534,3.1300764155783534,1.6909999999999998,28.953812917975768
442049.0,2.5,-0.8618306939293965,0.8618306939293965,002136_2014-06-25_21-18-03_260595134347_rgbf000109-resize,-3.3960764155783543,3.3960764155783543,1.9569999999999999,13.297078442475444
442049.0,2.5,-0.4611199207275815,0.4611199207275815,002103_2014-06-25_20-00-40_260595134347_rgbf000049-resize,-4.016289809998595,4.016289809998595,4.105,11.598018874569219
442049.0,2.5,-0.5759476720037168,0.5759476720037168,000929_2014-06-09_16-33-19_260595134347_rgbf000139-resize,-3.5431831127884745,3.5431831127884745,2.8680000000000003,19.501338012209015
442049.0,2.5,-0.2218524255858919,0.2218524255858919,000457_2014-06-08_16-52-43_260595134347_rgbf000199-resize,-3.5602898099985945,3.5602898099985945,3.6489999999999996,14.067279821032837
442049.0,2.5,-0.3973677262983798,0.3973677262983798,003621_2014-05-23_18-06-08_094959634447_rgbf000101-resize,-3.894789809998594,3.894789809998594,3.9835,23.07176470133362
442049.0,2.5,-0.9233053074944914,0.9233053074944914,001584_2014-06-20_11-07-43_260595134347_rgbf000002-resize,-4.2051831127884745,4.2051831127884745,3.53,17.602834139105468
442049.0,2.5,-0.6243122301849334,0.6243122301849334,002279_2014-06-28_18-55-32_260595134347_rgbf000040-resize,-2.9434097489116544,2.9434097489116544,1.5043333333333,15.963772282558683
442049.0,2.5,-0.4078619146817829,0.4078619146817829,003048_2014-06-15_13-49-43_094959634447_rgbf000150-resize,-3.9147898099985934,3.9147898099985934,4.0035,24.355606534500392
442049.0,2.5,-1.4276461909824656,1.4276461909824656,002344_2014-06-28_20-06-29_260595134347_rgbf000030-resize,-3.7824697183682336,3.7824697183682336,1.5795,37.33165518125916
442049.0,2.5,-0.8009644013056385,0.8009644013056385,000549_2014-06-08_22-10-24_260595134347_rgbf000247-resize,-3.2800764155783533,3.2800764155783533,1.841,30.99307977870557
442049.0,2.5,-0.29373761601222903,0.29373761601222903,000137_2014-05-20_17-04-49_260595134347_rgbf000120-resize,-3.6972898099985945,3.6972898099985945,3.786,14.89611111351161
442049.0,2.5,-0.583031249162521,0.583031249162521,000642_2014-06-08_16-59-25_260595134347_rgbf000098-resize,-3.5566831127884733,3.5566831127884733,2.8815,31.36214301237791
442049.0,2.5,-0.8822943612770431,0.8822943612770431,002199_2014-06-28_18-33-56_260595134347_rgbf000074-resize,-3.4350764155783544,3.4350764155783544,1.996,17.12852126070164
442049.0,2.5,-0.503883738389968,0.503883738389968,000917_2014-06-09_22-45-29_260595134347_rgbf000149-resize,-4.097789809998594,4.097789809998594,4.1865,9.740561609074897
442049.0,2.5,-0.16877316272751894,0.16877316272751894,000878_2014-06-08_22-52-45_260595134347_rgbf000045-resize,-2.7671831127884743,2.7671831127884743,2.092,5.576511521775202
442049.0,2.5,-0.8998721268192515,0.8998721268192515,002905_2014-06-03_18-04-43_094959634447_rgbf000151-resize,-3.4685764155783545,3.4685764155783545,2.0295,12.020604335789361
442049.0,2.5,-0.8084775562183634,0.8084775562183634,002988_2014-06-15_12-24-20_094959634447_rgbf000150-resize,-4.678289809998595,4.678289809998595,4.7669999999999995,14.460306569198616
442049.0,2.5,-1.1959869824187537,1.1959869824187537,002272_2014-06-28_18-53-56_260595134347_rgbf000067-resize,-3.3409697183682336,3.3409697183682336,1.138,10.409245808146235
442049.0,2.5,-0.8109338802698777,0.8109338802698777,001571_2014-06-20_17-21-32_260595134347_rgbf000089-resize,-3.2990764155783543,3.2990764155783543,1.86,4.991960350191473
442049.0,2.5,-0.2764222051796065,0.2764222051796065,001132_2014-06-17_14-48-54_260595134347_rgbf000100-resize,-3.6642898099985945,3.6642898099985945,3.753,14.398279213278778
442049.0,2.5,-0.10816922481333756,0.10816922481333756,000943_2014-06-09_19-31-07_260595134347_rgbf000128-resize,-2.6516831127884744,2.6516831127884744,1.9765,15.893099149291922
442049.0,2.5,-0.7810254433771621,0.7810254433771621,000709_2014-06-08_13-51-55_260595134347_rgbf000068-resize,-3.2420764155783535,3.2420764155783535,1.8030000000000002,14.429351101546246
442049.0,2.5,-0.6808895558377891,0.6808895558377891,000854_2014-06-09_19-43-13_260595134347_rgbf000066-resize,-3.743183112788474,3.743183112788474,3.068,11.910827625938722
442049.0,2.5,-0.04992647928542982,0.04992647928542982,001136_2014-06-17_15-19-41_260595134347_rgbf000076-resize,-2.540683112788474,2.540683112788474,1.8655,18.667799879387072
442049.0,2.5,-0.16151084238129776,0.16151084238129776,000739_2014-06-08_18-45-58_260595134347_rgbf000068-resize,-3.4452898099985942,3.4452898099985942,3.534,8.164356963721069
442049.0,2.5,-0.4574469547933845,0.4574469547933845,000734_2014-06-08_17-39-11_260595134347_rgbf000128-resize,-4.009289809998594,4.009289809998594,4.098,16.052231618370055
442049.0,2.5,-1.843216050965397,1.843216050965397,000522_2014-06-08_13-35-06_260595134347_rgbf000244-resize,-4.574469718368233,4.574469718368233,2.3715,25.742609854068213
442049.0,2.5,-0.06356892418386195,0.06356892418386195,002949_2014-06-26_15-57-42_094959634447_rgbf000079-resize,-2.5666831127884744,2.5666831127884744,1.8915,17.99500168321199
442049.0,2.5,-1.522177497955304,1.522177497955304,000866_2014-06-09_20-45-42_260595134347_rgbf000139-resize,-4.6545764155783536,4.6545764155783536,3.2155,8.082259189449621
442049.0,2.5,-0.6918248421182037,0.6918248421182037,001555_2014-06-20_17-12-10_260595134347_rgbf000065-resize,-3.0720764155783535,3.0720764155783535,1.633,7.608284543781994
442049.0,2.5,-0.5832099923499345,0.5832099923499345,003534_2014-05-22_15-06-10_094959634447_rgbf000102-resize,-2.8650764155783532,2.8650764155783532,1.426,12.376994007247625
442049.0,2.5,-0.13396359787485268,0.13396359787485268,003292_2014-05-14_21-53-49_094959634447_rgbf000100-resize,-3.3927898099985945,3.3927898099985945,3.4815,33.084282711345374
442049.0,2.5,-0.4257020349335835,0.4257020349335835,002639_2014-06-24_14-51-37_094959634447_rgbf000074-resize,-3.948789809998594,3.948789809998594,4.0375,16.521406794569987
442049.0,2.5,-2.0060907597851614,2.0060907597851614,001447_2014-06-19_17-00-32_260595134347_rgbf000082-resize,-5.576826415578354,5.576826415578354,4.13775,46.830399423560245
442049.0,2.5,-0.6094454633084545,0.6094454633084545,002549_2014-06-24_13-41-39_094959634447_rgbf000022-resize,-2.9150764155783535,2.9150764155783535,1.476,4.1736441355391865
442049.0,2.5,-0.5038001268677971,0.5038001268677971,001806_2014-06-26_20-50-20_260595134347_rgbf000091-resize,-3.4056831127884744,3.4056831127884744,2.7305,13.909869710567438
442049.0,2.5,-0.1121881569792863,0.1121881569792863,000493_2014-06-09_21-01-18_260595134347_rgbf000196-resize,-3.3512898099985944,3.3512898099985944,3.44,19.629285382994567
442049.0,2.5,-0.11848467000933015,0.11848467000933015,001449_2014-06-19_17-01-27_260595134347_rgbf000116-resize,-3.3632898099985944,3.3632898099985944,3.452,8.994872108877228
442049.0,2.5,-0.8676024975402727,0.8676024975402727,003228_2014-05-14_13-42-35_094959634447_rgbf000101-resize,-3.4070764155783535,3.4070764155783535,1.9680000000000002,14.40337638638131
442049.0,2.5,-0.3755086738806376,0.3755086738806376,000368_2014-06-09_15-53-01_260595134347_rgbf000155-resize,-3.1611831127884744,3.1611831127884744,2.4859999999999998,21.090700959072958
442049.0,2.5,-0.15040833305655474,0.15040833305655474,002209_2014-06-28_18-36-10_260595134347_rgbf000051-resize,-2.732183112788474,2.732183112788474,2.057,12.962068825921264
442049.0,2.5,-0.07554210915953485,0.07554210915953485,001828_2014-06-26_21-40-03_260595134347_rgbf000024-resize,-3.973396507208715,3.973396507208715,4.8260000000000005,35.55232951340613
442049.0,2.5,-0.4765152370709348,0.4765152370709348,000927_2014-06-09_16-32-30_260595134347_rgbf000123-resize,-3.3536831127884743,3.3536831127884743,2.6785,11.715239650325241
442049.0,2.5,-0.4254396802239918,0.4254396802239918,002570_2014-06-24_13-59-54_094959634447_rgbf000059-resize,-3.9482898099985935,3.9482898099985935,4.037,41.596140375002705
442049.0,2.5,-0.2529890245043601,0.2529890245043601,001810_2014-06-26_20-51-35_260595134347_rgbf000040-resize,-2.9276831127884733,2.9276831127884733,2.2525,22.411391411207674
442049.0,2.5,-0.10344684004080627,0.10344684004080627,002875_2014-06-01_15-19-00_094959634447_rgbf000151-resize,-2.6426831127884745,2.6426831127884745,1.9675,11.625680938349673
442049.0,2.5,-0.48438587835848496,0.48438587835848496,001092_2014-06-15_17-34-58_260595134347_rgbf000171-resize,-3.3686831127884735,3.3686831127884735,2.6935,9.164038324933468
442049.0,2.5,-0.07878549733980222,0.07878549733980222,002545_2014-06-24_13-38-53_094959634447_rgbf000080-resize,-2.5956831127884743,2.5956831127884743,1.9205,12.083824048628237
442049.0,2.5,-0.8059491407877579,0.8059491407877579,001167_2014-06-17_15-38-07_260595134347_rgbf000108-resize,-3.2895764155783542,3.2895764155783542,1.8505,12.019050657019696
442049.0,2.5,-1.310898345217061,1.310898345217061,003587_2014-05-23_16-48-02_094959634447_rgbf002384-resize,-3.559969718368234,3.559969718368234,1.357,20.788172722830538
723081.0,2.5,-0.2739037803358981,0.2739037803358981,001808_2014-06-26_20-50-58_260595134347_rgbf000029-resize,-3.8975155132463764,3.8975155132463764,4.249,20.030651550568866
723081.0,2.5,-0.8466857583852819,0.8466857583852819,001516_2014-06-20_16-25-09_260595134347_rgbf000076-resize,-3.2799322316079413,3.2799322316079413,1.7445,3.8622659094666254
723081.0,2.5,-0.4714568766535276,0.4714568766535276,001417_2014-06-19_16-25-36_260595134347_rgbf000115-resize,-4.274015513246376,4.274015513246376,4.6255,49.17091269608214
723081.0,2.5,-0.09733906078506988,0.09733906078506988,003081_2014-06-15_15-19-16_094959634447_rgbf000150-resize,-3.5610155132463763,3.5610155132463763,3.9125,16.632991649560594
723081.0,2.5,-0.4830467191439876,0.4830467191439876,001650_2014-06-20_12-09-00_260595134347_rgbf000087-resize,-3.01420305201755,3.01420305201755,1.9505,47.6804595860539
723081.0,2.5,-1.003049165298052,1.003049165298052,001244_2014-06-17_16-47-45_260595134347_rgbf000030-resize,-3.5779322316079414,3.5779322316079414,2.0425,6.7629638807870815
723081.0,2.5,-0.3125161579136173,0.3125161579136173,003495_2014-05-21_16-01-51_094959634447_rgbf000100-resize,-2.6892030520175503,2.6892030520175503,1.6255,12.747278812179
723081.0,2.5,-0.16030419108551558,0.16030419108551558,001150_2014-06-17_15-27-34_260595134347_rgbf000108-resize,-3.6810155132463764,3.6810155132463764,4.0325,11.088139074292139
723081.0,2.5,-0.6241627293883447,0.6241627293883447,002375_2014-06-28_20-13-44_260595134347_rgbf000032-resize,-4.137744692836767,4.137744692836767,4.0175,48.76103649676905
723081.0,2.5,-0.5698707162604416,0.5698707162604416,002568_2014-06-24_13-59-21_094959634447_rgbf000062-resize,-3.606973872427159,3.606973872427159,3.015,29.63840999388049
723081.0,2.5,-0.9085706463349176,0.9085706463349176,001235_2014-06-17_16-37-36_260595134347_rgbf000084-resize,-4.252473872427158,4.252473872427158,3.6605,14.547706659434104
723081.0,2.5,-1.2008337928127988,1.2008337928127988,001094_2014-06-15_17-36-00_260595134347_rgbf000205-resize,-4.809473872427159,4.809473872427159,4.2175,17.196771274488466
723081.0,2.5,-0.42034394355312804,0.42034394355312804,000470_2014-06-09_19-42-40_260595134347_rgbf000094-resize,-2.89470305201755,2.89470305201755,1.831,22.486379427626872
723081.0,2.5,-0.6420490849088436,0.6420490849088436,000109_2014-05-14_23-41-52_260595134347_rgbf000035-resize,-2.889932231607941,2.889932231607941,1.3545,6.620498200896815
723081.0,2.5,-0.6168630327886655,0.6168630327886655,002509_2014-06-24_13-19-22_094959634447_rgbf000077-resize,-2.841932231607941,2.841932231607941,1.3065,40.21868783296904
723081.0,2.5,-0.8782557751053838,0.8782557751053838,002784_2014-06-22_19-26-30_094959634447_rgbf000083-resize,-3.340098898274641,3.340098898274641,1.8046666666667,3.0422522474895675
723081.0,2.5,-0.6349500959938101,0.6349500959938101,001100_2014-06-15_17-46-26_260595134347_rgbf000225-resize,-3.3037030520175503,3.3037030520175503,2.24,9.548860596737413
723081.0,2.5,-0.32642095752163125,0.32642095752163125,000469_2014-06-09_19-42-10_260595134347_rgbf000081-resize,-2.71570305201755,2.71570305201755,1.652,25.13136208408983
723081.0,2.5,-0.1611374904829691,0.1611374904829691,000483_2014-06-09_20-41-45_260595134347_rgbf000116-resize,-2.4007030520175503,2.4007030520175503,1.337,29.232414989368262
723081.0,2.5,-1.290342984050062,1.290342984050062,002964_2014-06-08_17-46-11_094959634447_rgbf000091-resize,-3.698161411198333,3.698161411198333,1.6909999999999998,28.953812917975768
723081.0,2.5,-0.4864573303685924,0.4864573303685924,002136_2014-06-25_21-18-03_260595134347_rgbf000109-resize,-3.0207030520175504,3.0207030520175504,1.9569999999999999,13.297078442475444
723081.0,2.5,-0.1983456239753633,0.1983456239753633,002103_2014-06-25_20-00-40_260595134347_rgbf000049-resize,-3.7535155132463767,3.7535155132463767,4.105,11.598018874569219
723081.0,2.5,-0.22353167609554184,0.22353167609554184,000691_2014-06-08_13-08-50_260595134347_rgbf000132-resize,-3.8015155132463767,3.8015155132463767,4.1530000000000005,14.740846212587924
723081.0,2.5,-0.021009252052009708,0.021009252052009708,000929_2014-06-09_16-33-19_260595134347_rgbf000139-resize,-2.9882446928367674,2.9882446928367674,2.8680000000000003,19.501338012209015
723081.0,2.5,-0.3683668875427843,0.3683668875427843,001584_2014-06-20_11-07-43_260595134347_rgbf000002-resize,-3.650244692836767,3.650244692836767,3.53,17.602834139105468
723081.0,2.5,-0.2489388666241293,0.2489388666241293,002279_2014-06-28_18-55-32_260595134347_rgbf000040-resize,-2.56803638535085,2.56803638535085,1.5043333333333,15.963772282558683
723081.0,2.5,-0.008153871282340741,0.008153871282340741,002043_2014-06-24_20-29-38_260595134347_rgbf000039-resize,-2.9637446928367672,2.9637446928367672,2.8435,8.475049543704081
723081.0,2.5,-0.14508761792956476,0.14508761792956476,003048_2014-06-15_13-49-43_094959634447_rgbf000150-resize,-3.6520155132463765,3.6520155132463765,4.0035,24.355606534500392
723081.0,2.5,-0.6113381721311382,0.6113381721311382,002725_2014-06-22_11-47-51_094959634447_rgbf000070-resize,-3.25870305201755,3.25870305201755,2.195,3.938570017428758
723081.0,2.5,-1.2318378838125643,1.2318378838125643,002344_2014-06-28_20-06-29_260595134347_rgbf000030-resize,-3.5866614111983326,3.5866614111983326,1.5795,37.33165518125916
723081.0,2.5,-0.3604962462552312,0.3604962462552312,000736_2014-06-08_18-24-15_260595134347_rgbf000206-resize,-3.6352446928367668,3.6352446928367668,3.515,33.408170606136416
723081.0,2.5,-0.030963319260010887,0.030963319260010887,000137_2014-05-20_17-04-49_260595134347_rgbf000120-resize,-3.4345155132463763,3.4345155132463763,3.786,14.89611111351161
723081.0,2.5,-0.028092829210813963,0.028092829210813963,000642_2014-06-08_16-59-25_260595134347_rgbf000098-resize,-3.001744692836767,3.001744692836767,2.8815,31.36214301237791
723081.0,2.5,-0.08868135536875171,0.08868135536875171,002425_2014-06-28_20-27-29_260595134347_rgbf000031-resize,-3.5445155132463766,3.5445155132463766,3.8960000000000004,8.40495801096819
723081.0,2.5,-0.97865017730663,0.97865017730663,002199_2014-06-28_18-33-56_260595134347_rgbf000074-resize,-3.5314322316079414,3.5314322316079414,1.996,17.12852126070164
723081.0,2.5,-0.2411094416377499,0.2411094416377499,000917_2014-06-09_22-45-29_260595134347_rgbf000149-resize,-3.8350155132463764,3.8350155132463764,4.1865,9.740561609074897
723081.0,2.5,-0.2734253061854255,0.2734253061854255,002953_2014-06-08_17-32-18_094959634447_rgbf000059-resize,-2.61470305201755,2.61470305201755,1.551,13.905027931093345
723081.0,2.5,-0.5244987632584475,0.5244987632584475,002905_2014-06-03_18-04-43_094959634447_rgbf000151-resize,-3.0932030520175497,3.0932030520175497,2.0295,12.020604335789361
723081.0,2.5,-0.15976406991010786,0.15976406991010786,003129_2014-05-12_10-48-10_094959634447_rgbf000100-resize,-4.107286333655985,4.107286333655985,4.9305,17.9074543760639
723081.0,2.5,-0.07397407987575366,0.07397407987575366,002988_2014-06-15_12-24-20_094959634447_rgbf000150-resize,-3.943786333655985,3.943786333655985,4.7669999999999995,14.460306569198616
723081.0,2.5,-0.6698124488561616,0.6698124488561616,001052_2014-06-08_18-24-54_260595134347_rgbf000130-resize,-4.224744692836767,4.224744692836767,4.1045,25.87613690895519
723081.0,2.5,-0.7113107282393331,0.7113107282393331,000810_2014-06-08_17-20-01_260595134347_rgbf000105-resize,-3.0219322316079413,3.0219322316079413,1.4865,3.0958890116960642
723081.0,2.5,-0.5284494956584609,0.5284494956584609,002272_2014-06-28_18-53-56_260595134347_rgbf000067-resize,-2.673432231607941,2.673432231607941,1.138,10.409245808146235
723081.0,2.5,-0.4355605167090736,0.4355605167090736,001571_2014-06-20_17-21-32_260595134347_rgbf000089-resize,-2.92370305201755,2.92370305201755,1.86,4.991960350191473
723081.0,2.5,-0.02495998445202197,0.02495998445202197,000943_2014-06-09_19-31-07_260595134347_rgbf000128-resize,-2.5684738724271585,2.5684738724271585,1.9765,15.893099149291922
723081.0,2.5,-2.012867854247648,2.012867854247648,000854_2014-06-09_19-43-13_260595134347_rgbf000066-resize,-5.075161411198333,5.075161411198333,3.068,11.910827625938722
723081.0,2.5,-0.3022689124835604,0.3022689124835604,002153_2014-06-25_21-27-18_260595134347_rgbf000038-resize,-3.0969738724271587,3.0969738724271587,2.505,17.28886317575377
723081.0,2.5,-0.39250352082463297,0.39250352082463297,002660_2014-06-13_15-44-18_094959634447_rgbf001878-resize,-3.6962446928367667,3.6962446928367667,3.576,15.11997681444361
723081.0,2.5,-0.3704657252194705,0.3704657252194705,000739_2014-06-08_18-45-58_260595134347_rgbf000068-resize,-3.654244692836767,3.654244692836767,3.534,8.164356963721069
723081.0,2.5,-0.6664018376315572,0.6664018376315572,000734_2014-06-08_17-39-11_260595134347_rgbf000128-resize,-4.218244692836767,4.218244692836767,4.098,16.052231618370055
723081.0,2.5,-0.23222020502432195,0.23222020502432195,000522_2014-06-08_13-35-06_260595134347_rgbf000244-resize,-2.963473872427159,2.963473872427159,2.3715,25.742609854068213
723081.0,2.5,-0.6750749548041085,0.6750749548041085,000866_2014-06-09_20-45-42_260595134347_rgbf000139-resize,-3.807473872427159,3.807473872427159,3.2155,8.082259189449621
723081.0,2.5,-0.7881806581477907,0.7881806581477907,001555_2014-06-20_17-12-10_260595134347_rgbf000065-resize,-3.1684322316079414,3.1684322316079414,1.633,7.608284543781994
723081.0,2.5,-1.151294987969913,1.151294987969913,003534_2014-05-22_15-06-10_094959634447_rgbf000102-resize,-3.4331614111983324,3.4331614111983324,1.426,12.376994007247625
723081.0,2.5,-0.03492946341626102,0.03492946341626102,002637_2014-06-24_14-51-13_094959634447_rgbf000066-resize,-2.587473872427158,2.587473872427158,1.9955,10.972027795242447
723081.0,2.5,-0.328782149907899,0.328782149907899,001016_2014-06-09_16-16-10_260595134347_rgbf000112-resize,-2.72020305201755,2.72020305201755,1.6565,7.049977084494088
723081.0,2.5,-0.28574056577969603,0.28574056577969603,002340_2014-06-28_20-05-46_260595134347_rgbf000113-resize,-3.065473872427159,3.065473872427159,2.4735,7.91768620575396
723081.0,2.5,-0.653793399815229,0.653793399815229,000773_2014-06-08_22-24-54_260595134347_rgbf000093-resize,-4.6215155132463765,4.6215155132463765,4.973,21.45352631724976
723081.0,2.5,-0.2332542121064189,0.2332542121064189,001032_2014-06-08_13-23-17_260595134347_rgbf000021-resize,-3.392744692836767,3.392744692836767,3.2725,15.984983178828962
723081.0,2.5,-0.3882904337150263,0.3882904337150263,001570_2014-06-20_17-21-09_260595134347_rgbf000135-resize,-4.115515513246376,4.115515513246376,4.467,22.179510675592084
723081.0,2.5,-0.2140869065504664,0.2140869065504664,001392_2014-06-19_16-07-59_260595134347_rgbf000046-resize,-3.7835155132463765,3.7835155132463765,4.135,18.95235574822112
723081.0,2.5,-0.6872590370435747,0.6872590370435747,001447_2014-06-19_17-00-32_260595134347_rgbf000082-resize,-4.257994692836767,4.257994692836767,4.13775,46.830399423560245
723081.0,2.5,-0.09525563486461937,0.09525563486461937,002630_2014-06-24_14-47-50_094959634447_rgbf000055-resize,-3.1297446928367667,3.1297446928367667,3.0095,10.661401196716628
723081.0,2.5,-0.328504383442083,0.328504383442083,002758_2014-06-22_19-11-20_094959634447_rgbf000128-resize,-3.146973872427159,3.146973872427159,2.555,7.204478276142114
723081.0,2.5,-0.26344041546495395,0.26344041546495395,000502_2014-06-08_23-02-32_260595134347_rgbf000063-resize,-3.022973872427159,3.022973872427159,2.431,13.897287578908273
723081.0,2.5,-0.21697280835589944,0.21697280835589944,003083_2014-06-15_15-21-03_094959634447_rgbf000063-resize,-3.789015513246377,3.789015513246377,4.1405,19.172834459547143
723081.0,2.5,-0.8923200660968729,0.8923200660968729,001806_2014-06-26_20-50-20_260595134347_rgbf000091-resize,-3.7942030520175503,3.7942030520175503,2.7305,13.909869710567438
723081.0,2.5,-0.9770452255366496,0.9770452255366496,001617_2014-06-20_11-35-32_260595134347_rgbf000066-resize,-4.382973872427159,4.382973872427159,3.7910000000000004,19.974169961071475
723081.0,2.5,-0.321143039817459,0.321143039817459,000493_2014-06-09_21-01-18_260595134347_rgbf000196-resize,-3.560244692836767,3.560244692836767,3.44,19.629285382994567
723081.0,2.5,-0.03804689641881559,0.03804689641881559,000191_2014-05-12_17-07-38_260595134347_rgbf000199-resize,-3.4480155132463763,3.4480155132463763,3.7995,12.340757267219296
723081.0,2.5,-0.17394663598393229,0.17394663598393229,000506_2014-06-08_23-21-00_260595134347_rgbf000070-resize,-3.7070155132463767,3.7070155132463767,4.0585,16.716212007621664
723081.0,2.5,-0.3274395528475029,0.3274395528475029,001449_2014-06-19_17-01-27_260595134347_rgbf000116-resize,-3.572244692836767,3.572244692836767,3.452,8.994872108877228
723081.0,2.5,-0.14884803543363362,0.14884803543363362,001450_2014-06-19_17-02-03_260595134347_rgbf000203-resize,-3.659182179913077,3.659182179913077,4.0106666666667,12.34882649363641
723081.0,2.5,-0.9639583135698596,0.9639583135698596,003228_2014-05-14_13-42-35_094959634447_rgbf000101-resize,-3.5034322316079414,3.5034322316079414,1.9680000000000002,14.40337638638131
723081.0,2.5,-0.7640286131097134,0.7640286131097134,000368_2014-06-09_15-53-01_260595134347_rgbf000155-resize,-3.5497030520175503,3.5497030520175503,2.4859999999999998,21.090700959072958
723081.0,2.5,-0.3430804815802949,0.3430804815802949,002763_2014-06-22_19-13-10_094959634447_rgbf000075-resize,-2.7474530520175504,2.7474530520175504,1.68375,5.5919783591245595
723081.0,2.5,-0.06719909269523916,0.06719909269523916,002209_2014-06-28_18-36-10_260595134347_rgbf000051-resize,-2.6489738724271588,2.6489738724271588,2.057,12.962068825921264
723081.0,2.5,-0.10493193560680493,0.10493193560680493,001828_2014-06-26_21-40-03_260595134347_rgbf000024-resize,-4.002786333655985,4.002786333655985,4.8260000000000005,35.55232951340613
723081.0,2.5,-0.482768952678163,0.482768952678163,000906_2014-06-08_13-35-43_260595134347_rgbf000155-resize,-3.440973872427159,3.440973872427159,2.8489999999999998,16.12201726422563
723081.0,2.5,-0.16582905174303406,0.16582905174303406,002805_2014-06-22_19-54-03_094959634447_rgbf000079-resize,-3.2642446928367668,3.2642446928367668,3.1439999999999997,7.377848172936663
723081.0,2.5,-0.06085634439648524,0.06085634439648524,002467_2014-06-28_20-38-07_260595134347_rgbf000026-resize,-3.918786333655985,3.918786333655985,4.742,15.331046216195933
723081.0,2.5,-0.1697797841430445,0.1697797841430445,001810_2014-06-26_20-51-35_260595134347_rgbf000040-resize,-2.8444738724271588,2.8444738724271588,2.2525,22.411391411207674
723081.0,2.5,-0.15244896155418525,0.15244896155418525,003010_2014-06-15_12-54-35_094959634447_rgbf000112-resize,-3.2387446928367667,3.2387446928367667,3.1185,6.696951333567531
723081.0,2.5,-0.4305757772269537,0.4305757772269537,001167_2014-06-17_15-38-07_260595134347_rgbf000108-resize,-2.91420305201755,2.91420305201755,1.8505,12.019050657019696
723081.0,2.5,-0.6433608584567685,0.6433608584567685,003587_2014-05-23_16-48-02_094959634447_rgbf002384-resize,-2.8924322316079416,2.8924322316079416,1.357,20.788172722830538
673972.0,2.5,-0.6466632389287584,0.6466632389287584,001808_2014-06-26_20-50-58_260595134347_rgbf000029-resize,-4.270274971839236,4.270274971839236,4.249,20.030651550568866
673972.0,2.5,-0.3011625135046694,0.3011625135046694,001815_2014-06-26_20-52-55_260595134347_rgbf000020-resize,-3.5148361204495875,3.5148361204495875,3.3865,18.626322656731816
673972.0,2.5,-0.2492367081063981,0.2492367081063981,001029_2014-06-08_13-17-57_260595134347_rgbf000065-resize,-3.3188972690599385,3.3188972690599385,3.0835,18.209734661918688
673972.0,2.5,-0.39010076005404026,0.39010076005404026,000677_2014-06-08_23-10-32_260595134347_rgbf000158-resize,-3.684336120449588,3.684336120449588,3.556,19.65196273325612
673972.0,2.5,-0.4159717408049839,0.4159717408049839,001417_2014-06-19_16-25-36_260595134347_rgbf000115-resize,-4.218530377397832,4.218530377397832,4.6255,49.17091269608214
673972.0,2.5,-0.2559762221572283,0.2559762221572283,003081_2014-06-15_15-19-16_094959634447_rgbf000150-resize,-3.719652674618535,3.719652674618535,3.9125,16.632991649560594
673972.0,2.5,-0.1676648205249988,0.1676648205249988,000682_2014-06-08_23-14-58_260595134347_rgbf000041-resize,-3.06645841767029,3.06645841767029,2.7239999999999998,8.707843071693064
673972.0,2.5,-0.08298553062778025,0.08298553062778025,001650_2014-06-20_12-09-00_260595134347_rgbf000087-resize,-2.6141418635013425,2.6141418635013425,1.9505,47.6804595860539
673972.0,2.5,-0.024197648581102515,0.024197648581102515,001244_2014-06-17_16-47-45_260595134347_rgbf000030-resize,-2.599080714890992,2.599080714890992,2.0425,6.7629638807870815
673972.0,2.5,-1.0090159470650857,1.0090159470650857,001158_2014-06-17_15-32-16_260595134347_rgbf000138-resize,-4.766897269059938,4.766897269059938,4.5315,26.954451973303737
673972.0,2.5,-0.9575535697871894,0.9575535697871894,000556_2014-06-09_22-42-56_260595134347_rgbf000214-resize,-4.8627749718392375,4.8627749718392375,4.8415,23.88242025565649
673972.0,2.5,-0.318941352457674,0.318941352457674,001150_2014-06-17_15-27-34_260595134347_rgbf000108-resize,-3.8396526746185344,3.8396526746185344,4.0325,11.088139074292139
673972.0,2.5,-0.02120961127768219,0.02120961127768219,000665_2014-06-09_20-42-35_260595134347_rgbf000110-resize,-3.0782749718392366,3.0782749718392366,3.057,18.49880761375764
673972.0,2.5,-0.7393153056115161,0.7393153056115161,002375_2014-06-28_20-13-44_260595134347_rgbf000032-resize,-4.252897269059939,4.252897269059939,4.0175,48.76103649676905
673972.0,2.5,-0.17967185586712497,0.17967185586712497,000788_2014-06-08_22-34-36_260595134347_rgbf000131-resize,-3.3802749718392366,3.3802749718392366,3.359,21.46386213810664
673972.0,2.5,-0.5519940429676976,0.5519940429676976,001235_2014-06-17_16-37-36_260595134347_rgbf000084-resize,-3.8958972690599385,3.8958972690599385,3.6605,14.547706659434104
673972.0,2.5,-0.20189029778347267,0.20189029778347267,001094_2014-06-15_17-36-00_260595134347_rgbf000205-resize,-3.810530377397833,3.810530377397833,4.2175,17.196771274488466
673972.0,2.5,-0.12782775886725173,0.12782775886725173,001100_2014-06-15_17-46-26_260595134347_rgbf000225-resize,-2.7965807148909914,2.7965807148909914,2.24,9.548860596737413
673972.0,2.5,-0.35698278534752176,0.35698278534752176,002103_2014-06-25_20-00-40_260595134347_rgbf000049-resize,-3.912152674618535,3.912152674618535,4.105,11.598018874569219
673972.0,2.5,-0.5962911346884022,0.5962911346884022,000691_2014-06-08_13-08-50_260595134347_rgbf000132-resize,-4.174274971839236,4.174274971839236,4.1530000000000005,14.740846212587924
673972.0,2.5,-0.02910067966483029,0.02910067966483029,000929_2014-06-09_16-33-19_260595134347_rgbf000139-resize,-2.9963361204495875,2.9963361204495875,2.8680000000000003,19.501338012209015
673972.0,2.5,-0.1177152902058322,0.1177152902058322,000457_2014-06-08_16-52-43_260595134347_rgbf000199-resize,-3.4561526746185347,3.4561526746185347,3.6489999999999996,14.067279821032837
673972.0,2.5,-0.07910829369761796,0.07910829369761796,003621_2014-05-23_18-06-08_094959634447_rgbf000101-resize,-3.5765303773978325,3.5765303773978325,3.9835,23.07176470133362
673972.0,2.5,-0.1153540978195628,0.1153540978195628,003490_2014-05-21_15-50-11_094959634447_rgbf000101-resize,-3.4516526746185345,3.4516526746185345,3.6445,19.999457360175192
673972.0,2.5,-0.5178470765224251,0.5178470765224251,003048_2014-06-15_13-49-43_094959634447_rgbf000150-resize,-4.0247749718392365,4.0247749718392365,4.0035,24.355606534500392
673972.0,2.5,-0.3685876738680518,0.3685876738680518,000736_2014-06-08_18-24-15_260595134347_rgbf000206-resize,-3.643336120449588,3.643336120449588,3.515,33.408170606136416
673972.0,2.5,-0.18960048063216933,0.18960048063216933,000137_2014-05-20_17-04-49_260595134347_rgbf000120-resize,-3.5931526746185347,3.5931526746185347,3.786,14.89611111351161
673972.0,2.5,-0.14324540543398545,0.14324540543398545,000642_2014-06-08_16-59-25_260595134347_rgbf000098-resize,-3.1168972690599386,3.1168972690599386,2.8815,31.36214301237791
673972.0,2.5,-0.2473185167409101,0.2473185167409101,002425_2014-06-28_20-27-29_260595134347_rgbf000031-resize,-3.703152674618535,3.703152674618535,3.8960000000000004,8.40495801096819
673972.0,2.5,-0.02833404263567718,0.02833404263567718,001056_2014-06-08_18-46-44_260595134347_rgbf000068-resize,-2.8978972690599387,2.8978972690599387,2.6625,11.38594592369452
673972.0,2.5,-0.10685980920003167,0.10685980920003167,002199_2014-06-28_18-33-56_260595134347_rgbf000074-resize,-2.659641863501343,2.659641863501343,1.996,17.12852126070164
673972.0,2.5,-0.3748637597985015,0.3748637597985015,002323_2014-06-28_20-01-54_260595134347_rgbf000051-resize,-3.752274971839237,3.752274971839237,3.7310000000000003,18.09172628388976
673972.0,2.5,-0.4745176952416747,0.4745176952416747,000414_2014-06-04_19-49-13_260595134347_rgbf000044-resize,-4.1361526746185335,4.1361526746185335,4.329,13.241348366125557
673972.0,2.5,-0.7901304108726579,0.7901304108726579,003129_2014-05-12_10-48-10_094959634447_rgbf000100-resize,-4.737652674618535,4.737652674618535,4.9305,17.9074543760639
673972.0,2.5,-0.4902181236176015,0.4902181236176015,002988_2014-06-15_12-24-20_094959634447_rgbf000150-resize,-4.360030377397833,4.360030377397833,4.7669999999999995,14.460306569198616
673972.0,2.5,-0.14259813341722705,0.14259813341722705,001052_2014-06-08_18-24-54_260595134347_rgbf000130-resize,-3.697530377397833,3.697530377397833,4.1045,25.87613690895519
673972.0,2.5,-0.1290986782159837,0.1290986782159837,001214_2014-06-17_16-13-55_260595134347_rgbf000111-resize,-2.9929584176702897,2.9929584176702897,2.6505,18.479282579459067
673972.0,2.5,-0.001713654369992934,0.001713654369992934,002995_2014-06-15_12-31-26_094959634447_rgbf000150-resize,-3.429030377397833,3.429030377397833,3.8360000000000003,27.231594395483473
673972.0,2.5,-0.0777556659505001,0.0777556659505001,002444_2014-06-28_20-32-08_260595134347_rgbf000027-resize,-3.7679080801771287,3.7679080801771287,4.388999999999999,17.102760279009576
673972.0,2.5,-0.19874204126845865,0.19874204126845865,001133_2014-06-17_14-49-16_260595134347_rgbf000100-resize,-3.8045303773978327,3.8045303773978327,4.2115,26.759918254713728
673972.0,2.5,-0.17228506979954678,0.17228506979954678,001132_2014-06-17_14-48-54_260595134347_rgbf000100-resize,-3.5601526746185352,3.5601526746185352,3.753,14.398279213278778
673972.0,2.5,-0.4552260093299556,0.4552260093299556,000854_2014-06-09_19-43-13_260595134347_rgbf000066-resize,-3.517519566280641,3.517519566280641,3.068,11.910827625938722
673972.0,2.5,-0.07941150260640056,0.07941150260640056,002660_2014-06-13_15-44-18_094959634447_rgbf001878-resize,-3.3831526746185347,3.3831526746185347,3.576,15.11997681444361
673972.0,2.5,-0.27149600422194,0.27149600422194,000739_2014-06-08_18-45-58_260595134347_rgbf000068-resize,-3.5552749718392365,3.5552749718392365,3.534,8.164356963721069
673972.0,2.5,-0.6744932652443778,0.6744932652443778,000734_2014-06-08_17-39-11_260595134347_rgbf000128-resize,-4.226336120449588,4.226336120449588,4.098,16.052231618370055
673972.0,2.5,-0.30388819609850604,0.30388819609850604,000522_2014-06-08_13-35-06_260595134347_rgbf000244-resize,-3.0351418635013427,3.0351418635013427,2.3715,25.742609854068213
673972.0,2.5,-0.4055184066207726,0.4055184066207726,002989_2014-06-15_12-25-03_094959634447_rgbf000150-resize,-4.004652674618535,4.004652674618535,4.1975,27.906783421951957
673972.0,2.5,-0.3184983514368885,0.3184983514368885,000866_2014-06-09_20-45-42_260595134347_rgbf000139-resize,-3.4508972690599387,3.4508972690599387,3.2155,8.082259189449621
673972.0,2.5,-0.5983082639666852,0.5983082639666852,000773_2014-06-08_22-24-54_260595134347_rgbf000093-resize,-4.566030377397833,4.566030377397833,4.973,21.45352631724976
673972.0,2.5,-0.492357815493478,0.492357815493478,002414_2014-06-28_20-24-58_260595134347_rgbf000067-resize,-4.170152674618535,4.170152674618535,4.363,31.720662178139435
673972.0,2.5,-0.11442724157880567,0.11442724157880567,001059_2014-06-08_21-53-27_260595134347_rgbf000061-resize,-2.8680195662806405,2.8680195662806405,2.4185,8.755513319222857
673972.0,2.5,-0.13428449110888846,0.13428449110888846,001032_2014-06-08_13-23-17_260595134347_rgbf000021-resize,-3.2937749718392366,3.2937749718392366,3.2725,15.984983178828962
673972.0,2.5,-0.565132205546548,0.565132205546548,003292_2014-05-14_21-53-49_094959634447_rgbf000100-resize,-3.8239584176702897,3.8239584176702897,3.4815,33.084282711345374
673972.0,2.5,-0.6427483453845768,0.6427483453845768,002639_2014-06-24_14-51-37_094959634447_rgbf000074-resize,-4.165836120449588,4.165836120449588,4.0375,16.521406794569987
673972.0,2.5,-0.011621852035429758,0.011621852035429758,001570_2014-06-20_17-21-09_260595134347_rgbf000135-resize,-3.7388469315667794,3.7388469315667794,4.467,22.179510675592084
673972.0,2.5,-0.3727240679226249,0.3727240679226249,001392_2014-06-19_16-07-59_260595134347_rgbf000046-resize,-3.9421526746185354,3.9421526746185354,4.135,18.95235574822112
673972.0,2.5,-0.33910181089653424,0.33910181089653424,000447_2014-06-08_16-15-46_260595134347_rgbf000130-resize,-4.072030377397833,4.072030377397833,4.479,19.081432914605553
673972.0,2.5,-0.6953504646563953,0.6953504646563953,001447_2014-06-19_17-00-32_260595134347_rgbf000082-resize,-4.266086120449588,4.266086120449588,4.13775,46.830399423560245
673972.0,2.5,-0.6335046492502918,0.6335046492502918,000742_2014-06-08_18-48-09_260595134347_rgbf000164-resize,-4.439152674618534,4.439152674618534,4.632,18.91549953899407
673972.0,2.5,-0.07898892868521408,0.07898892868521408,002758_2014-06-22_19-11-20_094959634447_rgbf000128-resize,-2.8974584176702898,2.8974584176702898,2.555,7.204478276142114
673972.0,2.5,-0.013924960708085077,0.013924960708085077,000502_2014-06-08_23-02-32_260595134347_rgbf000063-resize,-2.7734584176702897,2.7734584176702897,2.431,13.897287578908273
673972.0,2.5,-0.5897322669487598,0.5897322669487598,003083_2014-06-15_15-21-03_094959634447_rgbf000063-resize,-4.161774971839237,4.161774971839237,4.1405,19.172834459547143
673972.0,2.5,-0.2781365803599636,0.2781365803599636,001806_2014-06-26_20-50-20_260595134347_rgbf000091-resize,-3.1800195662806408,3.1800195662806408,2.7305,13.909869710567438
673972.0,2.5,-0.5134074735590788,0.5134074735590788,001617_2014-06-20_11-35-32_260595134347_rgbf000066-resize,-3.919336120449588,3.919336120449588,3.7910000000000004,19.974169961071475
673972.0,2.5,-0.4362956160406305,0.4362956160406305,000493_2014-06-09_21-01-18_260595134347_rgbf000196-resize,-3.6753972690599386,3.6753972690599386,3.44,19.629285382994567
673972.0,2.5,-0.19668405779097406,0.19668405779097406,000191_2014-05-12_17-07-38_260595134347_rgbf000199-resize,-3.6066526746185352,3.6066526746185352,3.7995,12.340757267219296
673972.0,2.5,-0.3325837973560907,0.3325837973560907,000506_2014-06-08_23-21-00_260595134347_rgbf000070-resize,-3.865652674618535,3.865652674618535,4.0585,16.716212007621664
673972.0,2.5,-0.3355309804603235,0.3355309804603235,001449_2014-06-19_17-01-27_260595134347_rgbf000116-resize,-3.580336120449588,3.580336120449588,3.452,8.994872108877228
673972.0,2.5,-0.521607494026494,0.521607494026494,001450_2014-06-19_17-02-03_260595134347_rgbf000203-resize,-4.031941638505937,4.031941638505937,4.0106666666667,12.34882649363641
673972.0,2.5,-0.1498451273728041,0.1498451273728041,000368_2014-06-09_15-53-01_260595134347_rgbf000155-resize,-2.9355195662806413,2.9355195662806413,2.4859999999999998,21.090700959072958
673972.0,2.5,-0.19999253351759996,0.19999253351759996,001828_2014-06-26_21-40-03_260595134347_rgbf000024-resize,-4.097846931566782,4.097846931566782,4.8260000000000005,35.55232951340613
673972.0,2.5,-0.019131200700592127,0.019131200700592127,000906_2014-06-08_13-35-43_260595134347_rgbf000155-resize,-2.977336120449588,2.977336120449588,2.8489999999999998,16.12201726422563
673972.0,2.5,-0.06685933074550356,0.06685933074550356,002805_2014-06-22_19-54-03_094959634447_rgbf000079-resize,-3.165274971839237,3.165274971839237,3.1439999999999997,7.377848172936663
673972.0,2.5,-0.6424859906749851,0.6424859906749851,002570_2014-06-24_13-59-54_094959634447_rgbf000059-resize,-4.165336120449588,4.165336120449588,4.037,41.596140375002705
673972.0,2.5,-0.6912226853590353,0.6912226853590353,002467_2014-06-28_20-38-07_260595134347_rgbf000026-resize,-4.549152674618535,4.549152674618535,4.742,15.331046216195933
673972.0,2.5,-0.053479240556654775,0.053479240556654775,003010_2014-06-15_12-54-35_094959634447_rgbf000112-resize,-3.1397749718392367,3.1397749718392367,3.1185,6.696951333567531
673972.0,2.5,-0.4810357087821191,0.4810357087821191,002663_2014-06-13_15-50-26_094959634447_rgbf000075-resize,-4.342530377397833,4.342530377397833,4.7495,16.725954086732166
673972.0,2.5,-0.3761755333464304,0.3761755333464304,000409_2014-06-04_19-23-33_260595134347_rgbf000067-resize,-3.754774971839237,3.754774971839237,3.7335,12.696549983566419
673972.0,2.5,-0.15166118324030048,0.15166118324030048,001092_2014-06-15_17-34-58_260595134347_rgbf000171-resize,-3.0359584176702894,3.0359584176702894,2.6935,9.164038324933468
948666.0,2.5,-0.6356142081484052,0.6356142081484052,001029_2014-06-08_13-17-57_260595134347_rgbf000065-resize,-3.7052747691019463,3.7052747691019463,3.0835,18.209734661918688
948666.0,2.5,-0.5224317543433457,0.5224317543433457,000677_2014-06-08_23-10-32_260595134347_rgbf000158-resize,-3.816667114738893,3.816667114738893,3.556,19.65196273325612
948666.0,2.5,-0.2941359502423392,0.2941359502423392,001516_2014-06-20_16-25-09_260595134347_rgbf000076-resize,-2.7273824234649986,2.7273824234649986,1.7445,3.8622659094666254
948666.0,2.5,-0.0002855150568861209,0.0002855150568861209,001417_2014-06-19_16-25-36_260595134347_rgbf000115-resize,-3.802844151649735,3.802844151649735,4.6255,49.17091269608214
948666.0,2.5,-0.4469811719566549,0.4469811719566549,000682_2014-06-08_23-14-58_260595134347_rgbf000041-resize,-3.345774769101946,3.345774769101946,2.7239999999999998,8.707843071693064
948666.0,2.5,-0.4022260905914359,0.4022260905914359,001650_2014-06-20_12-09-00_260595134347_rgbf000087-resize,-2.933382423464998,2.933382423464998,1.9505,47.6804595860539
948666.0,2.5,-0.08939170279205666,0.08939170279205666,001244_2014-06-17_16-47-45_260595134347_rgbf000030-resize,-2.664274769101946,2.664274769101946,2.0425,6.7629638807870815
948666.0,2.5,-0.9539108380871713,0.9539108380871713,003495_2014-05-21_16-01-51_094959634447_rgbf000100-resize,-3.3305977321911038,3.3305977321911038,1.6255,12.747278812179
948666.0,2.5,-0.6217094085403913,0.6217094085403913,000665_2014-06-09_20-42-35_260595134347_rgbf000110-resize,-3.6787747691019463,3.6787747691019463,3.057,18.49880761375764
948666.0,2.5,-0.40347749692741774,0.40347749692741774,002375_2014-06-28_20-13-44_260595134347_rgbf000032-resize,-3.91705946037584,3.91705946037584,4.0175,48.76103649676905
948666.0,2.5,-0.5996716129352287,0.5996716129352287,002568_2014-06-24_13-59-21_094959634447_rgbf000062-resize,-3.6367747691019465,3.6367747691019465,3.015,29.63840999388049
948666.0,2.5,-0.05795634440372852,0.05795634440372852,000788_2014-06-08_22-34-36_260595134347_rgbf000131-resize,-3.25855946037584,3.25855946037584,3.359,21.46386213810664
948666.0,2.5,-0.2161562342835992,0.2161562342835992,001235_2014-06-17_16-37-36_260595134347_rgbf000084-resize,-3.56005946037584,3.56005946037584,3.6605,14.547706659434104
948666.0,2.5,-0.14731172639842788,0.14731172639842788,001094_2014-06-15_17-36-00_260595134347_rgbf000205-resize,-3.7559518060127877,3.7559518060127877,4.2175,17.196771274488466
948666.0,2.5,-0.07028701575423367,0.07028701575423367,000780_2014-06-08_22-28-29_260595134347_rgbf000126-resize,-3.28205946037584,3.28205946037584,3.3825,14.165390776882042
948666.0,2.5,-0.7006309693636291,0.7006309693636291,000470_2014-06-09_19-42-40_260595134347_rgbf000094-resize,-3.1749900778280513,3.1749900778280513,1.831,22.486379427626872
948666.0,2.5,-0.8117145854920065,0.8117145854920065,000109_2014-05-14_23-41-52_260595134347_rgbf000035-resize,-3.0595977321911043,3.0595977321911043,1.3545,6.620498200896815
948666.0,2.5,-0.7865285333718284,0.7865285333718284,002509_2014-06-24_13-19-22_094959634447_rgbf000077-resize,-3.0115977321911043,3.0115977321911043,1.3065,40.21868783296904
948666.0,2.5,-0.6282210695181232,0.6282210695181232,003338_2014-05-20_11-01-23_094959634447_rgbf000051-resize,-3.0369900778280514,3.0369900778280514,1.693,28.251495663089063
948666.0,2.5,-0.32570596696244103,0.32570596696244103,002784_2014-06-22_19-26-30_094959634447_rgbf000083-resize,-2.7875490901316984,2.7875490901316984,1.8046666666667,3.0422522474895675
948666.0,2.5,-0.9152371218043112,0.9152371218043112,001100_2014-06-15_17-46-26_260595134347_rgbf000225-resize,-3.583990077828052,3.583990077828052,2.24,9.548860596737413
948666.0,2.5,-0.6067079833321323,0.6067079833321323,000469_2014-06-09_19-42-10_260595134347_rgbf000081-resize,-2.9959900778280515,2.9959900778280515,1.652,25.13136208408983
948666.0,2.5,-0.4414245162934701,0.4414245162934701,000483_2014-06-09_20-41-45_260595134347_rgbf000116-resize,-2.6809900778280507,2.6809900778280507,1.337,29.232414989368262
948666.0,2.5,-0.9882793050428332,0.9882793050428332,002964_2014-06-08_17-46-11_094959634447_rgbf000091-resize,-3.396097732191104,3.396097732191104,1.6909999999999998,28.953812917975768
948666.0,2.5,-0.4056367018160407,0.4056367018160407,002136_2014-06-25_21-18-03_260595134347_rgbf000109-resize,-2.9398824234649985,2.9398824234649985,1.9569999999999999,13.297078442475444
948666.0,2.5,-1.1716048798309329,1.1716048798309329,002103_2014-06-25_20-00-40_260595134347_rgbf000049-resize,-4.726774769101946,4.726774769101946,4.105,11.598018874569219
948666.0,2.5,-0.8836469826802409,0.8836469826802409,000929_2014-06-09_16-33-19_260595134347_rgbf000139-resize,-3.850882423464999,3.850882423464999,2.8680000000000003,19.501338012209015
948666.0,2.5,-0.9323373846892432,0.9323373846892432,000457_2014-06-08_16-52-43_260595134347_rgbf000199-resize,-4.270774769101946,4.270774769101946,3.6489999999999996,14.067279821032837
948666.0,2.5,-0.5087893094449103,0.5087893094449103,001584_2014-06-20_11-07-43_260595134347_rgbf000002-resize,-3.790667114738893,3.790667114738893,3.53,17.602834139105468
948666.0,2.5,-0.1485762931844667,0.1485762931844667,002043_2014-06-24_20-29-38_260595134347_rgbf000039-resize,-3.1041671147388934,3.1041671147388934,2.8435,8.475049543704081
948666.0,2.5,-0.568666550442283,0.568666550442283,002344_2014-06-28_20-06-29_260595134347_rgbf000030-resize,-2.9234900778280513,2.9234900778280513,1.5795,37.33165518125916
948666.0,2.5,-0.7058780635553354,0.7058780635553354,000549_2014-06-08_22-10-24_260595134347_rgbf000247-resize,-3.1849900778280515,3.1849900778280515,1.841,30.99307977870557
948666.0,2.5,-0.8620263225204098,0.8620263225204098,000736_2014-06-08_18-24-15_260595134347_rgbf000206-resize,-4.1367747691019465,4.1367747691019465,3.515,33.408170606136416
948666.0,2.5,-0.053603888314631636,0.053603888314631636,001056_2014-06-08_18-46-44_260595134347_rgbf000068-resize,-2.9231671147388933,2.9231671147388933,2.6625,11.38594592369452
948666.0,2.5,-1.148315677889793,1.148315677889793,002199_2014-06-28_18-33-56_260595134347_rgbf000074-resize,-3.7010977321911036,3.7010977321911036,1.996,17.12852126070164
948666.0,2.5,-1.2143686974933194,1.2143686974933194,000917_2014-06-09_22-45-29_260595134347_rgbf000149-resize,-4.8082747691019465,4.8082747691019465,4.1865,9.740561609074897
948666.0,2.5,-0.614255902698158,0.614255902698158,002323_2014-06-28_20-01-54_260595134347_rgbf000051-resize,-3.991667114738893,3.991667114738893,3.7310000000000003,18.09172628388976
948666.0,2.5,-0.9148199863589794,0.9148199863589794,002953_2014-06-08_17-32-18_094959634447_rgbf000059-resize,-3.256097732191104,3.256097732191104,1.551,13.905027931093345
948666.0,2.5,-0.4436781347058958,0.4436781347058958,002905_2014-06-03_18-04-43_094959634447_rgbf000151-resize,-3.0123824234649987,3.0123824234649987,2.0295,12.020604335789361
948666.0,2.5,-0.16032188790385793,0.16032188790385793,003129_2014-05-12_10-48-10_094959634447_rgbf000100-resize,-4.107844151649736,4.107844151649736,4.9305,17.9074543760639
948666.0,2.5,-0.1587609200963903,0.1587609200963903,000810_2014-06-08_17-20-01_260595134347_rgbf000105-resize,-2.4693824234649986,2.4693824234649986,1.4865,3.0958890116960642
948666.0,2.5,-0.7695226840106923,0.7695226840106923,001214_2014-06-17_16-13-55_260595134347_rgbf000111-resize,-3.6333824234649983,3.6333824234649983,2.6505,18.479282579459067
948666.0,2.5,-0.33700734187857084,0.33700734187857084,002272_2014-06-28_18-53-56_260595134347_rgbf000067-resize,-2.4819900778280517,2.4819900778280517,1.138,10.409245808146235
948666.0,2.5,-0.3547398881565219,0.3547398881565219,001571_2014-06-20_17-21-32_260595134347_rgbf000089-resize,-2.8428824234649985,2.8428824234649985,1.86,4.991960350191473
948666.0,2.5,-0.5052711242464663,0.5052711242464663,001133_2014-06-17_14-49-16_260595134347_rgbf000100-resize,-4.1110594603758415,4.1110594603758415,4.2115,26.759918254713728
948666.0,2.5,-0.26469185555685226,0.26469185555685226,001132_2014-06-17_14-48-54_260595134347_rgbf000100-resize,-3.65255946037584,3.65255946037584,3.753,14.398279213278778
948666.0,2.5,-0.4158685354898617,0.4158685354898617,000943_2014-06-09_19-31-07_260595134347_rgbf000128-resize,-2.9593824234649984,2.9593824234649984,1.9765,15.893099149291922
948666.0,2.5,-0.9885888665143132,0.9885888665143132,000854_2014-06-09_19-43-13_260595134347_rgbf000066-resize,-4.050882423464999,4.050882423464999,3.068,11.910827625938722
948666.0,2.5,-0.6931774635214001,0.6931774635214001,002153_2014-06-25_21-27-18_260595134347_rgbf000038-resize,-3.487882423464998,3.487882423464998,2.505,17.28886317575377
948666.0,2.5,-0.532925942726759,0.532925942726759,002660_2014-06-13_15-44-18_094959634447_rgbf001878-resize,-3.836667114738893,3.836667114738893,3.576,15.11997681444361
948666.0,2.5,-0.08460895080757785,0.08460895080757785,000734_2014-06-08_17-39-11_260595134347_rgbf000128-resize,-3.636451806012788,3.636451806012788,4.098,16.052231618370055
948666.0,2.5,-0.6231287560621617,0.6231287560621617,000522_2014-06-08_13-35-06_260595134347_rgbf000244-resize,-3.3543824234649984,3.3543824234649984,2.3715,25.742609854068213
948666.0,2.5,-0.01016058049733348,0.01016058049733348,002949_2014-06-26_15-57-42_094959634447_rgbf000079-resize,-2.5132747691019457,2.5132747691019457,1.8915,17.99500168321199
948666.0,2.5,-0.9578461587309536,0.9578461587309536,001555_2014-06-20_17-12-10_260595134347_rgbf000065-resize,-3.3380977321911036,3.3380977321911036,1.633,7.608284543781994
948666.0,2.5,-0.06473036009104816,0.06473036009104816,002637_2014-06-24_14-51-13_094959634447_rgbf000066-resize,-2.617274769101946,2.617274769101946,1.9955,10.972027795242447
948666.0,2.5,-0.22365694688773105,0.22365694688773105,002414_2014-06-28_20-24-58_260595134347_rgbf000067-resize,-3.901451806012788,3.901451806012788,4.363,31.720662178139435
948666.0,2.5,-0.7347842883715975,0.7347842883715975,001032_2014-06-08_13-23-17_260595134347_rgbf000021-resize,-3.8942747691019464,3.8942747691019464,3.2725,15.984983178828962
948666.0,2.5,-0.4833409026151514,0.4833409026151514,003292_2014-05-14_21-53-49_094959634447_rgbf000100-resize,-3.742167114738893,3.742167114738893,3.4815,33.084282711345374
948666.0,2.5,-0.10402319931687792,0.10402319931687792,001392_2014-06-19_16-07-59_260595134347_rgbf000046-resize,-3.673451806012788,3.673451806012788,4.135,18.95235574822112
948666.0,2.5,-0.28452323951148945,0.28452323951148945,000447_2014-06-08_16-15-46_260595134347_rgbf000130-resize,-4.0174518060127875,4.0174518060127875,4.479,19.081432914605553
948666.0,2.5,-1.1887891133087534,1.1887891133087534,001447_2014-06-19_17-00-32_260595134347_rgbf000082-resize,-4.7595247691019456,4.7595247691019456,4.13775,46.830399423560245
948666.0,2.5,-0.8776600311216782,0.8776600311216782,001066_2014-06-08_22-03-20_260595134347_rgbf000066-resize,-4.493667114738893,4.493667114738893,4.2330000000000005,19.743449467077777
948666.0,2.5,-0.3648037806445448,0.3648037806445448,000742_2014-06-08_18-48-09_260595134347_rgbf000164-resize,-4.170451806012788,4.170451806012788,4.632,18.91549953899407
948666.0,2.5,-0.09914603380860608,0.09914603380860608,001199_2014-06-17_16-03-48_260595134347_rgbf000077-resize,-3.33705946037584,3.33705946037584,3.4375,28.282249848901696
948666.0,2.5,-0.6543489665027937,0.6543489665027937,000502_2014-06-08_23-02-32_260595134347_rgbf000063-resize,-3.4138824234649983,3.4138824234649983,2.431,13.897287578908273
948666.0,2.5,-0.8114994375443212,0.8114994375443212,001806_2014-06-26_20-50-20_260595134347_rgbf000091-resize,-3.7133824234649984,3.7133824234649984,2.7305,13.909869710567438
948666.0,2.5,-0.8226731160826376,0.8226731160826376,000493_2014-06-09_21-01-18_260595134347_rgbf000196-resize,-4.0617747691019455,4.0617747691019455,3.44,19.629285382994567
948666.0,2.5,-0.10675432038657594,0.10675432038657594,001449_2014-06-19_17-01-27_260595134347_rgbf000116-resize,-3.35155946037584,3.35155946037584,3.452,8.994872108877228
948666.0,2.5,-0.038784328200045126,0.038784328200045126,001450_2014-06-19_17-02-03_260595134347_rgbf000203-resize,-3.549118472679488,3.549118472679488,4.0106666666667,12.34882649363641
948666.0,2.5,-0.4114085054269171,0.4114085054269171,003228_2014-05-14_13-42-35_094959634447_rgbf000101-resize,-2.950882423464998,2.950882423464998,1.9680000000000002,14.40337638638131
948666.0,2.5,-0.3221003301941091,0.3221003301941091,000368_2014-06-09_15-53-01_260595134347_rgbf000155-resize,-3.107774769101946,3.107774769101946,2.4859999999999998,21.090700959072958
948666.0,2.5,-0.4581076437330789,0.4581076437330789,002209_2014-06-28_18-36-10_260595134347_rgbf000051-resize,-3.0398824234649986,3.0398824234649986,2.057,12.962068825921264
948666.0,2.5,-0.06199923902135367,0.06199923902135367,000927_2014-06-09_16-32-30_260595134347_rgbf000123-resize,-2.9391671147388934,2.9391671147388934,2.6785,11.715239650325241
948666.0,2.5,-0.7748169849642905,0.7748169849642905,002570_2014-06-24_13-59-54_094959634447_rgbf000059-resize,-4.297667114738893,4.297667114738893,4.037,41.596140375002705
948666.0,2.5,-0.06141416239023534,0.06141416239023534,002467_2014-06-28_20-38-07_260595134347_rgbf000026-resize,-3.919344151649735,3.919344151649735,4.742,15.331046216195933
948666.0,2.5,-0.9217959895439368,0.9217959895439368,001810_2014-06-26_20-51-35_260595134347_rgbf000040-resize,-3.5964900778280513,3.5964900778280513,2.2525,22.411391411207674
948666.0,2.5,-0.254460021883034,0.254460021883034,000409_2014-06-04_19-23-33_260595134347_rgbf000067-resize,-3.63305946037584,3.63305946037584,3.7335,12.696549983566419
948666.0,2.5,-0.7920851890350091,0.7920851890350091,001092_2014-06-15_17-34-58_260595134347_rgbf000171-resize,-3.6763824234649984,3.6763824234649984,2.6935,9.164038324933468
948666.0,2.5,-0.025377153653273758,0.025377153653273758,002545_2014-06-24_13-38-53_094959634447_rgbf000080-resize,-2.5422747691019456,2.5422747691019456,1.9205,12.083824048628237
948666.0,2.5,-0.34975514867440216,0.34975514867440216,001167_2014-06-17_15-38-07_260595134347_rgbf000108-resize,-2.8333824234649985,2.8333824234649985,1.8505,12.019050657019696
948666.0,2.5,-0.8130263590399314,0.8130263590399314,003587_2014-05-23_16-48-02_094959634447_rgbf002384-resize,-3.062097732191104,3.062097732191104,1.357,20.788172722830538
401645.0,2.5,-0.8660464566301908,0.8660464566301908,001808_2014-06-26_20-50-58_260595134347_rgbf000029-resize,-4.489658189540669,4.489658189540669,4.249,20.030651550568866
401645.0,2.5,-0.26832567461883905,0.26832567461883905,001815_2014-06-26_20-52-55_260595134347_rgbf000020-resize,-3.4819992815637573,3.4819992815637573,3.3865,18.626322656731816
401645.0,2.5,-0.1093387206102169,0.1093387206102169,001029_2014-06-08_13-17-57_260595134347_rgbf000065-resize,-3.1789992815637573,3.1789992815637573,3.0835,18.209734661918688
401645.0,2.5,-1.353917368901643,1.353917368901643,001417_2014-06-19_16-25-36_260595134347_rgbf000115-resize,-5.1564760054944925,5.1564760054944925,4.6255,49.17091269608214
401645.0,2.5,-0.9797995530331854,0.9797995530331854,003081_2014-06-15_15-19-16_094959634447_rgbf000150-resize,-4.443476005494492,4.443476005494492,3.9125,16.632991649560594
401645.0,2.5,-1.1594357755227276,1.1594357755227276,001158_2014-06-17_15-32-16_260595134347_rgbf000138-resize,-4.9173170975175795,4.9173170975175795,4.5315,26.954451973303737
401645.0,2.5,-1.6124135114193558,1.6124135114193558,000556_2014-06-09_22-42-56_260595134347_rgbf000214-resize,-5.517634913471404,5.517634913471404,4.8415,23.88242025565649
401645.0,2.5,-0.4621290514259853,0.4621290514259853,001150_2014-06-17_15-27-34_260595134347_rgbf000108-resize,-3.982840373586846,3.982840373586846,4.0325,11.088139074292139
401645.0,2.5,-0.3857517369560259,0.3857517369560259,000665_2014-06-09_20-42-35_260595134347_rgbf000110-resize,-3.4428170975175805,3.4428170975175805,3.057,18.49880761375764
401645.0,2.5,-0.8897351340691579,0.8897351340691579,002375_2014-06-28_20-13-44_260595134347_rgbf000032-resize,-4.40331709751758,4.40331709751758,4.0175,48.76103649676905
401645.0,2.5,-0.5442139815454687,0.5442139815454687,000788_2014-06-08_22-34-36_260595134347_rgbf000131-resize,-3.744817097517581,3.744817097517581,3.359,21.46386213810664
401645.0,2.5,-0.557254963448428,0.557254963448428,001235_2014-06-17_16-37-36_260595134347_rgbf000084-resize,-3.9011581895406686,3.9011581895406686,3.6605,14.547706659434104
401645.0,2.5,-0.12204059422727433,0.12204059422727433,000692_2014-06-08_13-09-42_260595134347_rgbf000199-resize,-3.466181465609935,3.466181465609935,3.661,54.80046590295557
401645.0,2.5,-0.9946770179032204,0.9946770179032204,001094_2014-06-15_17-36-00_260595134347_rgbf000205-resize,-4.6033170975175794,4.6033170975175794,4.2175,17.196771274488466
401645.0,2.5,-0.2662268369421509,0.2662268369421509,000780_2014-06-08_22-28-29_260595134347_rgbf000126-resize,-3.4779992815637573,3.4779992815637573,3.3825,14.165390776882042
401645.0,2.5,-0.10222304947075199,0.10222304947075199,001100_2014-06-15_17-46-26_260595134347_rgbf000225-resize,-2.7709760054944916,2.7709760054944916,2.24,9.548860596737413
401645.0,2.5,-0.6591574383244518,0.6591574383244518,002039_2014-06-24_20-22-38_260595134347_rgbf000084-resize,-4.358340373586846,4.358340373586846,4.408,15.524303639345458
401645.0,2.5,-0.7904883002696559,0.7904883002696559,002103_2014-06-25_20-00-40_260595134347_rgbf000049-resize,-4.34565818954067,4.34565818954067,4.105,11.598018874569219
401645.0,2.5,-0.3801976284591001,0.3801976284591001,000691_2014-06-08_13-08-50_260595134347_rgbf000132-resize,-3.9581814656099352,3.9581814656099352,4.1530000000000005,14.740846212587924
401645.0,2.5,-0.6963797131048779,0.6963797131048779,000457_2014-06-08_16-52-43_260595134347_rgbf000199-resize,-4.03481709751758,4.03481709751758,3.6489999999999996,14.067279821032837
401645.0,2.5,-0.5815771978635428,0.5815771978635428,003621_2014-05-23_18-06-08_094959634447_rgbf000101-resize,-4.078999281563759,4.078999281563759,3.9835,23.07176470133362
401645.0,2.5,-0.4887803842466861,0.4887803842466861,001584_2014-06-20_11-07-43_260595134347_rgbf000002-resize,-3.7706581895406686,3.7706581895406686,3.53,17.602834139105468
401645.0,2.5,-0.8691947131452039,0.8691947131452039,001175_2014-06-17_15-45-55_260595134347_rgbf000129-resize,-4.495658189540669,4.495658189540669,4.255,15.34903910495583
401645.0,2.5,-0.6940185207186085,0.6940185207186085,003490_2014-05-21_15-50-11_094959634447_rgbf000101-resize,-4.03031709751758,4.03031709751758,3.6445,19.999457360175192
401645.0,2.5,-0.301753570293123,0.301753570293123,003048_2014-06-15_13-49-43_094959634447_rgbf000150-resize,-3.808681465609935,3.808681465609935,4.0035,24.355606534500392
401645.0,2.5,-0.6260686509360445,0.6260686509360445,000736_2014-06-08_18-24-15_260595134347_rgbf000206-resize,-3.9008170975175807,3.9008170975175807,3.515,33.408170606136416
401645.0,2.5,-0.477947087577392,0.477947087577392,000137_2014-05-20_17-04-49_260595134347_rgbf000120-resize,-3.8814992815637575,3.8814992815637575,3.786,14.89611111351161
401645.0,2.5,-0.2936652338916272,0.2936652338916272,000642_2014-06-08_16-59-25_260595134347_rgbf000098-resize,-3.2673170975175805,3.2673170975175805,2.8815,31.36214301237791
401645.0,2.5,-0.6808240316630444,0.6808240316630444,002425_2014-06-28_20-27-29_260595134347_rgbf000031-resize,-4.136658189540669,4.136658189540669,3.8960000000000004,8.40495801096819
401645.0,2.5,-0.0335949631164075,0.0335949631164075,001056_2014-06-08_18-46-44_260595134347_rgbf000068-resize,-2.9031581895406693,2.9031581895406693,2.6625,11.38594592369452
401645.0,2.5,-0.8332521179320426,0.8332521179320426,000917_2014-06-09_22-45-29_260595134347_rgbf000149-resize,-4.427158189540669,4.427158189540669,4.1865,9.740561609074897
401645.0,2.5,-0.15877025356919938,0.15877025356919938,002323_2014-06-28_20-01-54_260595134347_rgbf000051-resize,-3.536181465609934,3.536181465609934,3.7310000000000003,18.09172628388976
401645.0,2.5,-0.6177053942099859,0.6177053942099859,000414_2014-06-04_19-49-13_260595134347_rgbf000044-resize,-4.279340373586845,4.279340373586845,4.329,13.241348366125557
401645.0,2.5,-0.9333181098409692,0.9333181098409692,003129_2014-05-12_10-48-10_094959634447_rgbf000100-resize,-4.880840373586847,4.880840373586847,4.9305,17.9074543760639
401645.0,2.5,-0.9926870277835264,0.9926870277835264,002988_2014-06-15_12-24-20_094959634447_rgbf000150-resize,-4.862499281563758,4.862499281563758,4.7669999999999995,14.460306569198616
401645.0,2.5,-0.1724573580632744,0.1724573580632744,001214_2014-06-17_16-13-55_260595134347_rgbf000111-resize,-3.0363170975175806,3.0363170975175806,2.6505,18.479282579459067
401645.0,2.5,-1.0872114768104846,1.0872114768104846,002748_2014-06-22_19-07-22_094959634447_rgbf000078-resize,-4.911158189540669,4.911158189540669,4.6705,35.71435075733748
401645.0,2.5,-0.5041825585359178,0.5041825585359178,002995_2014-06-15_12-31-26_094959634447_rgbf000150-resize,-3.931499281563757,3.931499281563757,3.8360000000000003,27.231594395483473
401645.0,2.5,-0.7943468673371267,0.7943468673371267,002444_2014-06-28_20-32-08_260595134347_rgbf000027-resize,-4.484499281563756,4.484499281563756,4.388999999999999,17.102760279009576
401645.0,2.5,-0.41089312948056056,0.41089312948056056,001133_2014-06-17_14-49-16_260595134347_rgbf000100-resize,-4.016681465609935,4.016681465609935,4.2115,26.759918254713728
401645.0,2.5,-0.605790584721681,0.605790584721681,001132_2014-06-17_14-48-54_260595134347_rgbf000100-resize,-3.993658189540669,3.993658189540669,3.753,14.398279213278778
401645.0,2.5,-0.03482998308802712,0.03482998308802712,003070_2014-06-15_14-58-27_094959634447_rgbf000150-resize,-3.036999281563757,3.036999281563757,2.9415,10.664823740812926
401645.0,2.5,-0.2654397728133907,0.2654397728133907,000758_2014-06-08_22-05-08_260595134347_rgbf000085-resize,-3.476499281563757,3.476499281563757,3.3810000000000002,11.91317737826679
401645.0,2.5,-0.8032348334823577,0.8032348334823577,002660_2014-06-13_15-44-18_094959634447_rgbf001878-resize,-4.1069760054944915,4.1069760054944915,3.576,15.11997681444361
401645.0,2.5,-0.34572031394646074,0.34572031394646074,000739_2014-06-08_18-45-58_260595134347_rgbf000068-resize,-3.629499281563757,3.629499281563757,3.534,8.164356963721069
401645.0,2.5,-0.7868153343354591,0.7868153343354591,000734_2014-06-08_17-39-11_260595134347_rgbf000128-resize,-4.338658189540669,4.338658189540669,4.098,16.052231618370055
401645.0,2.5,-0.9841828295198184,0.9841828295198184,002989_2014-06-15_12-25-03_094959634447_rgbf000150-resize,-4.58331709751758,4.58331709751758,4.1975,27.906783421951957
401645.0,2.5,-0.17860036394070736,0.17860036394070736,000866_2014-06-09_20-45-42_260595134347_rgbf000139-resize,-3.310999281563757,3.310999281563757,3.2155,8.082259189449621
401645.0,2.5,-1.1007771681326102,1.1007771681326102,000773_2014-06-08_22-24-54_260595134347_rgbf000093-resize,-5.068499281563757,5.068499281563757,4.973,21.45352631724976
401645.0,2.5,-1.216181146369435,1.216181146369435,002414_2014-06-28_20-24-58_260595134347_rgbf000067-resize,-4.893976005494492,4.893976005494492,4.363,31.720662178139435
401645.0,2.5,-0.4633319774169272,0.4633319774169272,003292_2014-05-14_21-53-49_094959634447_rgbf000100-resize,-3.722158189540669,3.722158189540669,3.4815,33.084282711345374
401645.0,2.5,-0.7550704144756579,0.7550704144756579,002639_2014-06-24_14-51-37_094959634447_rgbf000074-resize,-4.278158189540669,4.278158189540669,4.0375,16.521406794569987
401645.0,2.5,-0.399797478101673,0.399797478101673,001570_2014-06-20_17-21-09_260595134347_rgbf000135-resize,-4.127022557633023,4.127022557633023,4.467,22.179510675592084
401645.0,2.5,-0.3707528589140247,0.3707528589140247,001392_2014-06-19_16-07-59_260595134347_rgbf000046-resize,-3.940181465609935,3.940181465609935,4.135,18.95235574822112
401645.0,2.5,-0.5512528991086362,0.5512528991086362,000447_2014-06-08_16-15-46_260595134347_rgbf000130-resize,-4.284181465609935,4.284181465609935,4.479,19.081432914605553
401645.0,2.5,-0.8076725337474765,0.8076725337474765,001447_2014-06-19_17-00-32_260595134347_rgbf000082-resize,-4.378408189540669,4.378408189540669,4.13775,46.830399423560245
401645.0,2.5,-0.4221743819927196,0.4221743819927196,001066_2014-06-08_22-03-20_260595134347_rgbf000066-resize,-4.038181465609935,4.038181465609935,4.2330000000000005,19.743449467077777
401645.0,2.5,-1.3573279801262488,1.3573279801262488,000742_2014-06-08_18-48-09_260595134347_rgbf000164-resize,-5.162976005494492,5.162976005494492,4.632,18.91549953899407
401645.0,2.5,-0.5854036709503463,0.5854036709503463,001199_2014-06-17_16-03-48_260595134347_rgbf000077-resize,-3.823317097517581,3.823317097517581,3.4375,28.282249848901696
401645.0,2.5,-0.3736387607194577,0.3736387607194577,003083_2014-06-15_15-21-03_094959634447_rgbf000063-resize,-3.945681465609935,3.945681465609935,4.1405,19.172834459547143
401645.0,2.5,-0.35959301957381473,0.35959301957381473,001806_2014-06-26_20-50-20_260595134347_rgbf000091-resize,-3.2614760054944916,3.2614760054944916,2.7305,13.909869710567438
401645.0,2.5,-0.4805706346732485,0.4805706346732485,001617_2014-06-20_11-35-32_260595134347_rgbf000066-resize,-3.886499281563757,3.886499281563757,3.7910000000000004,19.974169961071475
401645.0,2.5,-0.7318743524751837,0.7318743524751837,000493_2014-06-09_21-01-18_260595134347_rgbf000196-resize,-3.9709760054944914,3.9709760054944914,3.44,19.629285382994567
401645.0,2.5,-0.7753484806900197,0.7753484806900197,000191_2014-05-12_17-07-38_260595134347_rgbf000199-resize,-4.18531709751758,4.18531709751758,3.7995,12.340757267219296
401645.0,2.5,-0.475771496324402,0.475771496324402,000506_2014-06-08_23-21-00_260595134347_rgbf000070-resize,-4.008840373586846,4.008840373586846,4.0585,16.716212007621664
401645.0,2.5,-0.1575352335975817,0.1575352335975817,001449_2014-06-19_17-01-27_260595134347_rgbf000116-resize,-3.402340373586846,3.402340373586846,3.452,8.994872108877228
401645.0,2.5,-0.30551398779719185,0.30551398779719185,001450_2014-06-19_17-02-03_260595134347_rgbf000203-resize,-3.8158481322766344,3.8158481322766344,4.0106666666667,12.34882649363641
401645.0,2.5,-0.07231461257803684,0.07231461257803684,002678_2014-06-13_16-15-32_094959634447_rgbf000151-resize,-2.7139760054944913,2.7139760054944913,2.1830000000000003,32.96558503300821
401645.0,2.5,-0.2324919269626412,0.2324919269626412,000009_2014-05-26_14-32-05_260595134347_rgbf000034-resize,-3.676681465609935,3.676681465609935,3.8715,34.796526826055185
401645.0,2.5,-1.0236448835145775,1.0236448835145775,001828_2014-06-26_21-40-03_260595134347_rgbf000024-resize,-4.921499281563758,4.921499281563758,4.8260000000000005,35.55232951340613
401645.0,2.5,-0.14108364047002436,0.14108364047002436,002805_2014-06-22_19-54-03_094959634447_rgbf000079-resize,-3.239499281563757,3.239499281563757,3.1439999999999997,7.377848172936663
401645.0,2.5,-0.3193313358353319,0.3193313358353319,002570_2014-06-24_13-59-54_094959634447_rgbf000059-resize,-3.842181465609935,3.842181465609935,4.037,41.596140375002705
401645.0,2.5,-0.689251476350435,0.689251476350435,002467_2014-06-28_20-38-07_260595134347_rgbf000026-resize,-4.547181465609935,4.547181465609935,4.742,15.331046216195933
401645.0,2.5,-0.4180213662349985,0.4180213662349985,003010_2014-06-15_12-54-35_094959634447_rgbf000112-resize,-3.5043170975175806,3.5043170975175806,3.1185,6.696951333567531
401645.0,2.5,-1.273822428901867,1.273822428901867,002663_2014-06-13_15-50-26_094959634447_rgbf000075-resize,-5.1353170975175795,5.1353170975175795,4.7495,16.725954086732166
401645.0,2.5,-0.5955587510478627,0.5955587510478627,000409_2014-06-04_19-23-33_260595134347_rgbf000067-resize,-3.9741581895406686,3.9741581895406686,3.7335,12.696549983566419
401645.0,2.5,-0.1950198630875912,0.1950198630875912,001092_2014-06-15_17-34-58_260595134347_rgbf000171-resize,-3.0793170975175803,3.0793170975175803,2.6935,9.164038324933468
270671.0,2.5,-0.4269043704283816,0.4269043704283816,001808_2014-06-26_20-50-58_260595134347_rgbf000029-resize,-4.050516103338859,4.050516103338859,4.249,20.030651550568866
270671.0,2.5,-1.8475342711334648,1.8475342711334648,001815_2014-06-26_20-52-55_260595134347_rgbf000020-resize,-5.061207878078383,5.061207878078383,3.3865,18.626322656731816
270671.0,2.5,-0.06328074294331235,0.06328074294331235,000677_2014-06-08_23-10-32_260595134347_rgbf000158-resize,-3.3575161033388596,3.3575161033388596,3.556,19.65196273325612
270671.0,2.5,-1.8732519832390269,1.8732519832390269,001417_2014-06-19_16-25-36_260595134347_rgbf000115-resize,-5.675810619831876,5.675810619831876,4.6255,49.17091269608214
270671.0,2.5,-2.1235314256170765,2.1235314256170765,003081_2014-06-15_15-19-16_094959634447_rgbf000150-resize,-5.587207878078384,5.587207878078384,3.9125,16.632991649560594
270671.0,2.5,-1.0940515452048207,1.0940515452048207,001650_2014-06-20_12-09-00_260595134347_rgbf000087-resize,-3.6252078780783834,3.6252078780783834,1.9505,47.6804595860539
270671.0,2.5,-1.3621919595333205,1.3621919595333205,000556_2014-06-09_22-42-56_260595134347_rgbf000214-resize,-5.267413361585367,5.267413361585367,4.8415,23.88242025565649
270671.0,2.5,-0.3133047811779991,0.3133047811779991,001150_2014-06-17_15-27-34_260595134347_rgbf000108-resize,-3.83401610333886,3.83401610333886,4.0325,11.088139074292139
270671.0,2.5,-0.4258480010238131,0.4258480010238131,000665_2014-06-09_20-42-35_260595134347_rgbf000110-resize,-3.482913361585368,3.482913361585368,3.057,18.49880761375764
270671.0,2.5,-0.3054341398904373,0.3054341398904373,002375_2014-06-28_20-13-44_260595134347_rgbf000032-resize,-3.8190161033388597,3.8190161033388597,4.0175,48.76103649676905
270671.0,2.5,-1.991304651986142,1.991304651986142,001235_2014-06-17_16-37-36_260595134347_rgbf000084-resize,-5.335207878078383,5.335207878078383,3.6605,14.547706659434104
270671.0,2.5,-1.9915670066957232,1.9915670066957232,000692_2014-06-08_13-09-42_260595134347_rgbf000199-resize,-5.335707878078384,5.335707878078384,3.661,54.80046590295557
270671.0,2.5,-2.2835677984640235,2.2835677984640235,001094_2014-06-15_17-36-00_260595134347_rgbf000205-resize,-5.892207878078383,5.892207878078383,4.2175,17.196771274488466
270671.0,2.5,-0.7721423165438023,0.7721423165438023,000483_2014-06-09_20-41-45_260595134347_rgbf000116-resize,-3.0117078780783832,3.0117078780783832,1.337,29.232414989368262
270671.0,2.5,-1.0974621564294256,1.0974621564294256,002136_2014-06-25_21-18-03_260595134347_rgbf000109-resize,-3.631707878078384,3.631707878078384,1.9569999999999999,13.297078442475444
270671.0,2.5,-0.5103331680764657,0.5103331680764657,002039_2014-06-24_20-22-38_260595134347_rgbf000084-resize,-4.20951610333886,4.20951610333886,4.408,15.524303639345458
270671.0,2.5,-0.35134621406784683,0.35134621406784683,002103_2014-06-25_20-00-40_260595134347_rgbf000049-resize,-3.906516103338861,3.906516103338861,4.105,11.598018874569219
270671.0,2.5,-1.0009295244345329,1.0009295244345329,000691_2014-06-08_13-08-50_260595134347_rgbf000132-resize,-4.578913361585368,4.578913361585368,4.1530000000000005,14.740846212587924
270671.0,2.5,-0.9119912778851528,0.9119912778851528,003621_2014-05-23_18-06-08_094959634447_rgbf000101-resize,-4.409413361585368,4.409413361585368,3.9835,23.07176470133362
270671.0,2.5,-0.6740355562913847,0.6740355562913847,001584_2014-06-20_11-07-43_260595134347_rgbf000002-resize,-3.955913361585368,3.955913361585368,3.53,17.602834139105468
270671.0,2.5,-0.8599436926849625,0.8599436926849625,002279_2014-06-28_18-55-32_260595134347_rgbf000040-resize,-3.1790412114116835,3.1790412114116835,1.5043333333333,15.963772282558683
270671.0,2.5,-0.2980882080220483,0.2980882080220483,003048_2014-06-15_13-49-43_094959634447_rgbf000150-resize,-3.80501610333886,3.80501610333886,4.0035,24.355606534500392
270671.0,2.5,-1.3451250022778356,1.3451250022778356,001055_2014-06-08_18-45-35_260595134347_rgbf000111-resize,-4.103707878078383,4.103707878078383,2.4290000000000003,8.406298609581565
270671.0,2.5,-1.9149594314968472,1.9149594314968472,000736_2014-06-08_18-24-15_260595134347_rgbf000206-resize,-5.189707878078384,5.189707878078384,3.515,33.408170606136416
270671.0,2.5,-2.057155684092017,2.057155684092017,000137_2014-05-20_17-04-49_260595134347_rgbf000120-resize,-5.460707878078384,5.460707878078384,3.786,14.89611111351161
270671.0,2.5,-0.24168194546123525,0.24168194546123525,002425_2014-06-28_20-27-29_260595134347_rgbf000031-resize,-3.6975161033388595,3.6975161033388595,3.8960000000000004,8.40495801096819
270671.0,2.5,-0.21885013516110613,0.21885013516110613,001056_2014-06-08_18-46-44_260595134347_rgbf000068-resize,-3.088413361585368,3.088413361585368,2.6625,11.38594592369452
270671.0,2.5,-1.0185072899767411,1.0185072899767411,000917_2014-06-09_22-45-29_260595134347_rgbf000149-resize,-4.612413361585367,4.612413361585367,4.1865,9.740561609074897
270671.0,2.5,-1.168297928017428,1.168297928017428,000878_2014-06-08_22-52-45_260595134347_rgbf000045-resize,-3.766707878078384,3.766707878078384,2.092,5.576511521775202
270671.0,2.5,-0.7844938395929829,0.7844938395929829,003129_2014-05-12_10-48-10_094959634447_rgbf000100-resize,-4.73201610333886,4.73201610333886,4.9305,17.9074543760639
270671.0,2.5,-2.5718956242981523,2.5718956242981523,002988_2014-06-15_12-24-20_094959634447_rgbf000150-resize,-6.441707878078383,6.441707878078383,4.7669999999999995,14.460306569198616
270671.0,2.5,-2.2242756340977774,2.2242756340977774,001052_2014-06-08_18-24-54_260595134347_rgbf000130-resize,-5.779207878078383,5.779207878078383,4.1045,25.87613690895519
270671.0,2.5,-1.2921224003754117,1.2921224003754117,002272_2014-06-28_18-53-56_260595134347_rgbf000067-resize,-3.437105136324892,3.437105136324892,1.138,10.409245808146235
270671.0,2.5,-1.0465653427699069,1.0465653427699069,001571_2014-06-20_17-21-32_260595134347_rgbf000089-resize,-3.5347078780783834,3.5347078780783834,1.86,4.991960350191473
270671.0,2.5,-0.023672132362167364,0.023672132362167364,002748_2014-06-22_19-07-22_094959634447_rgbf000078-resize,-3.847618845092352,3.847618845092352,4.6705,35.71435075733748
270671.0,2.5,-0.21019938031102015,0.21019938031102015,002995_2014-06-15_12-31-26_094959634447_rgbf000150-resize,-3.63751610333886,3.63751610333886,3.8360000000000003,27.231594395483473
270671.0,2.5,-0.33324373910646565,0.33324373910646565,000436_2014-06-09_22-25-11_260595134347_rgbf000137-resize,-3.8720161033388596,3.8720161033388596,4.0705,20.69156545677159
270671.0,2.5,-0.5003636891122291,0.5003636891122291,002444_2014-06-28_20-32-08_260595134347_rgbf000027-resize,-4.190516103338858,4.190516103338858,4.388999999999999,17.102760279009576
270671.0,2.5,-0.07377493132672566,0.07377493132672566,002660_2014-06-13_15-44-18_094959634447_rgbf001878-resize,-3.3775161033388597,3.3775161033388597,3.576,15.11997681444361
270671.0,2.5,-1.757808960455333,1.757808960455333,000866_2014-06-09_20-45-42_260595134347_rgbf000139-resize,-4.890207878078384,4.890207878078384,3.2155,8.082259189449621
270671.0,2.5,-0.11968005493790496,0.11968005493790496,002340_2014-06-28_20-05-46_260595134347_rgbf000113-resize,-2.899413361585368,2.899413361585368,2.4735,7.91768620575396
270671.0,2.5,-1.4311912481542202,1.4311912481542202,000773_2014-06-08_22-24-54_260595134347_rgbf000093-resize,-5.398913361585366,5.398913361585366,4.973,21.45352631724976
270671.0,2.5,-1.1111185024603107,1.1111185024603107,002414_2014-06-28_20-24-58_260595134347_rgbf000067-resize,-4.788913361585368,4.788913361585368,4.363,31.720662178139435
270671.0,2.5,-0.09082103688353256,0.09082103688353256,001059_2014-06-08_21-53-27_260595134347_rgbf000061-resize,-2.844413361585368,2.844413361585368,2.4185,8.755513319222857
270671.0,2.5,-1.787717397348035,1.787717397348035,001032_2014-06-08_13-23-17_260595134347_rgbf000021-resize,-4.947207878078383,4.947207878078383,3.2725,15.984983178828962
270671.0,2.5,-0.02418989121511808,0.02418989121511808,003292_2014-05-14_21-53-49_094959634447_rgbf000100-resize,-3.2830161033388596,3.2830161033388596,3.4815,33.084282711345374
270671.0,2.5,-2.189120103013372,2.189120103013372,002639_2014-06-24_14-51-37_094959634447_rgbf000074-resize,-5.712207878078384,5.712207878078384,4.0375,16.521406794569987
270671.0,2.5,-1.1656882820540175,1.1656882820540175,001570_2014-06-20_17-21-09_260595134347_rgbf000135-resize,-4.892913361585367,4.892913361585367,4.467,22.179510675592084
270671.0,2.5,-2.2417222222851905,2.2417222222851905,001447_2014-06-19_17-00-32_260595134347_rgbf000082-resize,-5.8124578780783835,5.8124578780783835,4.13775,46.830399423560245
270671.0,2.5,-0.6278680779706168,0.6278680779706168,000742_2014-06-08_18-48-09_260595134347_rgbf000164-resize,-4.433516103338858,4.433516103338858,4.632,18.91549953899407
270671.0,2.5,-1.305771795840062,1.305771795840062,002750_2014-06-22_19-08-03_094959634447_rgbf000094-resize,-4.028707878078383,4.028707878078383,2.354,8.789636111124727
270671.0,2.5,-1.874294451511149,1.874294451511149,001199_2014-06-17_16-03-48_260595134347_rgbf000077-resize,-5.112207878078382,5.112207878078382,3.4375,28.282249848901696
270671.0,2.5,-1.3461744211161786,1.3461744211161786,000502_2014-06-08_23-02-32_260595134347_rgbf000063-resize,-4.105707878078383,4.105707878078383,2.431,13.897287578908273
270671.0,2.5,-0.36997339844838295,0.36997339844838295,003083_2014-06-15_15-21-03_094959634447_rgbf000063-resize,-3.94201610333886,3.94201610333886,4.1405,19.172834459547143
270671.0,2.5,-0.18658745644835087,0.18658745644835087,001617_2014-06-20_11-35-32_260595134347_rgbf000066-resize,-3.5925161033388595,3.5925161033388595,3.7910000000000004,19.974169961071475
270671.0,2.5,-0.19104748651129916,0.19104748651129916,000191_2014-05-12_17-07-38_260595134347_rgbf000199-resize,-3.6010161033388597,3.6010161033388597,3.7995,12.340757267219296
270671.0,2.5,-0.3316626602827298,0.3316626602827298,003079_2014-06-15_15-18-20_094959634447_rgbf000152-resize,-3.303413361585368,3.303413361585368,2.8775,9.032134209869396
270671.0,2.5,-0.12623892267753095,0.12623892267753095,000368_2014-06-09_15-53-01_260595134347_rgbf000155-resize,-2.911913361585368,2.911913361585368,2.4859999999999998,21.090700959072958
270671.0,2.5,-0.2288265646915665,0.2288265646915665,000009_2014-05-26_14-32-05_260595134347_rgbf000034-resize,-3.6730161033388598,3.6730161033388598,3.8715,34.796526826055185
270671.0,2.5,-2.602853480029204,2.602853480029204,001828_2014-06-26_21-40-03_260595134347_rgbf000024-resize,-6.500707878078384,6.500707878078384,4.8260000000000005,35.55232951340613
270671.0,2.5,-0.4714977204916345,0.4714977204916345,002805_2014-06-22_19-54-03_094959634447_rgbf000079-resize,-3.569913361585368,3.569913361585368,3.1439999999999997,7.377848172936663
270671.0,2.5,-0.9686459940231044,0.9686459940231044,001110_2014-06-15_17-25-28_260595134347_rgbf000150-resize,-3.386207878078383,3.386207878078383,1.7115,9.336195527413247
270671.0,2.5,-1.4760400023608438,1.4760400023608438,000927_2014-06-09_16-32-30_260595134347_rgbf000123-resize,-4.353207878078384,4.353207878078384,2.6785,11.715239650325241
270671.0,2.5,-0.3156659735642572,0.3156659735642572,002570_2014-06-24_13-59-54_094959634447_rgbf000059-resize,-3.8385161033388595,3.8385161033388595,4.037,41.596140375002705
270671.0,2.5,-0.6855861140793603,0.6855861140793603,002467_2014-06-28_20-38-07_260595134347_rgbf000026-resize,-4.5435161033388605,4.5435161033388605,4.742,15.331046216195933
270671.0,2.5,-1.313918692969654,1.313918692969654,002663_2014-06-13_15-50-26_094959634447_rgbf000075-resize,-5.175413361585368,5.175413361585368,4.7495,16.725954086732166
270671.0,2.5,-0.15641666484605354,0.15641666484605354,000409_2014-06-04_19-23-33_260595134347_rgbf000067-resize,-3.53501610333886,3.53501610333886,3.7335,12.696549983566419
299359.0,2.5,-0.2544091870645019,0.2544091870645019,001029_2014-06-08_13-17-57_260595134347_rgbf000065-resize,-3.3240697480180423,3.3240697480180423,3.0835,18.209734661918688
299359.0,2.5,-0.9438506310438424,0.9438506310438424,000677_2014-06-08_23-10-32_260595134347_rgbf000158-resize,-4.23808599143939,4.23808599143939,3.556,19.65196273325612
299359.0,2.5,-0.4748227868633971,0.4748227868633971,001417_2014-06-19_16-25-36_260595134347_rgbf000115-resize,-4.277381423456245,4.277381423456245,4.6255,49.17091269608214
299359.0,2.5,-0.39504913327583774,0.39504913327583774,003081_2014-06-15_15-19-16_094959634447_rgbf000150-resize,-3.858725585737144,3.858725585737144,3.9125,16.632991649560594
299359.0,2.5,-0.5072923942940989,0.5072923942940989,000682_2014-06-08_23-14-58_260595134347_rgbf000041-resize,-3.40608599143939,3.40608599143939,2.7239999999999998,8.707843071693064
299359.0,2.5,-0.6901179831276236,0.6901179831276236,001650_2014-06-20_12-09-00_260595134347_rgbf000087-resize,-3.2212743160011863,3.2212743160011863,1.9505,47.6804595860539
299359.0,2.5,-0.4440470874103988,0.4440470874103988,001244_2014-06-17_16-47-45_260595134347_rgbf000030-resize,-3.018930153720288,3.018930153720288,2.0425,6.7629638807870815
299359.0,2.5,-0.3724153407568045,0.3724153407568045,003495_2014-05-21_16-01-51_094959634447_rgbf000100-resize,-2.749102234860737,2.749102234860737,1.6255,12.747278812179
299359.0,2.5,-0.16367010129538506,0.16367010129538506,001150_2014-06-17_15-27-34_260595134347_rgbf000108-resize,-3.6843814234562458,3.6843814234562458,4.0325,11.088139074292139
299359.0,2.5,-0.6820206308778353,0.6820206308778353,000665_2014-06-09_20-42-35_260595134347_rgbf000110-resize,-3.7390859914393904,3.7390859914393904,3.057,18.49880761375764
299359.0,2.5,-1.3331761091314165,1.3331761091314165,002375_2014-06-28_20-13-44_260595134347_rgbf000032-resize,-4.8467580725798385,4.8467580725798385,4.0175,48.76103649676905
299359.0,2.5,-0.5128107541322235,0.5128107541322235,002568_2014-06-24_13-59-21_094959634447_rgbf000062-resize,-3.5499139102989408,3.5499139102989408,3.015,29.63840999388049
299359.0,2.5,-0.6933107943268288,0.6933107943268288,000788_2014-06-08_22-34-36_260595134347_rgbf000131-resize,-3.8939139102989406,3.8939139102989406,3.359,21.46386213810664
299359.0,2.5,-0.7043386030662506,0.7043386030662506,001235_2014-06-17_16-37-36_260595134347_rgbf000084-resize,-4.048241829158491,4.048241829158491,3.6605,14.547706659434104
299359.0,2.5,-0.038726882974967736,0.038726882974967736,000470_2014-06-09_19-42-40_260595134347_rgbf000094-resize,-2.5130859914393904,2.5130859914393904,1.831,22.486379427626872
299359.0,2.5,-0.08304700702119039,0.08304700702119039,000109_2014-05-14_23-41-52_260595134347_rgbf000035-resize,-2.330930153720288,2.330930153720288,1.3545,6.620498200896815
299359.0,2.5,-0.057860954901012285,0.057860954901012285,002509_2014-06-24_13-19-22_094959634447_rgbf000077-resize,-2.282930153720288,2.282930153720288,1.3065,40.21868783296904
299359.0,2.5,-0.4078332265508093,0.4078332265508093,003338_2014-05-20_11-01-23_094959634447_rgbf000051-resize,-2.8166022348607376,2.8166022348607376,1.693,28.251495663089063
299359.0,2.5,-0.31925369721773056,0.31925369721773056,002784_2014-06-22_19-26-30_094959634447_rgbf000083-resize,-2.7810968203869884,2.7810968203869884,1.8046666666667,3.0422522474895675
299359.0,2.5,-0.6948492788369973,0.6948492788369973,001100_2014-06-15_17-46-26_260595134347_rgbf000225-resize,-3.3636022348607373,3.3636022348607373,2.24,9.548860596737413
299359.0,2.5,-0.2391480592243691,0.2391480592243691,000469_2014-06-09_19-42-10_260595134347_rgbf000081-resize,-2.628430153720288,2.628430153720288,1.652,25.13136208408983
299359.0,2.5,-0.22103667332615629,0.22103667332615629,000483_2014-06-09_20-41-45_260595134347_rgbf000116-resize,-2.4606022348607373,2.4606022348607373,1.337,29.232414989368262
299359.0,2.5,-0.25961172657201725,0.25961172657201725,002964_2014-06-08_17-46-11_094959634447_rgbf000091-resize,-2.667430153720288,2.667430153720288,1.6909999999999998,28.953812917975768
299359.0,2.5,-0.5463565132117796,0.5463565132117796,002136_2014-06-25_21-18-03_260595134347_rgbf000109-resize,-3.0806022348607374,3.0806022348607374,1.9569999999999999,13.297078442475444
299359.0,2.5,-0.815585910867208,0.815585910867208,000691_2014-06-08_13-08-50_260595134347_rgbf000132-resize,-4.393569748018043,4.393569748018043,4.1530000000000005,14.740846212587924
299359.0,2.5,-0.28850638837373416,0.28850638837373416,000929_2014-06-09_16-33-19_260595134347_rgbf000139-resize,-3.2557418291584916,3.2557418291584916,2.8680000000000003,19.501338012209015
299359.0,2.5,-0.5511323636053399,0.5511323636053399,000457_2014-06-08_16-52-43_260595134347_rgbf000199-resize,-3.8895697480180416,3.8895697480180416,3.6489999999999996,14.067279821032837
299359.0,2.5,-0.3088380494673165,0.3088380494673165,002279_2014-06-28_18-55-32_260595134347_rgbf000040-resize,-2.627935568194037,2.627935568194037,1.5043333333333,15.963772282558683
299359.0,2.5,-0.3134033529738198,0.3134033529738198,000635_2014-06-08_16-38-42_260595134347_rgbf000106-resize,-2.9032580725798387,2.9032580725798387,2.074,10.796976226722654
299359.0,2.5,-0.2756510076040652,0.2756510076040652,002043_2014-06-24_20-29-38_260595134347_rgbf000039-resize,-3.2312418291584915,3.2312418291584915,2.8435,8.475049543704081
299359.0,2.5,-0.0825490304125287,0.0825490304125287,002725_2014-06-22_11-47-51_094959634447_rgbf000070-resize,-2.7299139102989405,2.7299139102989405,2.195,3.938570017428758
299359.0,2.5,-0.34827870747496914,0.34827870747496914,002344_2014-06-28_20-06-29_260595134347_rgbf000030-resize,-2.7031022348607374,2.7031022348607374,1.5795,37.33165518125916
299359.0,2.5,-0.1911460583071234,0.1911460583071234,000549_2014-06-08_22-10-24_260595134347_rgbf000247-resize,-2.670258072579839,2.670258072579839,1.841,30.99307977870557
299359.0,2.5,-0.7751654637174046,0.7751654637174046,000736_2014-06-08_18-24-15_260595134347_rgbf000206-resize,-4.04991391029894,4.04991391029894,3.515,33.408170606136416
299359.0,2.5,-0.32867339175077875,0.32867339175077875,000137_2014-05-20_17-04-49_260595134347_rgbf000120-resize,-3.732225585737144,3.732225585737144,3.786,14.89611111351161
299359.0,2.5,-0.44276204667298735,0.44276204667298735,000642_2014-06-08_16-59-25_260595134347_rgbf000098-resize,-3.4164139102989406,3.4164139102989406,2.8815,31.36214301237791
299359.0,2.5,-0.0920472655786212,0.0920472655786212,002425_2014-06-28_20-27-29_260595134347_rgbf000031-resize,-3.5478814234562464,3.5478814234562464,3.8960000000000004,8.40495801096819
299359.0,2.5,-0.18067860273423011,0.18067860273423011,001056_2014-06-08_18-46-44_260595134347_rgbf000068-resize,-3.0502418291584914,3.0502418291584914,2.6625,11.38594592369452
299359.0,2.5,-0.5668201805594262,0.5668201805594262,002199_2014-06-28_18-33-56_260595134347_rgbf000074-resize,-3.119602234860737,3.119602234860737,1.996,17.12852126070164
299359.0,2.5,-0.1756760413784345,0.1756760413784345,000878_2014-06-08_22-52-45_260595134347_rgbf000045-resize,-2.77408599143939,2.77408599143939,2.092,5.576511521775202
299359.0,2.5,-0.3333244890286127,0.3333244890286127,002953_2014-06-08_17-32-18_094959634447_rgbf000059-resize,-2.674602234860737,2.674602234860737,1.551,13.905027931093345
299359.0,2.5,-0.4372258649611853,0.4372258649611853,002905_2014-06-03_18-04-43_094959634447_rgbf000151-resize,-3.0059301537202883,3.0059301537202883,2.0295,12.020604335789361
299359.0,2.5,-0.1075529262546675,0.1075529262546675,002988_2014-06-15_12-24-20_094959634447_rgbf000150-resize,-3.9773651800348993,3.9773651800348993,4.7669999999999995,14.460306569198616
299359.0,2.5,-0.615898333125533,0.615898333125533,001214_2014-06-17_16-13-55_260595134347_rgbf000111-resize,-3.4797580725798394,3.4797580725798394,2.6505,18.479282579459067
299359.0,2.5,-0.34828761841181144,0.34828761841181144,001571_2014-06-20_17-21-32_260595134347_rgbf000089-resize,-2.836430153720288,2.836430153720288,1.86,4.991960350191473
299359.0,2.5,-0.4742446118232102,0.4742446118232102,003070_2014-06-15_14-58-27_094959634447_rgbf000150-resize,-3.4764139102989406,3.4764139102989406,2.9415,10.664823740812926
299359.0,2.5,-0.4094162657451512,0.4094162657451512,000943_2014-06-09_19-31-07_260595134347_rgbf000128-resize,-2.9529301537202883,2.9529301537202883,1.9765,15.893099149291922
299359.0,2.5,-0.31837918151909583,0.31837918151909583,000709_2014-06-08_13-51-55_260595134347_rgbf000068-resize,-2.779430153720288,2.779430153720288,1.8030000000000002,14.429351101546246
299359.0,2.5,-0.4105102392676757,0.4105102392676757,000758_2014-06-08_22-05-08_260595134347_rgbf000085-resize,-3.6215697480180418,3.6215697480180418,3.3810000000000002,11.91317737826679
299359.0,2.5,-0.9821365967696029,0.9821365967696029,000854_2014-06-09_19-43-13_260595134347_rgbf000066-resize,-4.044430153720288,4.044430153720288,3.068,11.910827625938722
299359.0,2.5,-0.3131499092010687,0.3131499092010687,001164_2014-06-17_15-35-46_260595134347_rgbf000085-resize,-3.03608599143939,3.03608599143939,2.354,17.325668807481115
299359.0,2.5,-0.05682935793634536,0.05682935793634536,001136_2014-06-17_15-19-41_260595134347_rgbf000076-resize,-2.5475859914393904,2.5475859914393904,1.8655,18.667799879387072
299359.0,2.5,-0.3923810314957915,0.3923810314957915,002153_2014-06-25_21-27-18_260595134347_rgbf000038-resize,-3.1870859914393903,3.1870859914393903,2.505,17.28886317575377
299359.0,2.5,-0.21848441372501,0.21848441372501,002660_2014-06-13_15-44-18_094959634447_rgbf001878-resize,-3.5222255857371443,3.5222255857371443,3.576,15.11997681444361
299359.0,2.5,-0.4923827305319342,0.4923827305319342,000734_2014-06-08_17-39-11_260595134347_rgbf000128-resize,-4.044225585737144,4.044225585737144,4.098,16.052231618370055
299359.0,2.5,-0.7638485674579005,0.7638485674579005,000522_2014-06-08_13-35-06_260595134347_rgbf000244-resize,-3.495102234860737,3.495102234860737,2.3715,25.742609854068213
299359.0,2.5,-0.21764388397522672,0.21764388397522672,002949_2014-06-26_15-57-42_094959634447_rgbf000079-resize,-2.7207580725798386,2.7207580725798386,1.8915,17.99500168321199
299359.0,2.5,-0.7651870738163397,0.7651870738163397,000866_2014-06-09_20-45-42_260595134347_rgbf000139-resize,-3.89758599143939,3.89758599143939,3.2155,8.082259189449621
299359.0,2.5,-0.3763506614005868,0.3763506614005868,001555_2014-06-20_17-12-10_260595134347_rgbf000065-resize,-2.7566022348607366,2.7566022348607366,1.633,7.608284543781994
299359.0,2.5,-0.26773581163231763,0.26773581163231763,003534_2014-05-22_15-06-10_094959634447_rgbf000102-resize,-2.549602234860737,2.549602234860737,1.426,12.376994007247625
299359.0,2.5,-0.12504158242849214,0.12504158242849214,002637_2014-06-24_14-51-13_094959634447_rgbf000066-resize,-2.6775859914393902,2.6775859914393902,1.9955,10.972027795242447
299359.0,2.5,-0.24150925161063685,0.24150925161063685,001016_2014-06-09_16-16-10_260595134347_rgbf000112-resize,-2.632930153720288,2.632930153720288,1.6565,7.049977084494088
299359.0,2.5,-0.9515034723059967,0.9515034723059967,000773_2014-06-08_22-24-54_260595134347_rgbf000093-resize,-4.919225585737144,4.919225585737144,4.973,21.45352631724976
299359.0,2.5,-0.6314307266120874,0.6314307266120874,002414_2014-06-28_20-24-58_260595134347_rgbf000067-resize,-4.309225585737145,4.309225585737145,4.363,31.720662178139435
299359.0,2.5,-0.1998215855971055,0.1998215855971055,001059_2014-06-08_21-53-27_260595134347_rgbf000061-resize,-2.9534139102989405,2.9534139102989405,2.4185,8.755513319222857
299359.0,2.5,-0.6479234295685923,0.6479234295685923,001032_2014-06-08_13-23-17_260595134347_rgbf000021-resize,-3.8074139102989406,3.8074139102989406,3.2725,15.984983178828962
299359.0,2.5,-0.9047597793156479,0.9047597793156479,003292_2014-05-14_21-53-49_094959634447_rgbf000100-resize,-4.1635859914393905,4.1635859914393905,3.4815,33.084282711345374
299359.0,2.5,-0.16629364839123484,0.16629364839123484,002639_2014-06-24_14-51-37_094959634447_rgbf000074-resize,-3.6893814234562456,3.6893814234562456,4.0375,16.521406794569987
299359.0,2.5,-0.6860005062057942,0.6860005062057942,001570_2014-06-20_17-21-09_260595134347_rgbf000135-resize,-4.413225585737144,4.413225585737144,4.467,22.179510675592084
299359.0,2.5,-0.9547561733652992,0.9547561733652992,001447_2014-06-19_17-00-32_260595134347_rgbf000082-resize,-4.525491829158492,4.525491829158492,4.13775,46.830399423560245
299359.0,2.5,-0.4186165024543141,0.4186165024543141,002758_2014-06-22_19-11-20_094959634447_rgbf000128-resize,-3.23708599143939,3.23708599143939,2.555,7.204478276142114
299359.0,2.5,-0.2939712825908376,0.2939712825908376,002549_2014-06-24_13-41-39_094959634447_rgbf000022-resize,-2.5996022348607366,2.5996022348607366,1.476,4.1736441355391865
299359.0,2.5,-0.20638045333673594,0.20638045333673594,000502_2014-06-08_23-02-32_260595134347_rgbf000063-resize,-2.9659139102989407,2.9659139102989407,2.431,13.897287578908273
299359.0,2.5,-0.8050471677996107,0.8050471677996107,001806_2014-06-26_20-50-20_260595134347_rgbf000091-resize,-3.7069301537202883,3.7069301537202883,2.7305,13.909869710567438
299359.0,2.5,-0.9199852634084316,0.9199852634084316,001617_2014-06-20_11-35-32_260595134347_rgbf000066-resize,-4.32591391029894,4.32591391029894,3.7910000000000004,19.974169961071475
299359.0,2.5,-0.7358122572796324,0.7358122572796324,000493_2014-06-09_21-01-18_260595134347_rgbf000196-resize,-3.9749139102989406,3.9749139102989406,3.44,19.629285382994567
299359.0,2.5,-1.0364529325905747,1.0364529325905747,001449_2014-06-19_17-01-27_260595134347_rgbf000116-resize,-4.281258072579838,4.281258072579838,3.452,8.994872108877228
299359.0,2.5,-0.08335391641495912,0.08335391641495912,002600_2014-06-24_14-27-04_094959634447_rgbf000074-resize,-2.9980697480180423,2.9980697480180423,2.7575,44.47386082434929
299359.0,2.5,-0.4049562356822065,0.4049562356822065,003228_2014-05-14_13-42-35_094959634447_rgbf000101-resize,-2.944430153720288,2.944430153720288,1.9680000000000002,14.40337638638131
299359.0,2.5,-0.08806739025065496,0.08806739025065496,000368_2014-06-09_15-53-01_260595134347_rgbf000155-resize,-2.8737418291584915,2.8737418291584915,2.4859999999999998,21.090700959072958
299359.0,2.5,-0.2558075832830328,0.2558075832830328,002763_2014-06-22_19-13-10_094959634447_rgbf000075-resize,-2.660180153720288,2.660180153720288,1.68375,5.5919783591245595
299359.0,2.5,-0.5988274551288177,0.5988274551288177,002209_2014-06-28_18-36-10_260595134347_rgbf000051-resize,-3.180602234860737,3.180602234860737,2.057,12.962068825921264
299359.0,2.5,-0.27036826966500915,0.27036826966500915,001110_2014-06-15_17-25-28_260595134347_rgbf000150-resize,-2.687930153720288,2.687930153720288,1.7115,9.336195527413247
299359.0,2.5,-0.3362460345814011,0.3362460345814011,000927_2014-06-09_16-32-30_260595134347_rgbf000123-resize,-3.2134139102989407,3.2134139102989407,2.6785,11.715239650325241
299359.0,2.5,-0.7547196182434398,0.7547196182434398,002570_2014-06-24_13-59-54_094959634447_rgbf000059-resize,-4.277569748018043,4.277569748018043,4.037,41.596140375002705
299359.0,2.5,-0.09443519077539908,0.09443519077539908,002467_2014-06-28_20-38-07_260595134347_rgbf000026-resize,-3.9523651800348985,3.9523651800348985,4.742,15.331046216195933
299359.0,2.5,-0.4070639842957249,0.4070639842957249,001810_2014-06-26_20-51-35_260595134347_rgbf000040-resize,-3.081758072579839,3.081758072579839,2.2525,22.411391411207674
299359.0,2.5,-0.09837051141918507,0.09837051141918507,002663_2014-06-13_15-50-26_094959634447_rgbf000075-resize,-3.9598651800348983,3.9598651800348983,4.7495,16.725954086732166
299359.0,2.5,-1.0369865529465834,1.0369865529465834,000409_2014-06-04_19-23-33_260595134347_rgbf000067-resize,-4.4155859914393885,4.4155859914393885,3.7335,12.696549983566419
299359.0,2.5,-0.5518659621130693,0.5518659621130693,002875_2014-06-01_15-19-00_094959634447_rgbf000151-resize,-3.0911022348607373,3.0911022348607373,1.9675,11.625680938349673
299359.0,2.5,-0.3441166758689513,0.3441166758689513,001092_2014-06-15_17-34-58_260595134347_rgbf000171-resize,-3.2284139102989404,3.2284139102989404,2.6935,9.164038324933468
299359.0,2.5,-0.49047496007014096,0.49047496007014096,001167_2014-06-17_15-38-07_260595134347_rgbf000108-resize,-2.9741022348607373,2.9741022348607373,1.8505,12.019050657019696
299359.0,2.5,-0.3787029428500135,0.3787029428500135,003587_2014-05-23_16-48-02_094959634447_rgbf002384-resize,-2.627774316001186,2.627774316001186,1.357,20.788172722830538
354946.0,2.5,-0.5902291772079065,0.5902291772079065,001029_2014-06-08_13-17-57_260595134347_rgbf000065-resize,-3.6598897381614472,3.6598897381614472,3.0835,18.209734661918688
354946.0,2.5,-0.4698389434220705,0.4698389434220705,000677_2014-06-08_23-10-32_260595134347_rgbf000158-resize,-3.764074303817618,3.764074303817618,3.556,19.65196273325612
354946.0,2.5,-0.2559586992826167,0.2559586992826167,001516_2014-06-20_16-25-09_260595134347_rgbf000076-resize,-2.6892051725052757,2.6892051725052757,1.7445,3.8622659094666254
354946.0,2.5,-0.7699115753599849,0.7699115753599849,000682_2014-06-08_23-14-58_260595134347_rgbf000041-resize,-3.6687051725052764,3.6687051725052764,2.7239999999999998,8.707843071693064
354946.0,2.5,-1.1006797083193711,1.1006797083193711,001650_2014-06-20_12-09-00_260595134347_rgbf000087-resize,-3.631836041192933,3.631836041192933,1.9505,47.6804595860539
354946.0,2.5,-0.4123221061953868,0.4123221061953868,001244_2014-06-17_16-47-45_260595134347_rgbf000030-resize,-2.987205172505276,2.987205172505276,2.0425,6.7629638807870815
354946.0,2.5,-0.5618337127451718,0.5618337127451718,003495_2014-05-21_16-01-51_094959634447_rgbf000100-resize,-2.9385206068491048,2.9385206068491048,1.6255,12.747278812179
354946.0,2.5,-0.4077220330779132,0.4077220330779132,000556_2014-06-09_22-42-56_260595134347_rgbf000214-resize,-4.31294343512996,4.31294343512996,4.8415,23.88242025565649
354946.0,2.5,-0.2080089432560635,0.2080089432560635,000665_2014-06-09_20-42-35_260595134347_rgbf000110-resize,-3.265074303817618,3.265074303817618,3.057,18.49880761375764
354946.0,2.5,-0.7119923403691955,0.7119923403691955,002375_2014-06-28_20-13-44_260595134347_rgbf000032-resize,-4.225574303817618,4.225574303817618,4.0175,48.76103649676905
354946.0,2.5,-0.55428658199473,0.55428658199473,002568_2014-06-24_13-59-21_094959634447_rgbf000062-resize,-3.591389738161447,3.591389738161447,3.015,29.63840999388049
354946.0,2.5,-0.3664711878455063,0.3664711878455063,000788_2014-06-08_22-34-36_260595134347_rgbf000131-resize,-3.567074303817618,3.567074303817618,3.359,21.46386213810664
354946.0,2.5,-0.15635564338154848,0.15635564338154848,001235_2014-06-17_16-37-36_260595134347_rgbf000084-resize,-3.500258869473789,3.500258869473789,3.6605,14.547706659434104
354946.0,2.5,-0.30134606404085384,0.30134606404085384,000470_2014-06-09_19-42-40_260595134347_rgbf000094-resize,-2.7757051725052757,2.7757051725052757,1.831,22.486379427626872
354946.0,2.5,-0.419637460150007,0.419637460150007,000109_2014-05-14_23-41-52_260595134347_rgbf000035-resize,-2.667520606849105,2.667520606849105,1.3545,6.620498200896815
354946.0,2.5,-0.762766842373658,0.762766842373658,002509_2014-06-24_13-19-22_094959634447_rgbf000077-resize,-2.9878360411929337,2.9878360411929337,1.3065,40.21868783296904
354946.0,2.5,-0.5972515985391766,0.5972515985391766,003338_2014-05-20_11-01-23_094959634447_rgbf000051-resize,-3.0060206068491047,3.0060206068491047,1.693,28.251495663089063
354946.0,2.5,-0.28752871600271857,0.28752871600271857,002784_2014-06-22_19-26-30_094959634447_rgbf000083-resize,-2.749371839171976,2.749371839171976,1.8046666666667,3.0422522474895675
354946.0,2.5,-0.8842676508253646,0.8842676508253646,001100_2014-06-15_17-46-26_260595134347_rgbf000225-resize,-3.553020606849105,3.553020606849105,2.24,9.548860596737413
354946.0,2.5,-0.5757385123531857,0.5757385123531857,000469_2014-06-09_19-42-10_260595134347_rgbf000081-resize,-2.9650206068491043,2.9650206068491043,1.652,25.13136208408983
354946.0,2.5,-0.04213961097069496,0.04213961097069496,000483_2014-06-09_20-41-45_260595134347_rgbf000116-resize,-2.281705172505276,2.281705172505276,1.337,29.232414989368262
354946.0,2.5,-0.5962021797008339,0.5962021797008339,002964_2014-06-08_17-46-11_094959634447_rgbf000091-resize,-3.0040206068491044,3.0040206068491044,1.6909999999999998,28.953812917975768
354946.0,2.5,-0.3674594508563183,0.3674594508563183,002136_2014-06-25_21-18-03_260595134347_rgbf000109-resize,-2.901705172505276,2.901705172505276,1.9569999999999999,13.297078442475444
354946.0,2.5,-0.18026049986756632,0.18026049986756632,002039_2014-06-24_20-22-38_260595134347_rgbf000084-resize,-3.8794434351299607,3.8794434351299607,4.408,15.524303639345458
354946.0,2.5,-0.7579044145466051,0.7579044145466051,002103_2014-06-25_20-00-40_260595134347_rgbf000049-resize,-4.3130743038176185,4.3130743038176185,4.105,11.598018874569219
354946.0,2.5,-0.04645959797912602,0.04645959797912602,000691_2014-06-08_13-08-50_260595134347_rgbf000132-resize,-3.6244434351299613,3.6244434351299613,4.1530000000000005,14.740846212587924
354946.0,2.5,-0.10883886303286057,0.10883886303286057,000929_2014-06-09_16-33-19_260595134347_rgbf000139-resize,-3.0760743038176184,3.0760743038176184,2.8680000000000003,19.501338012209015
354946.0,2.5,-0.5186369194049154,0.5186369194049154,000457_2014-06-08_16-52-43_260595134347_rgbf000199-resize,-3.857074303817618,3.857074303817618,3.6489999999999996,14.067279821032837
354946.0,2.5,-0.4561964985236352,0.4561964985236352,001584_2014-06-20_11-07-43_260595134347_rgbf000002-resize,-3.738074303817618,3.738074303817618,3.53,17.602834139105468
354946.0,2.5,-0.4982564214556838,0.4982564214556838,002279_2014-06-28_18-55-32_260595134347_rgbf000040-resize,-2.8173539401824046,2.8173539401824046,1.5043333333333,15.963772282558683
354946.0,2.5,-0.0959834822631916,0.0959834822631916,002043_2014-06-24_20-29-38_260595134347_rgbf000039-resize,-3.0515743038176177,3.0515743038176177,2.8435,8.475049543704081
354946.0,2.5,-0.12402485827503518,0.12402485827503518,002725_2014-06-22_11-47-51_094959634447_rgbf000070-resize,-2.7713897381614467,2.7713897381614467,2.195,3.938570017428758
354946.0,2.5,-0.5376970794633364,0.5376970794633364,002344_2014-06-28_20-06-29_260595134347_rgbf000030-resize,-2.8925206068491045,2.8925206068491045,1.5795,37.33165518125916
354946.0,2.5,-0.6749085925763889,0.6749085925763889,000549_2014-06-08_22-10-24_260595134347_rgbf000247-resize,-3.1540206068491043,3.1540206068491043,1.841,30.99307977870557
354946.0,2.5,-0.8166412915799108,0.8166412915799108,000736_2014-06-08_18-24-15_260595134347_rgbf000206-resize,-4.091389738161447,4.091389738161447,3.515,33.408170606136416
354946.0,2.5,-0.5905221098312525,0.5905221098312525,000137_2014-05-20_17-04-49_260595134347_rgbf000120-resize,-3.994074303817618,3.994074303817618,3.786,14.89611111351161
354946.0,2.5,-0.1159224401916648,0.1159224401916648,000642_2014-06-08_16-59-25_260595134347_rgbf000098-resize,-3.089574303817618,3.089574303817618,2.8815,31.36214301237791
354946.0,2.5,-1.1245539868916226,1.1245539868916226,002199_2014-06-28_18-33-56_260595134347_rgbf000074-resize,-3.6773360411929334,3.6773360411929334,1.996,17.12852126070164
354946.0,2.5,-0.06403736352133405,0.06403736352133405,000917_2014-06-09_22-45-29_260595134347_rgbf000149-resize,-3.65794343512996,3.65794343512996,4.1865,9.740561609074897
354946.0,2.5,-0.06997978810049177,0.06997978810049177,000878_2014-06-08_22-52-45_260595134347_rgbf000045-resize,-2.6683897381614465,2.6683897381614465,2.092,5.576511521775202
354946.0,2.5,-0.52274286101698,0.52274286101698,002953_2014-06-08_17-32-18_094959634447_rgbf000059-resize,-2.8640206068491043,2.8640206068491043,1.551,13.905027931093345
354946.0,2.5,-0.4055008837461733,0.4055008837461733,002905_2014-06-03_18-04-43_094959634447_rgbf000151-resize,-2.9742051725052763,2.9742051725052763,2.0295,12.020604335789361
354946.0,2.5,-0.021011191149354902,0.021011191149354902,001052_2014-06-08_18-24-54_260595134347_rgbf000130-resize,-3.57594343512996,3.57594343512996,4.1045,25.87613690895519
354946.0,2.5,-0.12058366913666785,0.12058366913666785,000810_2014-06-08_17-20-01_260595134347_rgbf000105-resize,-2.431205172505276,2.431205172505276,1.4865,3.0958890116960642
354946.0,2.5,-0.3060378708996243,0.3060378708996243,002272_2014-06-28_18-53-56_260595134347_rgbf000067-resize,-2.4510206068491045,2.4510206068491045,1.138,10.409245808146235
354946.0,2.5,-0.1702910209033297,0.1702910209033297,002444_2014-06-28_20-32-08_260595134347_rgbf000027-resize,-3.860443435129959,3.860443435129959,4.388999999999999,17.102760279009576
354946.0,2.5,-0.3776912845301392,0.3776912845301392,000943_2014-06-09_19-31-07_260595134347_rgbf000128-resize,-2.9212051725052763,2.9212051725052763,1.9765,15.893099149291922
354946.0,2.5,-0.28665420030408384,0.28665420030408384,000709_2014-06-08_13-51-55_260595134347_rgbf000068-resize,-2.747705172505276,2.747705172505276,1.8030000000000002,14.429351101546246
354946.0,2.5,-1.3187270498984194,1.3187270498984194,000854_2014-06-09_19-43-13_260595134347_rgbf000066-resize,-4.381020606849105,4.381020606849105,3.068,11.910827625938722
354946.0,2.5,-0.6550002125616776,0.6550002125616776,002153_2014-06-25_21-27-18_260595134347_rgbf000038-resize,-3.449705172505276,3.449705172505276,2.505,17.28886317575377
354946.0,2.5,-0.4803331318054838,0.4803331318054838,002660_2014-06-13_15-44-18_094959634447_rgbf001878-resize,-3.784074303817618,3.784074303817618,3.576,15.11997681444361
354946.0,2.5,-0.7542314486124079,0.7542314486124079,000734_2014-06-08_17-39-11_260595134347_rgbf000128-resize,-4.306074303817618,4.306074303817618,4.098,16.052231618370055
354946.0,2.5,-0.9532669394462678,0.9532669394462678,000522_2014-06-08_13-35-06_260595134347_rgbf000244-resize,-3.6845206068491048,3.6845206068491048,2.3715,25.742609854068213
354946.0,2.5,-0.3330909839006636,0.3330909839006636,002949_2014-06-26_15-57-42_094959634447_rgbf000079-resize,-2.8362051725052764,2.8362051725052764,1.8915,17.99500168321199
354946.0,2.5,-0.2911753861945679,0.2911753861945679,000866_2014-06-09_20-45-42_260595134347_rgbf000139-resize,-3.423574303817618,3.423574303817618,3.2155,8.082259189449621
354946.0,2.5,-0.5657690333889541,0.5657690333889541,001555_2014-06-20_17-12-10_260595134347_rgbf000065-resize,-2.9460206068491046,2.9460206068491046,1.633,7.608284543781994
354946.0,2.5,-0.457154183620685,0.457154183620685,003534_2014-05-22_15-06-10_094959634447_rgbf000102-resize,-2.7390206068491043,2.7390206068491043,1.426,12.376994007247625
354946.0,2.5,-0.3876607634943783,0.3876607634943783,002637_2014-06-24_14-51-13_094959634447_rgbf000066-resize,-2.940205172505276,2.940205172505276,1.9955,10.972027795242447
354946.0,2.5,-0.2097842703956249,0.2097842703956249,001016_2014-06-09_16-16-10_260595134347_rgbf000112-resize,-2.601205172505276,2.601205172505276,1.6565,7.049977084494088
354946.0,2.5,-0.4767213216988131,0.4767213216988131,000773_2014-06-08_22-24-54_260595134347_rgbf000093-resize,-4.44444343512996,4.44444343512996,4.973,21.45352631724976
354946.0,2.5,-0.241297413459612,0.241297413459612,001059_2014-06-08_21-53-27_260595134347_rgbf000061-resize,-2.994889738161447,2.994889738161447,2.4185,8.755513319222857
354946.0,2.5,-0.3210838230872697,0.3210838230872697,001032_2014-06-08_13-23-17_260595134347_rgbf000021-resize,-3.480574303817618,3.480574303817618,3.2725,15.984983178828962
354946.0,2.5,-0.4307480916938761,0.4307480916938761,003292_2014-05-14_21-53-49_094959634447_rgbf000100-resize,-3.689574303817618,3.689574303817618,3.4815,33.084282711345374
354946.0,2.5,-0.3541710944087786,0.3541710944087786,002639_2014-06-24_14-51-37_094959634447_rgbf000074-resize,-3.877258869473789,3.877258869473789,4.0375,16.521406794569987
354946.0,2.5,-0.2175148686286621,0.2175148686286621,000447_2014-06-08_16-15-46_260595134347_rgbf000130-resize,-3.95044343512996,3.95044343512996,4.479,19.081432914605553
354946.0,2.5,-1.1434040823682543,1.1434040823682543,001447_2014-06-19_17-00-32_260595134347_rgbf000082-resize,-4.714139738161447,4.714139738161447,4.13775,46.830399423560245
354946.0,2.5,-0.08843635151274554,0.08843635151274554,001066_2014-06-08_22-03-20_260595134347_rgbf000066-resize,-3.7044434351299613,3.7044434351299613,4.2330000000000005,19.743449467077777
354946.0,2.5,-0.6661108441055466,0.6661108441055466,000742_2014-06-08_18-48-09_260595134347_rgbf000164-resize,-4.471758869473789,4.471758869473789,4.632,18.91549953899407
354946.0,2.5,-0.3129202491763714,0.3129202491763714,002758_2014-06-22_19-11-20_094959634447_rgbf000128-resize,-3.131389738161447,3.131389738161447,2.555,7.204478276142114
354946.0,2.5,-0.11507422023537628,0.11507422023537628,002549_2014-06-24_13-41-39_094959634447_rgbf000022-resize,-2.420705172505276,2.420705172505276,1.476,4.1736441355391865
354946.0,2.5,-0.2478562811992424,0.2478562811992424,000502_2014-06-08_23-02-32_260595134347_rgbf000063-resize,-3.0073897381614474,3.0073897381614474,2.431,13.897287578908273
354946.0,2.5,-0.0399007302394836,0.0399007302394836,003083_2014-06-15_15-21-03_094959634447_rgbf000063-resize,-3.6119434351299606,3.6119434351299606,4.1405,19.172834459547143
354946.0,2.5,-0.7733221865845987,0.7733221865845987,001806_2014-06-26_20-50-20_260595134347_rgbf000091-resize,-3.6752051725052763,3.6752051725052763,2.7305,13.909869710567438
354946.0,2.5,-0.40897265079830986,0.40897265079830986,000493_2014-06-09_21-01-18_260595134347_rgbf000196-resize,-3.648074303817618,3.648074303817618,3.44,19.629285382994567
354946.0,2.5,-0.1138236025149802,0.1138236025149802,003079_2014-06-15_15-18-20_094959634447_rgbf000152-resize,-3.085574303817618,3.085574303817618,2.8775,9.032134209869396
354946.0,2.5,-0.4152691638283537,0.4152691638283537,001449_2014-06-19_17-01-27_260595134347_rgbf000116-resize,-3.660074303817618,3.660074303817618,3.452,8.994872108877228
354946.0,2.5,-0.3732312544671945,0.3732312544671945,003228_2014-05-14_13-42-35_094959634447_rgbf000101-resize,-2.912705172505276,2.912705172505276,1.9680000000000002,14.40337638638131
354946.0,2.5,-0.6450307335974392,0.6450307335974392,000368_2014-06-09_15-53-01_260595134347_rgbf000155-resize,-3.4307051725052764,3.4307051725052764,2.4859999999999998,21.090700959072958
354946.0,2.5,-0.5923980364118494,0.5923980364118494,002763_2014-06-22_19-13-10_094959634447_rgbf000075-resize,-2.996770606849105,2.996770606849105,1.68375,5.5919783591245595
354946.0,2.5,-0.39958903708078064,0.39958903708078064,001828_2014-06-26_21-40-03_260595134347_rgbf000024-resize,-4.297443435129962,4.297443435129962,4.8260000000000005,35.55232951340613
354946.0,2.5,-0.00940642810007858,0.00940642810007858,000927_2014-06-09_16-32-30_260595134347_rgbf000123-resize,-2.8865743038176177,2.8865743038176177,2.6785,11.715239650325241
354946.0,2.5,-0.7222241740430153,0.7222241740430153,002570_2014-06-24_13-59-54_094959634447_rgbf000059-resize,-4.245074303817618,4.245074303817618,4.037,41.596140375002705
354946.0,2.5,-0.15419564987733292,0.15419564987733292,001810_2014-06-26_20-51-35_260595134347_rgbf000040-resize,-2.828889738161447,2.828889738161447,2.2525,22.411391411207674
354946.0,2.5,-0.3594487665142469,0.3594487665142469,002663_2014-06-13_15-50-26_094959634447_rgbf000075-resize,-4.2209434351299615,4.2209434351299615,4.7495,16.725954086732166
354946.0,2.5,-0.5629748653248117,0.5629748653248117,000409_2014-06-04_19-23-33_260595134347_rgbf000067-resize,-3.941574303817618,3.941574303817618,3.7335,12.696549983566419
354946.0,2.5,-0.00465346541377909,0.00465346541377909,002875_2014-06-01_15-19-00_094959634447_rgbf000151-resize,-2.5438897381614467,2.5438897381614467,1.9675,11.625680938349673
354946.0,2.5,-0.017277069387628796,0.017277069387628796,001092_2014-06-15_17-34-58_260595134347_rgbf000171-resize,-2.901574303817618,2.901574303817618,2.6935,9.164038324933468
354946.0,2.5,-0.6798933320585083,0.6798933320585083,001167_2014-06-17_15-38-07_260595134347_rgbf000108-resize,-3.1635206068491044,3.1635206068491044,1.8505,12.019050657019696
354946.0,2.5,-0.4209492336979319,0.4209492336979319,003587_2014-05-23_16-48-02_094959634447_rgbf002384-resize,-2.6700206068491044,2.6700206068491044,1.357,20.788172722830538
963476.0,2.5,-0.09631035040833112,0.09631035040833112,001029_2014-06-08_13-17-57_260595134347_rgbf000065-resize,-3.1659709113618715,3.1659709113618715,3.0835,18.209734661918688
963476.0,2.5,-0.6762894835549081,0.6762894835549081,000677_2014-06-08_23-10-32_260595134347_rgbf000158-resize,-3.970524843950456,3.970524843950456,3.556,19.65196273325612
963476.0,2.5,-0.2397312468051648,0.2397312468051648,000682_2014-06-08_23-14-58_260595134347_rgbf000041-resize,-3.1385248439504556,3.1385248439504556,2.7239999999999998,8.707843071693064
963476.0,2.5,-0.8300303088426462,0.8300303088426462,001650_2014-06-20_12-09-00_260595134347_rgbf000087-resize,-3.3611866417162086,3.3611866417162086,1.9505,47.6804595860539
963476.0,2.5,-0.21419571022915107,0.21419571022915107,001244_2014-06-17_16-47-45_260595134347_rgbf000030-resize,-2.78907877653904,2.78907877653904,2.0425,6.7629638807870815
963476.0,2.5,-0.6594997476122759,0.6594997476122759,003495_2014-05-21_16-01-51_094959634447_rgbf000100-resize,-3.036186641716209,3.036186641716209,1.6255,12.747278812179
963476.0,2.5,-0.3546416441326554,0.3546416441326554,000556_2014-06-09_22-42-56_260595134347_rgbf000214-resize,-4.259863046184703,4.259863046184703,4.8415,23.88242025565649
963476.0,2.5,-0.2543350153248647,0.2543350153248647,002375_2014-06-28_20-13-44_260595134347_rgbf000032-resize,-3.767916978773288,3.767916978773288,4.0175,48.76103649676905
963476.0,2.5,-0.7244756203723232,0.7244756203723232,002568_2014-06-24_13-59-21_094959634447_rgbf000062-resize,-3.76157877653904,3.76157877653904,3.015,29.63840999388049
963476.0,2.5,-0.10321966807461813,0.10321966807461813,000470_2014-06-09_19-42-40_260595134347_rgbf000094-resize,-2.57757877653904,2.57757877653904,1.831,22.486379427626872
963476.0,2.5,-0.1852495624285269,0.1852495624285269,000109_2014-05-14_23-41-52_260595134347_rgbf000035-resize,-2.4331327091276247,2.4331327091276247,1.3545,6.620498200896815
963476.0,2.5,-0.16006351030834876,0.16006351030834876,002509_2014-06-24_13-19-22_094959634447_rgbf000077-resize,-2.3851327091276247,2.3851327091276247,1.3065,40.21868783296904
963476.0,2.5,-0.3628637008176965,0.3628637008176965,003338_2014-05-20_11-01-23_094959634447_rgbf000051-resize,-2.7716327091276245,2.7716327091276245,1.693,28.251495663089063
963476.0,2.5,-0.42145625262506703,0.42145625262506703,002784_2014-06-22_19-26-30_094959634447_rgbf000083-resize,-2.8832993757943246,2.8832993757943246,1.8046666666667,3.0422522474895675
963476.0,2.5,-0.6498797531038845,0.6498797531038845,001100_2014-06-15_17-46-26_260595134347_rgbf000225-resize,-3.3186327091276246,3.3186327091276246,2.24,9.548860596737413
963476.0,2.5,-0.009296682043121396,0.009296682043121396,000469_2014-06-09_19-42-10_260595134347_rgbf000081-resize,-2.3985787765390403,2.3985787765390403,1.652,25.13136208408983
963476.0,2.5,-0.17606714759304345,0.17606714759304345,000483_2014-06-09_20-41-45_260595134347_rgbf000116-resize,-2.4156327091276246,2.4156327091276246,1.337,29.232414989368262
963476.0,2.5,-0.3618142819793537,0.3618142819793537,002964_2014-06-08_17-46-11_094959634447_rgbf000091-resize,-2.7696327091276243,2.7696327091276243,1.6909999999999998,28.953812917975768
963476.0,2.5,-0.16933305489008255,0.16933305489008255,002136_2014-06-25_21-18-03_260595134347_rgbf000109-resize,-2.7035787765390404,2.7035787765390404,1.9569999999999999,13.297078442475444
963476.0,2.5,-1.455395841276646,1.455395841276646,002039_2014-06-24_20-22-38_260595134347_rgbf000084-resize,-5.154578776539041,5.154578776539041,4.408,15.524303639345458
963476.0,2.5,-0.3002470895022742,0.3002470895022742,002103_2014-06-25_20-00-40_260595134347_rgbf000049-resize,-3.855416978773288,3.855416978773288,4.105,11.598018874569219
963476.0,2.5,-0.6574870742110372,0.6574870742110372,000691_2014-06-08_13-08-50_260595134347_rgbf000132-resize,-4.2354709113618725,4.2354709113618725,4.1530000000000005,14.740846212587924
963476.0,2.5,-0.05861840197431525,0.05861840197431525,003490_2014-05-21_15-50-11_094959634447_rgbf000101-resize,-3.394916978773287,3.394916978773287,3.6445,19.999457360175192
963476.0,2.5,-0.2469890834564757,0.2469890834564757,003048_2014-06-15_13-49-43_094959634447_rgbf000150-resize,-3.753916978773287,3.753916978773287,4.0035,24.355606534500392
963476.0,2.5,-0.3033091817418563,0.3033091817418563,002344_2014-06-28_20-06-29_260595134347_rgbf000030-resize,-2.6581327091276243,2.6581327091276243,1.5795,37.33165518125916
963476.0,2.5,-0.08494196814990806,0.08494196814990806,001055_2014-06-08_18-45-35_260595134347_rgbf000111-resize,-2.8435248439504557,2.8435248439504557,2.4290000000000003,8.406298609581565
963476.0,2.5,-0.7725746274434928,0.7725746274434928,000549_2014-06-08_22-10-24_260595134347_rgbf000247-resize,-3.2516866417162085,3.2516866417162085,1.841,30.99307977870557
963476.0,2.5,-0.6547763973689197,0.6547763973689197,000736_2014-06-08_18-24-15_260595134347_rgbf000206-resize,-3.929524843950456,3.929524843950456,3.515,33.408170606136416
963476.0,2.5,-0.4649187173755063,0.4649187173755063,000137_2014-05-20_17-04-49_260595134347_rgbf000120-resize,-3.868470911361872,3.868470911361872,3.786,14.89611111351161
963476.0,2.5,-0.5395155501147787,0.5395155501147787,001056_2014-06-08_18-46-44_260595134347_rgbf000068-resize,-3.40907877653904,3.40907877653904,2.6625,11.38594592369452
963476.0,2.5,-0.8539045874148976,0.8539045874148976,002199_2014-06-28_18-33-56_260595134347_rgbf000074-resize,-3.4066866417162087,3.4066866417162087,1.996,17.12852126070164
963476.0,2.5,-1.3391727049304136,1.3391727049304136,000917_2014-06-09_22-45-29_260595134347_rgbf000149-resize,-4.93307877653904,4.93307877653904,4.1865,9.740561609074897
963476.0,2.5,-0.4360596993211365,0.4360596993211365,002323_2014-06-28_20-01-54_260595134347_rgbf000051-resize,-3.813470911361872,3.813470911361872,3.7310000000000003,18.09172628388976
963476.0,2.5,-0.5722227590666691,0.5722227590666691,000878_2014-06-08_22-52-45_260595134347_rgbf000045-resize,-3.1706327091276245,3.1706327091276245,2.092,5.576511521775202
963476.0,2.5,-0.6204088958840841,0.6204088958840841,002953_2014-06-08_17-32-18_094959634447_rgbf000059-resize,-2.9616866417162084,2.9616866417162084,1.551,13.905027931093345
963476.0,2.5,-0.2073744877799376,0.2073744877799376,002905_2014-06-03_18-04-43_094959634447_rgbf000151-resize,-2.77607877653904,2.77607877653904,2.0295,12.020604335789361
963476.0,2.5,-1.0654486476159948,1.0654486476159948,003129_2014-05-12_10-48-10_094959634447_rgbf000100-resize,-5.012970911361872,5.012970911361872,4.9305,17.9074543760639
963476.0,2.5,-0.5332190370847342,0.5332190370847342,001214_2014-06-17_16-13-55_260595134347_rgbf000111-resize,-3.39707877653904,3.39707877653904,2.6505,18.479282579459067
963476.0,2.5,-0.4037039057667284,0.4037039057667284,002272_2014-06-28_18-53-56_260595134347_rgbf000067-resize,-2.5486866417162086,2.5486866417162086,1.138,10.409245808146235
963476.0,2.5,-0.7825441064077322,0.7825441064077322,001571_2014-06-20_17-21-32_260595134347_rgbf000089-resize,-3.2706866417162086,3.2706866417162086,1.86,4.991960350191473
963476.0,2.5,-0.2649163334545184,0.2649163334545184,002748_2014-06-22_19-07-22_094959634447_rgbf000078-resize,-4.088863046184702,4.088863046184702,4.6705,35.71435075733748
963476.0,2.5,-0.15910025574544753,0.15910025574544753,002995_2014-06-15_12-31-26_094959634447_rgbf000150-resize,-3.586416978773287,3.586416978773287,3.8360000000000003,27.231594395483473
963476.0,2.5,-0.7796572391314677,0.7796572391314677,001132_2014-06-17_14-48-54_260595134347_rgbf000100-resize,-4.167524843950456,4.167524843950456,3.753,14.398279213278778
963476.0,2.5,-0.1795648885639035,0.1795648885639035,000943_2014-06-09_19-31-07_260595134347_rgbf000128-resize,-2.7230787765390403,2.7230787765390403,1.9765,15.893099149291922
963476.0,2.5,-0.08852780433784813,0.08852780433784813,000709_2014-06-08_13-51-55_260595134347_rgbf000068-resize,-2.54957877653904,2.54957877653904,1.8030000000000002,14.429351101546246
963476.0,2.5,-0.25241140261150496,0.25241140261150496,000758_2014-06-08_22-05-08_260595134347_rgbf000085-resize,-3.463470911361872,3.463470911361872,3.3810000000000002,11.91317737826679
963476.0,2.5,-1.0843391521769392,1.0843391521769392,000854_2014-06-09_19-43-13_260595134347_rgbf000066-resize,-4.1466327091276245,4.1466327091276245,3.068,11.910827625938722
963476.0,2.5,-0.3776426943007191,0.3776426943007191,001164_2014-06-17_15-35-46_260595134347_rgbf000085-resize,-3.10057877653904,3.10057877653904,2.354,17.325668807481115
963476.0,2.5,-0.4533760756245799,0.4533760756245799,001136_2014-06-17_15-19-41_260595134347_rgbf000076-resize,-2.9441327091276244,2.9441327091276244,1.8655,18.667799879387072
963476.0,2.5,-0.7889277491840261,0.7889277491840261,002153_2014-06-25_21-27-18_260595134347_rgbf000038-resize,-3.5836327091276243,3.5836327091276243,2.505,17.28886317575377
963476.0,2.5,-0.3547297393497375,0.3547297393497375,002660_2014-06-13_15-44-18_094959634447_rgbf001878-resize,-3.658470911361872,3.658470911361872,3.576,15.11997681444361
963476.0,2.5,-1.0509329743133722,1.0509329743133722,000522_2014-06-08_13-35-06_260595134347_rgbf000244-resize,-3.782186641716209,3.782186641716209,2.3715,25.742609854068213
963476.0,2.5,-0.1349645879344279,0.1349645879344279,002949_2014-06-26_15-57-42_094959634447_rgbf000079-resize,-2.6380787765390403,2.6380787765390403,1.8915,17.99500168321199
963476.0,2.5,-0.01672877818694052,0.01672877818694052,002989_2014-06-15_12-25-03_094959634447_rgbf000150-resize,-3.6158630461847023,3.6158630461847023,4.1975,27.906783421951957
963476.0,2.5,-0.4976259263274056,0.4976259263274056,000866_2014-06-09_20-45-42_260595134347_rgbf000139-resize,-3.630024843950456,3.630024843950456,3.2155,8.082259189449621
963476.0,2.5,-0.331381135667474,0.331381135667474,001555_2014-06-20_17-12-10_260595134347_rgbf000065-resize,-2.7116327091276244,2.7116327091276244,1.633,7.608284543781994
963476.0,2.5,-0.5548202184877891,0.5548202184877891,003534_2014-05-22_15-06-10_094959634447_rgbf000102-resize,-2.8366866417162084,2.8366866417162084,1.426,12.376994007247625
963476.0,2.5,-0.011657874429389148,0.011657874429389148,001016_2014-06-09_16-16-10_260595134347_rgbf000112-resize,-2.4030787765390405,2.4030787765390405,1.6565,7.049977084494088
963476.0,2.5,-0.7435403844257893,0.7435403844257893,001059_2014-06-08_21-53-27_260595134347_rgbf000061-resize,-3.4971327091276243,3.4971327091276243,2.4185,8.755513319222857
963476.0,2.5,-0.8595882958086919,0.8595882958086919,001032_2014-06-08_13-23-17_260595134347_rgbf000021-resize,-4.0190787765390406,4.0190787765390406,3.2725,15.984983178828962
963476.0,2.5,-0.6371986318267139,0.6371986318267139,003292_2014-05-14_21-53-49_094959634447_rgbf000100-resize,-3.896024843950456,3.896024843950456,3.4815,33.084282711345374
963476.0,2.5,-0.4901918992419372,0.4901918992419372,001570_2014-06-20_17-21-09_260595134347_rgbf000135-resize,-4.217416978773287,4.217416978773287,4.467,22.179510675592084
963476.0,2.5,-0.3159883720773773,0.3159883720773773,001392_2014-06-19_16-07-59_260595134347_rgbf000046-resize,-3.885416978773287,3.885416978773287,4.135,18.95235574822112
963476.0,2.5,-0.3174313229800947,0.3174313229800947,001447_2014-06-19_17-00-32_260595134347_rgbf000082-resize,-3.888166978773287,3.888166978773287,4.13775,46.830399423560245
963476.0,2.5,-1.2408768185822128,1.2408768185822128,000742_2014-06-08_18-48-09_260595134347_rgbf000164-resize,-5.046524843950455,5.046524843950455,4.632,18.91549953899407
963476.0,2.5,-0.15105535496538006,0.15105535496538006,002758_2014-06-22_19-11-20_094959634447_rgbf000128-resize,-2.9695248439504556,2.9695248439504556,2.555,7.204478276142114
963476.0,2.5,-0.4180453195768356,0.4180453195768356,000502_2014-06-08_23-02-32_260595134347_rgbf000063-resize,-3.17757877653904,3.17757877653904,2.431,13.897287578908273
963476.0,2.5,-0.9072497232069472,0.9072497232069472,001806_2014-06-26_20-50-20_260595134347_rgbf000091-resize,-3.8091327091276246,3.8091327091276246,2.7305,13.909869710567438
963476.0,2.5,-0.6154231909311475,0.6154231909311475,000493_2014-06-09_21-01-18_260595134347_rgbf000196-resize,-3.854524843950456,3.854524843950456,3.44,19.629285382994567
963476.0,2.5,-0.2896657713726074,0.2896657713726074,001449_2014-06-19_17-01-27_260595134347_rgbf000116-resize,-3.5344709113618715,3.5344709113618715,3.452,8.994872108877228
963476.0,2.5,-0.2507495009605445,0.2507495009605445,001450_2014-06-19_17-02-03_260595134347_rgbf000203-resize,-3.7610836454399874,3.7610836454399874,4.0106666666667,12.34882649363641
963476.0,2.5,-0.2573090123473724,0.2573090123473724,002600_2014-06-24_14-27-04_094959634447_rgbf000074-resize,-3.172024843950456,3.172024843950456,2.7575,44.47386082434929
963476.0,2.5,-0.1751048585009588,0.1751048585009588,003228_2014-05-14_13-42-35_094959634447_rgbf000101-resize,-2.71457877653904,2.71457877653904,1.9680000000000002,14.40337638638131
963476.0,2.5,-0.114850405042619,0.114850405042619,000368_2014-06-09_15-53-01_260595134347_rgbf000155-resize,-2.9005248439504556,2.9005248439504556,2.4859999999999998,21.090700959072958
963476.0,2.5,-0.35801013869036924,0.35801013869036924,002763_2014-06-22_19-13-10_094959634447_rgbf000075-resize,-2.7623827091276247,2.7623827091276247,1.68375,5.5919783591245595
963476.0,2.5,-0.2218039968071207,0.2218039968071207,002209_2014-06-28_18-36-10_260595134347_rgbf000051-resize,-2.80357877653904,2.80357877653904,2.057,12.962068825921264
963476.0,2.5,-1.342670445901276,1.342670445901276,001828_2014-06-26_21-40-03_260595134347_rgbf000024-resize,-5.240524843950456,5.240524843950456,4.8260000000000005,35.55232951340613
963476.0,2.5,-0.4601092028567225,0.4601092028567225,002805_2014-06-22_19-54-03_094959634447_rgbf000079-resize,-3.558524843950456,3.558524843950456,3.1439999999999997,7.377848172936663
963476.0,2.5,-0.928674714175853,0.928674714175853,002570_2014-06-24_13-59-54_094959634447_rgbf000059-resize,-4.451524843950455,4.451524843950455,4.037,41.596140375002705
963476.0,2.5,-0.3243846882549261,0.3243846882549261,001810_2014-06-26_20-51-35_260595134347_rgbf000040-resize,-2.99907877653904,2.99907877653904,2.2525,22.411391411207674
963476.0,2.5,-1.3025301753347422,1.3025301753347422,002663_2014-06-13_15-50-26_094959634447_rgbf000075-resize,-5.164024843950456,5.164024843950456,4.7495,16.725954086732166
963476.0,2.5,-0.4373714728690654,0.4373714728690654,000409_2014-06-04_19-23-33_260595134347_rgbf000067-resize,-3.815970911361872,3.815970911361872,3.7335,12.696549983566419
963476.0,2.5,-0.10802918259341177,0.10802918259341177,001011_2014-06-08_23-18-54_260595134347_rgbf000044-resize,-2.8875248439504557,2.8875248439504557,2.4730000000000003,11.624075606213012
963476.0,2.5,-0.5068964363799564,0.5068964363799564,002875_2014-06-01_15-19-00_094959634447_rgbf000151-resize,-3.046132709127624,3.046132709127624,1.9675,11.625680938349673
963476.0,2.5,-0.44550543433702816,0.44550543433702816,001167_2014-06-17_15-38-07_260595134347_rgbf000108-resize,-2.929132709127624,2.929132709127624,1.8505,12.019050657019696
963476.0,2.5,-0.518615268565036,0.518615268565036,003587_2014-05-23_16-48-02_094959634447_rgbf002384-resize,-2.7676866417162085,2.7676866417162085,1.357,20.788172722830538
507507.0,2.5,-0.20281367259624086,0.20281367259624086,001815_2014-06-26_20-52-55_260595134347_rgbf000020-resize,-3.4164872795411587,3.4164872795411587,3.3865,18.626322656731816
507507.0,2.5,-0.7310352080725011,0.7310352080725011,001029_2014-06-08_13-17-57_260595134347_rgbf000065-resize,-3.8006957690260417,3.8006957690260417,3.0835,18.209734661918688
507507.0,2.5,-0.2917519191456117,0.2917519191456117,000677_2014-06-08_23-10-32_260595134347_rgbf000158-resize,-3.58598727954116,3.58598727954116,3.556,19.65196273325612
507507.0,2.5,-0.02844929580338252,0.02844929580338252,001516_2014-06-20_16-25-09_260595134347_rgbf000076-resize,-2.4616957690260417,2.4616957690260417,1.7445,3.8622659094666254
507507.0,2.5,-0.33752227583464856,0.33752227583464856,001417_2014-06-19_16-25-36_260595134347_rgbf000115-resize,-4.140080912427497,4.140080912427497,4.6255,49.17091269608214
507507.0,2.5,-0.3706000495095303,0.3706000495095303,000682_2014-06-08_23-14-58_260595134347_rgbf000041-resize,-3.269393646654821,3.269393646654821,2.7239999999999998,8.707843071693064
507507.0,2.5,-0.9955500480085826,0.9955500480085826,001650_2014-06-20_12-09-00_260595134347_rgbf000087-resize,-3.5267063808821453,3.5267063808821453,1.9505,47.6804595860539
507507.0,2.5,-0.6658586453555704,0.6658586453555704,001244_2014-06-17_16-47-45_260595134347_rgbf000030-resize,-3.24074171166546,3.24074171166546,2.0425,6.7629638807870815
507507.0,2.5,-0.5157756665100153,0.5157756665100153,003495_2014-05-21_16-01-51_094959634447_rgbf000100-resize,-2.892462560613948,2.892462560613948,1.6255,12.747278812179
507507.0,2.5,-0.8036059575463064,0.8036059575463064,001158_2014-06-17_15-32-16_260595134347_rgbf000138-resize,-4.56148727954116,4.56148727954116,4.5315,26.954451973303737
507507.0,2.5,-0.45085951037545,0.45085951037545,000556_2014-06-09_22-42-56_260595134347_rgbf000214-resize,-4.3560809124274975,4.3560809124274975,4.8415,23.88242025565649
507507.0,2.5,-0.19817171263785704,0.19817171263785704,001150_2014-06-17_15-27-34_260595134347_rgbf000108-resize,-3.7188830347987176,3.7188830347987176,4.0325,11.088139074292139
507507.0,2.5,-0.5453282860932667,0.5453282860932667,000665_2014-06-09_20-42-35_260595134347_rgbf000110-resize,-3.602393646654821,3.602393646654821,3.057,18.49880761375764
507507.0,2.5,-0.7057074384639572,0.7057074384639572,002375_2014-06-28_20-13-44_260595134347_rgbf000032-resize,-4.21928940191238,4.21928940191238,4.0175,48.76103649676905
507507.0,2.5,-0.3514883681168834,0.3514883681168834,002568_2014-06-24_13-59-21_094959634447_rgbf000062-resize,-3.3885915242836004,3.3885915242836004,3.015,29.63840999388049
507507.0,2.5,-0.7037905306827095,0.7037905306827095,000788_2014-06-08_22-34-36_260595134347_rgbf000131-resize,-3.904393646654821,3.904393646654821,3.359,21.46386213810664
507507.0,2.5,-0.4153049023974064,0.4153049023974064,001235_2014-06-17_16-37-36_260595134347_rgbf000084-resize,-3.759208128489648,3.759208128489648,3.6605,14.547706659434104
507507.0,2.5,-0.4174409053040611,0.4174409053040611,000470_2014-06-09_19-42-40_260595134347_rgbf000094-resize,-2.8918000137684827,2.8918000137684827,1.831,22.486379427626872
507507.0,2.5,-0.16741686706938566,0.16741686706938566,000109_2014-05-14_23-41-52_260595134347_rgbf000035-resize,-2.4153000137684835,2.4153000137684835,1.3545,6.620498200896815
507507.0,2.5,-0.3483933617946724,0.3483933617946724,002509_2014-06-24_13-19-22_094959634447_rgbf000077-resize,-2.5734625606139483,2.5734625606139483,1.3065,40.21868783296904
507507.0,2.5,-0.619914401252508,0.619914401252508,003338_2014-05-20_11-01-23_094959634447_rgbf000051-resize,-3.0286834095624355,3.0286834095624355,1.693,28.251495663089063
507507.0,2.5,-0.2318214348947051,0.2318214348947051,002784_2014-06-22_19-26-30_094959634447_rgbf000083-resize,-2.6936645580639618,2.6936645580639618,1.8046666666667,3.0422522474895675
507507.0,2.5,-0.2884428130023018,0.2884428130023018,001100_2014-06-15_17-46-26_260595134347_rgbf000225-resize,-2.9571957690260424,2.9571957690260424,2.24,9.548860596737413
507507.0,2.5,-0.32351791927256435,0.32351791927256435,000469_2014-06-09_19-42-10_260595134347_rgbf000081-resize,-2.712800013768483,2.712800013768483,1.652,25.13136208408983
507507.0,2.5,-0.1582344522339022,0.1582344522339022,000483_2014-06-09_20-41-45_260595134347_rgbf000116-resize,-2.3978000137684834,2.3978000137684834,1.337,29.232414989368262
507507.0,2.5,-0.3439815866202125,0.3439815866202125,002964_2014-06-08_17-46-11_094959634447_rgbf000091-resize,-2.7518000137684826,2.7518000137684826,1.6909999999999998,28.953812917975768
507507.0,2.5,-0.13995004737708405,0.13995004737708405,002136_2014-06-25_21-18-03_260595134347_rgbf000109-resize,-2.674195769026042,2.674195769026042,1.9569999999999999,13.297078442475444
507507.0,2.5,-0.6050034423903248,0.6050034423903248,000691_2014-06-08_13-08-50_260595134347_rgbf000132-resize,-4.18298727954116,4.18298727954116,4.1530000000000005,14.740846212587924
507507.0,2.5,-0.6841541398708979,0.6841541398708979,000457_2014-06-08_16-52-43_260595134347_rgbf000199-resize,-4.022591524283601,4.022591524283601,3.6489999999999996,14.067279821032837
507507.0,2.5,-0.10630735187595564,0.10630735187595564,001584_2014-06-20_11-07-43_260595134347_rgbf000002-resize,-3.3881851571699384,3.3881851571699384,3.53,17.602834139105468
507507.0,2.5,-0.4178379507462829,0.4178379507462829,002279_2014-06-28_18-55-32_260595134347_rgbf000040-resize,-2.7369354694730035,2.7369354694730035,1.5043333333333,15.963772282558683
507507.0,2.5,-0.2013410494200225,0.2013410494200225,000635_2014-06-08_16-38-42_260595134347_rgbf000106-resize,-2.7911957690260416,2.7911957690260416,2.074,10.796976226722654
507507.0,2.5,-0.4228888417211528,0.4228888417211528,002725_2014-06-22_11-47-51_094959634447_rgbf000070-resize,-3.0702537216075645,3.0702537216075645,2.195,3.938570017428758
507507.0,2.5,-0.6290807311251563,0.6290807311251563,002344_2014-06-28_20-06-29_260595134347_rgbf000030-resize,-2.983904258510925,2.983904258510925,1.5795,37.33165518125916
507507.0,2.5,-0.0440086484830528,0.0440086484830528,001055_2014-06-08_18-45-35_260595134347_rgbf000111-resize,-2.8025915242836006,2.8025915242836006,2.4290000000000003,8.406298609581565
507507.0,2.5,-0.7662922442382087,0.7662922442382087,000549_2014-06-08_22-10-24_260595134347_rgbf000247-resize,-3.2454042585109244,3.2454042585109244,1.841,30.99307977870557
507507.0,2.5,-0.7560393302972349,0.7560393302972349,000137_2014-05-20_17-04-49_260595134347_rgbf000120-resize,-4.1595915242835995,4.1595915242835995,3.786,14.89611111351161
507507.0,2.5,-0.16652829785933893,0.16652829785933893,001056_2014-06-08_18-46-44_260595134347_rgbf000068-resize,-3.0360915242836004,3.0360915242836004,2.6625,11.38594592369452
507507.0,2.5,-0.6758200818383926,0.6758200818383926,002199_2014-06-28_18-33-56_260595134347_rgbf000074-resize,-3.2286021361397035,3.2286021361397035,1.996,17.12852126070164
507507.0,2.5,-0.2789769631900913,0.2789769631900913,000917_2014-06-09_22-45-29_260595134347_rgbf000149-resize,-3.8728830347987175,3.8728830347987175,4.1865,9.740561609074897
507507.0,2.5,-0.4423243903075791,0.4423243903075791,002953_2014-06-08_17-32-18_094959634447_rgbf000059-resize,-2.783602136139704,2.783602136139704,1.551,13.905027931093345
507507.0,2.5,-0.5903165739578689,0.5903165739578689,002905_2014-06-03_18-04-43_094959634447_rgbf000151-resize,-3.159020862716972,3.159020862716972,2.0295,12.020604335789361
507507.0,2.5,-0.4975586486816204,0.4975586486816204,003129_2014-05-12_10-48-10_094959634447_rgbf000100-resize,-4.445080912427498,4.445080912427498,4.9305,17.9074543760639
507507.0,2.5,-0.2399665362760457,0.2399665362760457,002988_2014-06-15_12-24-20_094959634447_rgbf000150-resize,-4.109778790056277,4.109778790056277,4.7669999999999995,14.460306569198616
507507.0,2.5,-0.5795550355605537,0.5795550355605537,001052_2014-06-08_18-24-54_260595134347_rgbf000130-resize,-4.134487279541158,4.134487279541158,4.1045,25.87613690895519
507507.0,2.5,-0.5038360295717357,0.5038360295717357,001214_2014-06-17_16-13-55_260595134347_rgbf000111-resize,-3.3676957690260423,3.3676957690260423,2.6505,18.479282579459067
507507.0,2.5,-0.22561940019022345,0.22561940019022345,002272_2014-06-28_18-53-56_260595134347_rgbf000067-resize,-2.370602136139704,2.370602136139704,1.138,10.409245808146235
507507.0,2.5,-0.260855356088786,0.260855356088786,001571_2014-06-20_17-21-32_260595134347_rgbf000089-resize,-2.7489978913972632,2.7489978913972632,1.86,4.991960350191473
507507.0,2.5,-0.385230620572087,0.385230620572087,002444_2014-06-28_20-32-08_260595134347_rgbf000027-resize,-4.075383034798716,4.075383034798716,4.388999999999999,17.102760279009576
507507.0,2.5,-0.7387239194646125,0.7387239194646125,001132_2014-06-17_14-48-54_260595134347_rgbf000100-resize,-4.126591524283601,4.126591524283601,3.753,14.398279213278778
507507.0,2.5,-0.4847243481790908,0.4847243481790908,003070_2014-06-15_14-58-27_094959634447_rgbf000150-resize,-3.486893646654821,3.486893646654821,2.9415,10.664823740812926
507507.0,2.5,-0.4937861257933465,0.4937861257933465,000943_2014-06-09_19-31-07_260595134347_rgbf000128-resize,-3.037300013768484,3.037300013768484,1.9765,15.893099149291922
507507.0,2.5,-0.23094691919607035,0.23094691919607035,000709_2014-06-08_13-51-55_260595134347_rgbf000068-resize,-2.6919978913972624,2.6919978913972624,1.8030000000000002,14.429351101546246
507507.0,2.5,-0.1999277707907925,0.1999277707907925,000758_2014-06-08_22-05-08_260595134347_rgbf000085-resize,-3.4109872795411587,3.4109872795411587,3.3810000000000002,11.91317737826679
507507.0,2.5,-1.4101107015602392,1.4101107015602392,000854_2014-06-09_19-43-13_260595134347_rgbf000066-resize,-4.472404258510925,4.472404258510925,3.068,11.910827625938722
507507.0,2.5,-0.5200618091589413,0.5200618091589413,001164_2014-06-17_15-35-46_260595134347_rgbf000085-resize,-3.2429978913972626,3.2429978913972626,2.354,17.325668807481115
507507.0,2.5,-0.09193913552299726,0.09193913552299726,001136_2014-06-17_15-19-41_260595134347_rgbf000076-resize,-2.5826957690260417,2.5826957690260417,1.8655,18.667799879387072
507507.0,2.5,-0.2802083119238625,0.2802083119238625,000739_2014-06-08_18-45-58_260595134347_rgbf000068-resize,-3.5639872795411587,3.5639872795411587,3.534,8.164356963721069
507507.0,2.5,-1.0915507914496112,1.0915507914496112,000734_2014-06-08_17-39-11_260595134347_rgbf000128-resize,-4.643393646654821,4.643393646654821,4.098,16.052231618370055
507507.0,2.5,-1.0446505911080877,1.0446505911080877,000522_2014-06-08_13-35-06_260595134347_rgbf000244-resize,-3.775904258510925,3.775904258510925,2.3715,25.742609854068213
507507.0,2.5,-0.4491858251638709,0.4491858251638709,002949_2014-06-26_15-57-42_094959634447_rgbf000079-resize,-2.9523000137684834,2.9523000137684834,1.8915,17.99500168321199
507507.0,2.5,-0.11308836191810913,0.11308836191810913,000866_2014-06-09_20-45-42_260595134347_rgbf000139-resize,-3.24548727954116,3.24548727954116,3.2155,8.082259189449621
507507.0,2.5,-0.141746317937112,0.141746317937112,001555_2014-06-20_17-12-10_260595134347_rgbf000065-resize,-2.5219978913972625,2.5219978913972625,1.633,7.608284543781994
507507.0,2.5,-0.20493359054006355,0.20493359054006355,003534_2014-05-22_15-06-10_094959634447_rgbf000102-resize,-2.486800013768483,2.486800013768483,1.426,12.376994007247625
507507.0,2.5,-0.16015136001514407,0.16015136001514407,002637_2014-06-24_14-51-13_094959634447_rgbf000066-resize,-2.712695769026042,2.712695769026042,1.9955,10.972027795242447
507507.0,2.5,-0.6916609213675704,0.6916609213675704,000773_2014-06-08_22-24-54_260595134347_rgbf000093-resize,-4.659383034798718,4.659383034798718,4.973,21.45352631724976
507507.0,2.5,-0.02798393093121998,0.02798393093121998,002414_2014-06-28_20-24-58_260595134347_rgbf000067-resize,-3.705778790056277,3.705778790056277,4.363,31.720662178139435
507507.0,2.5,-0.038499199581765335,0.038499199581765335,001059_2014-06-08_21-53-27_260595134347_rgbf000061-resize,-2.7920915242835997,2.7920915242835997,2.4185,8.755513319222857
507507.0,2.5,-0.25266106741741745,0.25266106741741745,003292_2014-05-14_21-53-49_094959634447_rgbf000100-resize,-3.51148727954116,3.51148727954116,3.4815,33.084282711345374
507507.0,2.5,-0.42615795526736777,0.42615795526736777,001570_2014-06-20_17-21-09_260595134347_rgbf000135-resize,-4.1533830347987175,4.1533830347987175,4.467,22.179510675592084
507507.0,2.5,-0.5970016237479667,0.5970016237479667,001447_2014-06-19_17-00-32_260595134347_rgbf000082-resize,-4.167737279541159,4.167737279541159,4.13775,46.830399423560245
507507.0,2.5,-0.1691307646880338,0.1691307646880338,000742_2014-06-08_18-48-09_260595134347_rgbf000164-resize,-3.974778790056277,3.974778790056277,4.632,18.91549953899407
507507.0,2.5,-0.11012203529852477,0.11012203529852477,002758_2014-06-22_19-11-20_094959634447_rgbf000128-resize,-2.9285915242836005,2.9285915242836005,2.555,7.204478276142114
507507.0,2.5,-0.2998899104470718,0.2998899104470718,002549_2014-06-24_13-41-39_094959634447_rgbf000022-resize,-2.6055208627169715,2.6055208627169715,1.476,4.1736441355391865
507507.0,2.5,-0.004655442045279068,0.004655442045279068,002750_2014-06-22_19-08-03_094959634447_rgbf000094-resize,-2.7275915242836004,2.7275915242836004,2.354,8.789636111124727
507507.0,2.5,-0.5604644344350578,0.5604644344350578,000502_2014-06-08_23-02-32_260595134347_rgbf000063-resize,-3.3199978913972625,3.3199978913972625,2.431,13.897287578908273
507507.0,2.5,-0.889417027847806,0.889417027847806,001806_2014-06-26_20-50-20_260595134347_rgbf000091-resize,-3.7913000137684834,3.7913000137684834,2.7305,13.909869710567438
507507.0,2.5,-0.41505863265065024,0.41505863265065024,001617_2014-06-20_11-35-32_260595134347_rgbf000066-resize,-3.8209872795411592,3.8209872795411592,3.7910000000000004,19.974169961071475
507507.0,2.5,-0.5744898712642923,0.5744898712642923,000493_2014-06-09_21-01-18_260595134347_rgbf000196-resize,-3.8135915242836,3.8135915242836,3.44,19.629285382994567
507507.0,2.5,-0.5807863842943362,0.5807863842943362,001449_2014-06-19_17-01-27_260595134347_rgbf000116-resize,-3.8255915242836,3.8255915242836,3.452,8.994872108877228
507507.0,2.5,-0.31752397335918103,0.31752397335918103,003228_2014-05-14_13-42-35_094959634447_rgbf000101-resize,-2.8569978913972625,2.8569978913972625,1.9680000000000002,14.40337638638131
507507.0,2.5,-0.5893234524894257,0.5893234524894257,000368_2014-06-09_15-53-01_260595134347_rgbf000155-resize,-3.3749978913972627,3.3749978913972627,2.4859999999999998,21.090700959072958
507507.0,2.5,-0.09965447201151888,0.09965447201151888,002763_2014-06-22_19-13-10_094959634447_rgbf000075-resize,-2.504027042448774,2.504027042448774,1.68375,5.5919783591245595
507507.0,2.5,-0.5360252340365637,0.5360252340365637,002209_2014-06-28_18-36-10_260595134347_rgbf000051-resize,-3.1178000137684827,3.1178000137684827,2.057,12.962068825921264
507507.0,2.5,-0.614528636749538,0.614528636749538,001828_2014-06-26_21-40-03_260595134347_rgbf000024-resize,-4.5123830347987175,4.5123830347987175,4.8260000000000005,35.55232951340613
507507.0,2.5,-0.5441371497665566,0.5441371497665566,002570_2014-06-24_13-59-54_094959634447_rgbf000059-resize,-4.066987279541158,4.066987279541158,4.037,41.596140375002705
507507.0,2.5,-0.5704530455392183,0.5704530455392183,002467_2014-06-28_20-38-07_260595134347_rgbf000026-resize,-4.428383034798718,4.428383034798718,4.742,15.331046216195933
507507.0,2.5,-0.638605925484369,0.638605925484369,001810_2014-06-26_20-51-35_260595134347_rgbf000040-resize,-3.3133000137684827,3.3133000137684827,2.2525,22.411391411207674
507507.0,2.5,-0.062191548258577325,0.062191548258577325,003010_2014-06-15_12-54-35_094959634447_rgbf000112-resize,-3.14848727954116,3.14848727954116,3.1185,6.696951333567531
507507.0,2.5,-0.4576776856475642,0.4576776856475642,001092_2014-06-15_17-34-58_260595134347_rgbf000171-resize,-3.3419749200775533,3.3419749200775533,2.6935,9.164038324933468
507507.0,2.5,-0.3613211248970787,0.3613211248970787,002545_2014-06-24_13-38-53_094959634447_rgbf000080-resize,-2.8782187403457518,2.8782187403457518,1.9205,12.083824048628237
507507.0,2.5,-0.5994748613491074,0.5994748613491074,001167_2014-06-17_15-38-07_260595134347_rgbf000108-resize,-3.083102136139704,3.083102136139704,1.8505,12.019050657019696
507507.0,2.5,-0.5123328853597517,0.5123328853597517,003587_2014-05-23_16-48-02_094959634447_rgbf002384-resize,-2.7614042585109244,2.7614042585109244,1.357,20.788172722830538
182081.0,2.5,-0.14520496857195558,0.14520496857195558,001808_2014-06-26_20-50-58_260595134347_rgbf000029-resize,-3.7688167014824336,3.7688167014824336,4.249,20.030651550568866
182081.0,2.5,-0.6528803701563044,0.6528803701563044,001029_2014-06-08_13-17-57_260595134347_rgbf000065-resize,-3.7225409311098447,3.7225409311098447,3.0835,18.209734661918688
182081.0,2.5,-0.760902542010871,0.760902542010871,000677_2014-06-08_23-10-32_260595134347_rgbf000158-resize,-4.055137902406417,4.055137902406417,3.556,19.65196273325612
182081.0,2.5,-0.37000354399746505,0.37000354399746505,001516_2014-06-20_16-25-09_260595134347_rgbf000076-resize,-2.803250017220124,2.803250017220124,1.7445,3.8622659094666254
182081.0,2.5,-0.4780936843465618,0.4780936843465618,001650_2014-06-20_12-09-00_260595134347_rgbf000087-resize,-3.0092500172201233,3.0092500172201233,1.9505,47.6804595860539
182081.0,2.5,-0.24656089350338214,0.24656089350338214,001244_2014-06-17_16-47-45_260595134347_rgbf000030-resize,-2.8214439598132715,2.8214439598132715,2.0425,6.7629638807870815
182081.0,2.5,-0.1676600944127652,0.1676600944127652,003495_2014-05-21_16-01-51_094959634447_rgbf000100-resize,-2.5443469885166983,2.5443469885166983,1.6255,12.747278812179
182081.0,2.5,-0.4513144654318521,0.4513144654318521,001150_2014-06-17_15-27-34_260595134347_rgbf000108-resize,-3.9720257875927127,3.9720257875927127,4.0325,11.088139074292139
182081.0,2.5,-0.21926648443801125,0.21926648443801125,000665_2014-06-09_20-42-35_260595134347_rgbf000110-resize,-3.2763318449995658,3.2763318449995658,3.057,18.49880761375764
182081.0,2.5,-0.4434438241442903,0.4434438241442903,002375_2014-06-28_20-13-44_260595134347_rgbf000032-resize,-3.9570257875927126,3.9570257875927126,4.0175,48.76103649676905
182081.0,2.5,-0.4770347462397015,0.4770347462397015,002568_2014-06-24_13-59-21_094959634447_rgbf000062-resize,-3.5141379024064188,3.5141379024064188,3.015,29.63840999388049
182081.0,2.5,-0.6575347864343069,0.6575347864343069,000788_2014-06-08_22-34-36_260595134347_rgbf000131-resize,-3.858137902406418,3.858137902406418,3.359,21.46386213810664
182081.0,2.5,-0.5359286189073247,0.5359286189073247,001235_2014-06-17_16-37-36_260595134347_rgbf000084-resize,-3.8798318449995657,3.8798318449995657,3.6605,14.547706659434104
182081.0,2.5,-0.5552939374591286,0.5552939374591286,000470_2014-06-09_19-42-40_260595134347_rgbf000094-resize,-3.0296530459235513,3.0296530459235513,1.831,22.486379427626872
182081.0,2.5,-0.30526989922445313,0.30526989922445313,000109_2014-05-14_23-41-52_260595134347_rgbf000035-resize,-2.5531530459235507,2.5531530459235507,1.3545,6.620498200896815
182081.0,2.5,-0.00027778969742231485,0.00027778969742231485,002509_2014-06-24_13-19-22_094959634447_rgbf000077-resize,-2.2253469885166983,2.2253469885166983,1.3065,40.21868783296904
182081.0,2.5,-0.34298100891019634,0.34298100891019634,003338_2014-05-20_11-01-23_094959634447_rgbf000051-resize,-2.7517500172201244,2.7517500172201244,1.693,28.251495663089063
182081.0,2.5,-0.4015735607175669,0.4015735607175669,002784_2014-06-22_19-26-30_094959634447_rgbf000083-resize,-2.8634166838868245,2.8634166838868245,1.8046666666667,3.0422522474895675
182081.0,2.5,-0.7699000898998107,0.7699000898998107,001100_2014-06-15_17-46-26_260595134347_rgbf000225-resize,-3.4386530459235507,3.4386530459235507,2.24,9.548860596737413
182081.0,2.5,-0.18156489402077916,0.18156489402077916,000469_2014-06-09_19-42-10_260595134347_rgbf000081-resize,-2.5708469885166982,2.5708469885166982,1.652,25.13136208408983
182081.0,2.5,-0.1561844556855433,0.1561844556855433,000483_2014-06-09_20-41-45_260595134347_rgbf000116-resize,-2.3957500172201245,2.3957500172201245,1.337,29.232414989368262
182081.0,2.5,-0.20202856136842728,0.20202856136842728,002964_2014-06-08_17-46-11_094959634447_rgbf000091-resize,-2.6098469885166984,2.6098469885166984,1.6909999999999998,28.953812917975768
182081.0,2.5,-0.4815042955711666,0.4815042955711666,002136_2014-06-25_21-18-03_260595134347_rgbf000109-resize,-3.0157500172201246,3.0157500172201246,1.9569999999999999,13.297078442475444
182081.0,2.5,-0.09483286433159938,0.09483286433159938,000691_2014-06-08_13-08-50_260595134347_rgbf000132-resize,-3.6728167014824336,3.6728167014824336,4.1530000000000005,14.740846212587924
182081.0,2.5,-0.6797085190285138,0.6797085190285138,000929_2014-06-09_16-33-19_260595134347_rgbf000139-resize,-3.646943959813272,3.646943959813272,2.8680000000000003,19.501338012209015
182081.0,2.5,-0.809700517993716,0.809700517993716,000457_2014-06-08_16-52-43_260595134347_rgbf000199-resize,-4.148137902406417,4.148137902406417,3.6489999999999996,14.067279821032837
182081.0,2.5,-0.4256037038924981,0.4256037038924981,003621_2014-05-23_18-06-08_094959634447_rgbf000101-resize,-3.923025787592713,3.923025787592713,3.9835,23.07176470133362
182081.0,2.5,-0.24398583182670355,0.24398583182670355,002279_2014-06-28_18-55-32_260595134347_rgbf000040-resize,-2.5630833505534243,2.5630833505534243,1.5043333333333,15.963772282558683
182081.0,2.5,-0.3870470808519921,0.3870470808519921,002043_2014-06-24_20-29-38_260595134347_rgbf000039-resize,-3.342637902406419,3.342637902406419,2.8435,8.475049543704081
182081.0,2.5,-0.016388806165622268,0.016388806165622268,003048_2014-06-15_13-49-43_094959634447_rgbf000150-resize,-3.523316701482434,3.523316701482434,4.0035,24.355606534500392
182081.0,2.5,-0.6063851373337124,0.6063851373337124,002725_2014-06-22_11-47-51_094959634447_rgbf000070-resize,-3.2537500172201232,3.2537500172201232,2.195,3.938570017428758
182081.0,2.5,-0.563232547241209,0.563232547241209,002344_2014-06-28_20-06-29_260595134347_rgbf000030-resize,-2.918056074626977,2.918056074626977,1.5795,37.33165518125916
182081.0,2.5,-0.2807349742439823,0.2807349742439823,000549_2014-06-08_22-10-24_260595134347_rgbf000247-resize,-2.7598469885166983,2.7598469885166983,1.841,30.99307977870557
182081.0,2.5,-0.17977734101117682,0.17977734101117682,000736_2014-06-08_18-24-15_260595134347_rgbf000206-resize,-3.4545257875927127,3.4545257875927127,3.515,33.408170606136416
182081.0,2.5,-0.6017796510132003,0.6017796510132003,000137_2014-05-20_17-04-49_260595134347_rgbf000120-resize,-4.005331844999566,4.005331844999566,3.786,14.89611111351161
182081.0,2.5,-0.6418709916222396,0.6418709916222396,002199_2014-06-28_18-33-56_260595134347_rgbf000074-resize,-3.1946530459235514,3.1946530459235514,1.996,17.12852126070164
182081.0,2.5,-0.1124106298738074,0.1124106298738074,000917_2014-06-09_22-45-29_260595134347_rgbf000149-resize,-3.7063167014824336,3.7063167014824336,4.1865,9.740561609074897
182081.0,2.5,-0.4083753000914261,0.4083753000914261,002953_2014-06-08_17-32-18_094959634447_rgbf000059-resize,-2.74965304592355,2.74965304592355,1.551,13.905027931093345
182081.0,2.5,-0.2397396710541687,0.2397396710541687,002905_2014-06-03_18-04-43_094959634447_rgbf000151-resize,-2.808443959813272,2.808443959813272,2.0295,12.020604335789361
182081.0,2.5,-0.502794437736557,0.502794437736557,003129_2014-05-12_10-48-10_094959634447_rgbf000100-resize,-4.450316701482434,4.450316701482434,4.9305,17.9074543760639
182081.0,2.5,-1.2564226199227608,1.2564226199227608,002988_2014-06-15_12-24-20_094959634447_rgbf000150-resize,-5.126234873702994,5.126234873702994,4.7669999999999995,14.460306569198616
182081.0,2.5,-0.4890935436121072,0.4890935436121072,001052_2014-06-08_18-24-54_260595134347_rgbf000130-resize,-4.044025787592712,4.044025787592712,4.1045,25.87613690895519
182081.0,2.5,-0.005972105545259759,0.005972105545259759,001214_2014-06-17_16-13-55_260595134347_rgbf000111-resize,-2.869831844999567,2.869831844999567,2.6505,18.479282579459067
182081.0,2.5,-0.1916703099740704,0.1916703099740704,002272_2014-06-28_18-53-56_260595134347_rgbf000067-resize,-2.3366530459235504,2.3366530459235504,1.138,10.409245808146235
182081.0,2.5,-0.43060748191164777,0.43060748191164777,001571_2014-06-20_17-21-32_260595134347_rgbf000089-resize,-2.9187500172201233,2.9187500172201233,1.86,4.991960350191473
182081.0,2.5,-0.12552836535305986,0.12552836535305986,001133_2014-06-17_14-49-16_260595134347_rgbf000100-resize,-3.7313167014824336,3.7313167014824336,4.2115,26.759918254713728
182081.0,2.5,-0.3046581827737248,0.3046581827737248,001132_2014-06-17_14-48-54_260595134347_rgbf000100-resize,-3.6925257875927127,3.6925257875927127,3.753,14.398279213278778
182081.0,2.5,-0.43846860393068815,0.43846860393068815,003070_2014-06-15_14-58-27_094959634447_rgbf000150-resize,-3.440637902406418,3.440637902406418,2.9415,10.664823740812926
182081.0,2.5,-0.35183310054156125,0.35183310054156125,000943_2014-06-09_19-31-07_260595134347_rgbf000128-resize,-2.8953469885166987,2.8953469885166987,1.9765,15.893099149291922
182081.0,2.5,-0.17204263671267486,0.17204263671267486,002057_2014-06-24_21-00-13_260595134347_rgbf000120-resize,-3.186331844999567,3.186331844999567,2.967,10.990036854719376
182081.0,2.5,-0.6447473741591598,0.6447473741591598,000854_2014-06-09_19-43-13_260595134347_rgbf000066-resize,-3.707040931109845,3.707040931109845,3.068,11.910827625938722
182081.0,2.5,-0.5499109062783768,0.5499109062783768,001164_2014-06-17_15-35-46_260595134347_rgbf000085-resize,-3.2728469885166986,3.2728469885166986,2.354,17.325668807481115
182081.0,2.5,-0.4334933837170798,0.4334933837170798,001136_2014-06-17_15-19-41_260595134347_rgbf000076-resize,-2.924250017220124,2.924250017220124,1.8655,18.667799879387072
182081.0,2.5,-0.469552877382269,0.469552877382269,000739_2014-06-08_18-45-58_260595134347_rgbf000068-resize,-3.7533318449995656,3.7533318449995656,3.534,8.164356963721069
182081.0,2.5,-0.7654889897943558,0.7654889897943558,000734_2014-06-08_17-39-11_260595134347_rgbf000128-resize,-4.317331844999567,4.317331844999567,4.098,16.052231618370055
182081.0,2.5,-0.9788024072241404,0.9788024072241404,000522_2014-06-08_13-35-06_260595134347_rgbf000244-resize,-3.710056074626977,3.710056074626977,2.3715,25.742609854068213
182081.0,2.5,-0.4471358286155119,0.4471358286155119,002949_2014-06-26_15-57-42_094959634447_rgbf000079-resize,-2.9502500172201245,2.9502500172201245,1.8915,17.99500168321199
182081.0,2.5,-0.3024329273765156,0.3024329273765156,000866_2014-06-09_20-45-42_260595134347_rgbf000139-resize,-3.4348318449995667,3.4348318449995667,3.2155,8.082259189449621
182081.0,2.5,-0.4514014724634002,0.4514014724634002,001555_2014-06-20_17-12-10_260595134347_rgbf000065-resize,-2.8316530459235505,2.8316530459235505,1.633,7.608284543781994
182081.0,2.5,-0.34278662269513105,0.34278662269513105,003534_2014-05-22_15-06-10_094959634447_rgbf000102-resize,-2.62465304592355,2.62465304592355,1.426,12.376994007247625
182081.0,2.5,-0.04402305770362025,0.04402305770362025,001016_2014-06-09_16-16-10_260595134347_rgbf000112-resize,-2.4354439598132718,2.4354439598132718,1.6565,7.049977084494088
182081.0,2.5,-0.19290459575895585,0.19290459575895585,002340_2014-06-28_20-05-46_260595134347_rgbf000113-resize,-2.9726379024064187,2.9726379024064187,2.4735,7.91768620575396
182081.0,2.5,-0.5250945880512865,0.5250945880512865,000773_2014-06-08_22-24-54_260595134347_rgbf000093-resize,-4.492816701482433,4.492816701482433,4.973,21.45352631724976
182081.0,2.5,-0.4848278997642297,0.4848278997642297,002414_2014-06-28_20-24-58_260595134347_rgbf000067-resize,-4.162622758889287,4.162622758889287,4.363,31.720662178139435
182081.0,2.5,-0.16404557770458345,0.16404557770458345,001059_2014-06-08_21-53-27_260595134347_rgbf000061-resize,-2.9176379024064185,2.9176379024064185,2.4185,8.755513319222857
182081.0,2.5,-1.0318565077863495,1.0318565077863495,001032_2014-06-08_13-23-17_260595134347_rgbf000021-resize,-4.191346988516698,4.191346988516698,3.2725,15.984983178828962
182081.0,2.5,-0.162199575468971,0.162199575468971,003292_2014-05-14_21-53-49_094959634447_rgbf000100-resize,-3.4210257875927126,3.4210257875927126,3.4815,33.084282711345374
182081.0,2.5,-0.03422892641742287,0.03422892641742287,002639_2014-06-24_14-51-37_094959634447_rgbf000074-resize,-3.5573167014824336,3.5573167014824336,4.0375,16.521406794569987
182081.0,2.5,-0.5050971808968029,0.5050971808968029,001392_2014-06-19_16-07-59_260595134347_rgbf000046-resize,-4.074525787592712,4.074525787592712,4.135,18.95235574822112
182081.0,2.5,-0.5154744708281956,0.5154744708281956,002758_2014-06-22_19-11-20_094959634447_rgbf000128-resize,-3.333943959813272,3.333943959813272,2.555,7.204478276142114
182081.0,2.5,-0.2291190649502246,0.2291190649502246,002549_2014-06-24_13-41-39_094959634447_rgbf000022-resize,-2.5347500172201243,2.5347500172201243,1.476,4.1736441355391865
182081.0,2.5,-0.13020182016809714,0.13020182016809714,002750_2014-06-22_19-08-03_094959634447_rgbf000094-resize,-2.8531379024064187,2.8531379024064187,2.354,8.789636111124727
182081.0,2.5,-0.5903135315544933,0.5903135315544933,000502_2014-06-08_23-02-32_260595134347_rgbf000063-resize,-3.3498469885166986,3.3498469885166986,2.431,13.897287578908273
182081.0,2.5,-1.0272700600028737,1.0272700600028737,001806_2014-06-26_20-50-20_260595134347_rgbf000091-resize,-3.929153045923551,3.929153045923551,2.7305,13.909869710567438
182081.0,2.5,-0.7447629677371217,0.7447629677371217,000506_2014-06-08_23-21-00_260595134347_rgbf000070-resize,-4.277831844999566,4.277831844999566,4.0585,16.716212007621664
182081.0,2.5,-0.5664297337137277,0.5664297337137277,001449_2014-06-19_17-01-27_260595134347_rgbf000116-resize,-3.8112348737029915,3.8112348737029915,3.452,8.994872108877228
182081.0,2.5,-0.719664367186823,0.719664367186823,001450_2014-06-19_17-02-03_260595134347_rgbf000203-resize,-4.229998511666266,4.229998511666266,4.0106666666667,12.34882649363641
182081.0,2.5,-0.06211601339648245,0.06211601339648245,002600_2014-06-24_14-27-04_094959634447_rgbf000074-resize,-2.9768318449995657,2.9768318449995657,2.7575,44.47386082434929
182081.0,2.5,-0.6271791278854693,0.6271791278854693,003228_2014-05-14_13-42-35_094959634447_rgbf000101-resize,-3.1666530459235505,3.1666530459235505,1.9680000000000002,14.40337638638131
182081.0,2.5,-0.059560434795155374,0.059560434795155374,000368_2014-06-09_15-53-01_260595134347_rgbf000155-resize,-2.8452348737029918,2.8452348737029918,2.4859999999999998,21.090700959072958
182081.0,2.5,-0.04047650948996345,0.04047650948996345,002678_2014-06-13_16-15-32_094959634447_rgbf000151-resize,-2.682137902406419,2.682137902406419,2.1830000000000003,32.96558503300821
182081.0,2.5,-0.058321389376016164,0.058321389376016164,002763_2014-06-22_19-13-10_094959634447_rgbf000075-resize,-2.4626939598132718,2.4626939598132718,1.68375,5.5919783591245595
182081.0,2.5,-0.2541691800813518,0.2541691800813518,002209_2014-06-28_18-36-10_260595134347_rgbf000051-resize,-2.8359439598132714,2.8359439598132714,2.057,12.962068825921264
182081.0,2.5,-0.447962303433254,0.447962303433254,001828_2014-06-26_21-40-03_260595134347_rgbf000024-resize,-4.345816701482434,4.345816701482434,4.8260000000000005,35.55232951340613
182081.0,2.5,-0.07288207575799255,0.07288207575799255,001110_2014-06-15_17-25-28_260595134347_rgbf000150-resize,-2.4904439598132715,2.4904439598132715,1.7115,9.336195527413247
182081.0,2.5,-0.020663969282026327,0.020663969282026327,000927_2014-06-09_16-32-30_260595134347_rgbf000123-resize,-2.897831844999567,2.897831844999567,2.6785,11.715239650325241
182081.0,2.5,-1.013287772631816,1.013287772631816,002570_2014-06-24_13-59-54_094959634447_rgbf000059-resize,-4.536137902406418,4.536137902406418,4.037,41.596140375002705
182081.0,2.5,-0.21684684282573088,0.21684684282573088,001810_2014-06-26_20-51-35_260595134347_rgbf000040-resize,-2.891540931109845,2.891540931109845,2.2525,22.411391411207674
182081.0,2.5,-0.5313421711238366,0.5313421711238366,003010_2014-06-15_12-54-35_094959634447_rgbf000112-resize,-3.6176379024064182,3.6176379024064182,3.1185,6.696951333567531
182081.0,2.5,-0.2944263490999065,0.2944263490999065,000409_2014-06-04_19-23-33_260595134347_rgbf000067-resize,-3.673025787592713,3.673025787592713,3.7335,12.696549983566419
182081.0,2.5,-0.7280497540867087,0.7280497540867087,001092_2014-06-15_17-34-58_260595134347_rgbf000171-resize,-3.6123469885166983,3.6123469885166983,2.6935,9.164038324933468
182081.0,2.5,-0.18254634436459927,0.18254634436459927,002545_2014-06-24_13-38-53_094959634447_rgbf000080-resize,-2.699443959813272,2.699443959813272,1.9205,12.083824048628237
182081.0,2.5,-0.4256227424295279,0.4256227424295279,001167_2014-06-17_15-38-07_260595134347_rgbf000108-resize,-2.909250017220123,2.909250017220123,1.8505,12.019050657019696
182081.0,2.5,-0.30658167277237797,0.30658167277237797,003587_2014-05-23_16-48-02_094959634447_rgbf002384-resize,-2.5556530459235507,2.5556530459235507,1.357,20.788172722830538
493852.0,2.5,-0.221767305024504,0.221767305024504,001808_2014-06-26_20-50-58_260595134347_rgbf000029-resize,-3.845379037934982,3.845379037934982,4.249,20.030651550568866
493852.0,2.5,-0.7959605099273923,0.7959605099273923,001815_2014-06-26_20-52-55_260595134347_rgbf000020-resize,-4.009634116872311,4.009634116872311,3.3865,18.626322656731816
493852.0,2.5,-1.9116538354140915,1.9116538354140915,000677_2014-06-08_23-10-32_260595134347_rgbf000158-resize,-5.20588919580964,5.20588919580964,3.556,19.65196273325612
493852.0,2.5,-2.4728305592167903,2.4728305592167903,001417_2014-06-19_16-25-36_260595134347_rgbf000115-resize,-6.275389195809638,6.275389195809638,4.6255,49.17091269608214
493852.0,2.5,-0.04520258547367578,0.04520258547367578,003081_2014-06-15_15-19-16_094959634447_rgbf000150-resize,-3.5088790379349826,3.5088790379349826,3.9125,16.632991649560594
493852.0,2.5,-0.4483405197270198,0.4483405197270198,000682_2014-06-08_23-14-58_260595134347_rgbf000041-resize,-3.3471341168723114,3.3471341168723114,2.7239999999999998,8.707843071693064
493852.0,2.5,-0.0907510505624216,0.0907510505624216,001244_2014-06-17_16-47-45_260595134347_rgbf000030-resize,-2.6656341168723108,2.6656341168723108,2.0425,6.7629638807870815
493852.0,2.5,-0.5326576358829349,0.5326576358829349,000556_2014-06-09_22-42-56_260595134347_rgbf000214-resize,-4.437879037934982,4.437879037934982,4.8415,23.88242025565649
493852.0,2.5,-0.10029707448655972,0.10029707448655972,002375_2014-06-28_20-13-44_260595134347_rgbf000032-resize,-3.613879037934983,3.613879037934983,4.0175,48.76103649676905
493852.0,2.5,-0.6010309607055937,0.6010309607055937,002568_2014-06-24_13-59-21_094959634447_rgbf000062-resize,-3.6381341168723114,3.6381341168723114,3.015,29.63840999388049
493852.0,2.5,-0.9399932454896504,0.9399932454896504,000692_2014-06-08_13-09-42_260595134347_rgbf000199-resize,-4.284134116872311,4.284134116872311,3.661,54.80046590295557
493852.0,2.5,-1.2319940372579508,1.2319940372579508,001094_2014-06-15_17-36-00_260595134347_rgbf000205-resize,-4.8406341168723115,4.8406341168723115,4.2175,17.196771274488466
493852.0,2.5,-0.7938616722507041,0.7938616722507041,000780_2014-06-08_22-28-29_260595134347_rgbf000126-resize,-4.0056341168723115,4.0056341168723115,3.3825,14.165390776882042
493852.0,2.5,-0.7565060491105415,0.7565060491105415,000109_2014-05-14_23-41-52_260595134347_rgbf000035-resize,-3.00438919580964,3.00438919580964,1.3545,6.620498200896815
493852.0,2.5,-1.2211362397858991,1.2211362397858991,001100_2014-06-15_17-46-26_260595134347_rgbf000225-resize,-3.8898891958096393,3.8898891958096393,2.24,9.548860596737413
493852.0,2.5,-0.17139520078414774,0.17139520078414774,000691_2014-06-08_13-08-50_260595134347_rgbf000132-resize,-3.749379037934983,3.749379037934983,4.1530000000000005,14.740846212587924
493852.0,2.5,-0.9336967324596082,0.9336967324596082,000457_2014-06-08_16-52-43_260595134347_rgbf000199-resize,-4.27213411687231,4.27213411687231,3.6489999999999996,14.067279821032837
493852.0,2.5,-0.22491556153951714,0.22491556153951714,001175_2014-06-17_15-45-55_260595134347_rgbf000129-resize,-3.8513790379349824,3.8513790379349824,4.255,15.34903910495583
493852.0,2.5,-0.9313355400733389,0.9313355400733389,003490_2014-05-21_15-50-11_094959634447_rgbf000101-resize,-4.26763411687231,4.26763411687231,3.6445,19.999457360175192
493852.0,2.5,-0.8351250104162183,0.8351250104162183,002279_2014-06-28_18-55-32_260595134347_rgbf000040-resize,-3.1542225291429387,3.1542225291429387,1.5043333333333,15.963772282558683
493852.0,2.5,-0.10727939726629154,0.10727939726629154,000635_2014-06-08_16-38-42_260595134347_rgbf000106-resize,-2.69713411687231,2.69713411687231,2.074,10.796976226722654
493852.0,2.5,-0.5110432953178843,0.5110432953178843,002043_2014-06-24_20-29-38_260595134347_rgbf000039-resize,-3.4666341168723114,3.4666341168723114,2.8435,8.475049543704081
493852.0,2.5,-0.09295114261817068,0.09295114261817068,003048_2014-06-15_13-49-43_094959634447_rgbf000150-resize,-3.5998790379349823,3.5998790379349823,4.0035,24.355606534500392
493852.0,2.5,-1.0117771815369234,1.0117771815369234,000549_2014-06-08_22-10-24_260595134347_rgbf000247-resize,-3.4908891958096384,3.4908891958096384,1.841,30.99307977870557
493852.0,2.5,-0.8633856702907747,0.8633856702907747,000736_2014-06-08_18-24-15_260595134347_rgbf000206-resize,-4.138134116872311,4.138134116872311,3.515,33.408170606136416
493852.0,2.5,-0.5309822532463575,0.5309822532463575,000642_2014-06-08_16-59-25_260595134347_rgbf000098-resize,-3.5046341168723107,3.5046341168723107,2.8815,31.36214301237791
493852.0,2.5,-2.0900550379320144,2.0900550379320144,002425_2014-06-28_20-27-29_260595134347_rgbf000031-resize,-5.54588919580964,5.54588919580964,3.8960000000000004,8.40495801096819
493852.0,2.5,-0.4160708904480493,0.4160708904480493,001056_2014-06-08_18-46-44_260595134347_rgbf000068-resize,-3.2856341168723113,3.2856341168723113,2.6625,11.38594592369452
493852.0,2.5,-0.1889729663263558,0.1889729663263558,000917_2014-06-09_22-45-29_260595134347_rgbf000149-resize,-3.782879037934982,3.782879037934982,4.1865,9.740561609074897
493852.0,2.5,-0.9767229048315756,0.9767229048315756,002323_2014-06-28_20-01-54_260595134347_rgbf000051-resize,-4.354134116872311,4.354134116872311,3.7310000000000003,18.09172628388976
493852.0,2.5,-1.6061118531264338,1.6061118531264338,003129_2014-05-12_10-48-10_094959634447_rgbf000100-resize,-5.553634116872312,5.553634116872312,4.9305,17.9074543760639
493852.0,2.5,-2.5470769420294084,2.5470769420294084,002988_2014-06-15_12-24-20_094959634447_rgbf000150-resize,-6.41688919580964,6.41688919580964,4.7669999999999995,14.460306569198616
493852.0,2.5,-0.14594679395437665,0.14594679395437665,001052_2014-06-08_18-24-54_260595134347_rgbf000130-resize,-3.7008790379349823,3.7008790379349823,4.1045,25.87613690895519
493852.0,2.5,-0.8257676924410309,0.8257676924410309,000810_2014-06-08_17-20-01_260595134347_rgbf000105-resize,-3.1363891958096386,3.1363891958096386,1.4865,3.0958890116960642
493852.0,2.5,-0.6429064598601588,0.6429064598601588,002272_2014-06-28_18-53-56_260595134347_rgbf000067-resize,-2.787889195809639,2.787889195809639,1.138,10.409245808146235
493852.0,2.5,-0.4429323252047979,0.4429323252047979,002748_2014-06-22_19-07-22_094959634447_rgbf000078-resize,-4.266879037934983,4.266879037934983,4.6705,35.71435075733748
493852.0,2.5,-1.031817393844471,1.031817393844471,002995_2014-06-15_12-31-26_094959634447_rgbf000150-resize,-4.4591341168723115,4.4591341168723115,3.8360000000000003,27.231594395483473
493852.0,2.5,-0.12810667370258805,0.12810667370258805,000436_2014-06-09_22-25-11_260595134347_rgbf000137-resize,-3.6668790379349834,3.6668790379349834,4.0705,20.69156545677159
493852.0,2.5,-1.2288457807429367,1.2288457807429367,001133_2014-06-17_14-49-16_260595134347_rgbf000100-resize,-4.8346341168723095,4.8346341168723095,4.2115,26.759918254713728
493852.0,2.5,-1.589219897333909,1.589219897333909,003070_2014-06-15_14-58-27_094959634447_rgbf000150-resize,-4.591389195809638,4.591389195809638,2.9415,10.664823740812926
493852.0,2.5,-0.7930746081219441,0.7930746081219441,000758_2014-06-08_22-05-08_260595134347_rgbf000085-resize,-4.0041341168723115,4.0041341168723115,3.3810000000000002,11.91317737826679
493852.0,2.5,-0.14253618272977225,0.14253618272977225,000734_2014-06-08_17-39-11_260595134347_rgbf000128-resize,-3.6943790379349823,3.6943790379349823,4.098,16.052231618370055
493852.0,2.5,-0.26338044946947403,0.26338044946947403,000522_2014-06-08_13-35-06_260595134347_rgbf000244-resize,-2.9946341168723114,2.9946341168723114,2.3715,25.742609854068213
493852.0,2.5,-0.19474476993722006,0.19474476993722006,002989_2014-06-15_12-25-03_094959634447_rgbf000150-resize,-3.7938790379349823,3.7938790379349823,4.1975,27.906783421951957
493852.0,2.5,-0.7062351992492606,0.7062351992492606,000866_2014-06-09_20-45-42_260595134347_rgbf000139-resize,-3.8386341168723113,3.8386341168723113,3.2155,8.082259189449621
493852.0,2.5,-0.0660897078614131,0.0660897078614131,002637_2014-06-24_14-51-13_094959634447_rgbf000066-resize,-2.618634116872311,2.618634116872311,1.9955,10.972027795242447
493852.0,2.5,-0.3169008102248481,0.3169008102248481,002340_2014-06-28_20-05-46_260595134347_rgbf000113-resize,-3.0966341168723113,3.0966341168723113,2.4735,7.91768620575396
493852.0,2.5,-0.6016569245038348,0.6016569245038348,000773_2014-06-08_22-24-54_260595134347_rgbf000093-resize,-4.569379037934982,4.569379037934982,4.973,21.45352631724976
493852.0,2.5,-1.3083392577472541,1.3083392577472541,002414_2014-06-28_20-24-58_260595134347_rgbf000067-resize,-4.986134116872312,4.986134116872312,4.363,31.720662178139435
493852.0,2.5,-0.8458079047485689,0.8458079047485689,003292_2014-05-14_21-53-49_094959634447_rgbf000100-resize,-4.104634116872311,4.104634116872311,3.4815,33.084282711345374
493852.0,2.5,-1.1375463418072995,1.1375463418072995,002639_2014-06-24_14-51-37_094959634447_rgbf000074-resize,-4.660634116872311,4.660634116872311,4.0375,16.521406794569987
493852.0,2.5,-1.3629090373409607,1.3629090373409607,001570_2014-06-20_17-21-09_260595134347_rgbf000135-resize,-5.090134116872309,5.090134116872309,4.467,22.179510675592084
493852.0,2.5,-0.16195043123907232,0.16195043123907232,001392_2014-06-19_16-07-59_260595134347_rgbf000046-resize,-3.7313790379349823,3.7313790379349823,4.135,18.95235574822112
493852.0,2.5,-0.34245047143368385,0.34245047143368385,000447_2014-06-08_16-15-46_260595134347_rgbf000130-resize,-4.075379037934982,4.075379037934982,4.479,19.081432914605553
493852.0,2.5,-1.2401270332550958,1.2401270332550958,001066_2014-06-08_22-03-20_260595134347_rgbf000066-resize,-4.856134116872311,4.856134116872311,4.2330000000000005,19.743449467077777
493852.0,2.5,-0.4227310125667392,0.4227310125667392,000742_2014-06-08_18-48-09_260595134347_rgbf000164-resize,-4.228379037934983,4.228379037934983,4.632,18.91549953899407
493852.0,2.5,-1.6249001378374912,1.6249001378374912,002630_2014-06-24_14-47-50_094959634447_rgbf000055-resize,-4.65938919580964,4.65938919580964,3.0095,10.661401196716628
493852.0,2.5,-0.3596646278872351,0.3596646278872351,002758_2014-06-22_19-11-20_094959634447_rgbf000128-resize,-3.1781341168723114,3.1781341168723114,2.555,7.204478276142114
493852.0,2.5,-1.3213557388474344,1.3213557388474344,000502_2014-06-08_23-02-32_260595134347_rgbf000063-resize,-4.0808891958096405,4.0808891958096405,2.431,13.897287578908273
493852.0,2.5,-0.4517511309516336,0.4517511309516336,001806_2014-06-26_20-50-20_260595134347_rgbf000091-resize,-3.3536341168723114,3.3536341168723114,2.7305,13.909869710567438
493852.0,2.5,-0.1218101606725382,0.1218101606725382,000506_2014-06-08_23-21-00_260595134347_rgbf000070-resize,-3.654879037934983,3.654879037934983,4.0585,16.716212007621664
493852.0,2.5,-0.5288834155696729,0.5288834155696729,003079_2014-06-15_15-18-20_094959634447_rgbf000152-resize,-3.5006341168723107,3.5006341168723107,2.8775,9.032134209869396
493852.0,2.5,-1.123466639059568,1.123466639059568,001450_2014-06-19_17-02-03_260595134347_rgbf000203-resize,-4.6338007835390105,4.6338007835390105,4.0106666666667,12.34882649363641
493852.0,2.5,-0.4659182852692274,0.4659182852692274,002600_2014-06-24_14-27-04_094959634447_rgbf000074-resize,-3.38063411687231,3.38063411687231,2.7575,44.47386082434929
493852.0,2.5,-0.16447272395585566,0.16447272395585566,002678_2014-06-13_16-15-32_094959634447_rgbf000151-resize,-2.806134116872311,2.806134116872311,2.1830000000000003,32.96558503300821
493852.0,2.5,-0.023689499287688875,0.023689499287688875,000009_2014-05-26_14-32-05_260595134347_rgbf000034-resize,-3.467879037934982,3.467879037934982,3.8715,34.796526826055185
493852.0,2.5,-1.5512797188231309,1.5512797188231309,001828_2014-06-26_21-40-03_260595134347_rgbf000024-resize,-5.449134116872312,5.449134116872312,4.8260000000000005,35.55232951340613
493852.0,2.5,-0.6687184757785776,0.6687184757785776,002805_2014-06-22_19-54-03_094959634447_rgbf000079-resize,-3.7671341168723114,3.7671341168723114,3.1439999999999997,7.377848172936663
493852.0,2.5,-0.11052890816037958,0.11052890816037958,002570_2014-06-24_13-59-54_094959634447_rgbf000059-resize,-3.6333790379349824,3.6333790379349824,4.037,41.596140375002705
493852.0,2.5,-1.6820934645270569,1.6820934645270569,003010_2014-06-15_12-54-35_094959634447_rgbf000112-resize,-4.76838919580964,4.76838919580964,3.1185,6.696951333567531
493852.0,2.5,-1.5111394482565972,1.5111394482565972,002663_2014-06-13_15-50-26_094959634447_rgbf000075-resize,-5.3726341168723115,5.3726341168723115,4.7495,16.725954086732166
493852.0,2.5,-1.0781529230619709,1.0781529230619709,002875_2014-06-01_15-19-00_094959634447_rgbf000151-resize,-3.6173891958096385,3.6173891958096385,1.9675,11.625680938349673
865328.0,2.5,-0.8590192352007755,0.8590192352007755,001029_2014-06-08_13-17-57_260595134347_rgbf000065-resize,-3.9286797961543165,3.9286797961543165,3.0835,18.209734661918688
865328.0,2.5,-1.1069444357587686,1.1069444357587686,000677_2014-06-08_23-10-32_260595134347_rgbf000158-resize,-4.401179796154317,4.401179796154317,3.556,19.65196273325612
865328.0,2.5,-0.6438636640239601,0.6438636640239601,001417_2014-06-19_16-25-36_260595134347_rgbf000115-resize,-4.446422300616809,4.446422300616809,4.6255,49.17091269608214
865328.0,2.5,-0.4143218251246485,0.4143218251246485,000682_2014-06-08_23-14-58_260595134347_rgbf000041-resize,-3.31311542226994,3.31311542226994,2.7239999999999998,8.707843071693064
865328.0,2.5,-0.5205878371651302,0.5205878371651302,001650_2014-06-20_12-09-00_260595134347_rgbf000087-resize,-3.0517441700386927,3.0517441700386927,1.9505,47.6804595860539
865328.0,2.5,-0.056732355960050225,0.056732355960050225,001244_2014-06-17_16-47-45_260595134347_rgbf000030-resize,-2.6316154222699395,2.6316154222699395,2.0425,6.7629638807870815
865328.0,2.5,-0.35005727593476,0.35005727593476,003495_2014-05-21_16-01-51_094959634447_rgbf000100-resize,-2.7267441700386925,2.7267441700386925,1.6255,12.747278812179
865328.0,2.5,-0.3327109784559481,0.3327109784559481,001150_2014-06-17_15-27-34_260595134347_rgbf000108-resize,-3.853422300616809,3.853422300616809,4.0325,11.088139074292139
865328.0,2.5,-0.32484033716838634,0.32484033716838634,002375_2014-06-28_20-13-44_260595134347_rgbf000032-resize,-3.8384223006168083,3.8384223006168083,4.0175,48.76103649676905
865328.0,2.5,-0.05488351833446875,0.05488351833446875,002568_2014-06-24_13-59-21_094959634447_rgbf000062-resize,-3.091986674501186,3.091986674501186,3.015,29.63840999388049
865328.0,2.5,-0.2353835585290741,0.2353835585290741,000788_2014-06-08_22-34-36_260595134347_rgbf000131-resize,-3.4359866745011862,3.4359866745011862,3.359,21.46386213810664
865328.0,2.5,-0.3935834484089447,0.3935834484089447,001235_2014-06-17_16-37-36_260595134347_rgbf000084-resize,-3.7374866745011857,3.7374866745011857,3.6605,14.547706659434104
865328.0,2.5,-0.6858465948868258,0.6858465948868258,001094_2014-06-15_17-36-00_260595134347_rgbf000205-resize,-4.2944866745011865,4.2944866745011865,4.2175,17.196771274488466
865328.0,2.5,-0.4578850615742706,0.4578850615742706,000470_2014-06-09_19-42-40_260595134347_rgbf000094-resize,-2.9322441700386928,2.9322441700386928,1.831,22.486379427626872
865328.0,2.5,-0.2078610233395952,0.2078610233395952,000109_2014-05-14_23-41-52_260595134347_rgbf000035-resize,-2.4557441700386926,2.4557441700386926,1.3545,6.620498200896815
865328.0,2.5,-0.4387393451037944,0.4387393451037944,002509_2014-06-24_13-19-22_094959634447_rgbf000077-resize,-2.6638085439230696,2.6638085439230696,1.3065,40.21868783296904
865328.0,2.5,-0.1294107878443882,0.1294107878443882,003338_2014-05-20_11-01-23_094959634447_rgbf000051-resize,-2.5381797961543158,2.5381797961543158,1.693,28.251495663089063
865328.0,2.5,-0.4440677135361354,0.4440677135361354,002784_2014-06-22_19-26-30_094959634447_rgbf000083-resize,-2.9059108367053925,2.9059108367053925,1.8046666666667,3.0422522474895675
865328.0,2.5,-0.4164268401305762,0.4164268401305762,001100_2014-06-15_17-46-26_260595134347_rgbf000225-resize,-3.0851797961543164,3.0851797961543164,2.24,9.548860596737413
865328.0,2.5,-0.3639620755427739,0.3639620755427739,000469_2014-06-09_19-42-10_260595134347_rgbf000081-resize,-2.7532441700386934,2.7532441700386934,1.652,25.13136208408983
865328.0,2.5,-0.1986786085041118,0.1986786085041118,000483_2014-06-09_20-41-45_260595134347_rgbf000116-resize,-2.4382441700386925,2.4382441700386925,1.337,29.232414989368262
865328.0,2.5,-0.3844257428904221,0.3844257428904221,002964_2014-06-08_17-46-11_094959634447_rgbf000091-resize,-2.7922441700386926,2.7922441700386926,1.6909999999999998,28.953812917975768
865328.0,2.5,-0.26793407450535844,0.26793407450535844,002136_2014-06-25_21-18-03_260595134347_rgbf000109-resize,-2.8021797961543164,2.8021797961543164,1.9569999999999999,13.297078442475444
865328.0,2.5,-1.1389455329989264,1.1389455329989264,002103_2014-06-25_20-00-40_260595134347_rgbf000049-resize,-4.69411542226994,4.69411542226994,4.105,11.598018874569219
865328.0,2.5,-0.3959384634659744,0.3959384634659744,000691_2014-06-08_13-08-50_260595134347_rgbf000132-resize,-3.9739223006168087,3.9739223006168087,4.1530000000000005,14.740846212587924
865328.0,2.5,-0.5811732430915795,0.5811732430915795,001584_2014-06-20_11-07-43_260595134347_rgbf000002-resize,-3.863051048385562,3.863051048385562,3.53,17.602834139105468
865328.0,2.5,-0.8973168454709674,0.8973168454709674,003490_2014-05-21_15-50-11_094959634447_rgbf000101-resize,-4.233615422269939,4.233615422269939,3.6445,19.999457360175192
865328.0,2.5,-0.28647998464527197,0.28647998464527197,002279_2014-06-28_18-55-32_260595134347_rgbf000040-resize,-2.6055775033719932,2.6055775033719932,1.5043333333333,15.963772282558683
865328.0,2.5,-0.22096022683113592,0.22096022683113592,002043_2014-06-24_20-29-38_260595134347_rgbf000039-resize,-3.1765510483855626,3.1765510483855626,2.8435,8.475049543704081
865328.0,2.5,-1.085687526953128,1.085687526953128,003048_2014-06-15_13-49-43_094959634447_rgbf000150-resize,-4.5926154222699385,4.5926154222699385,4.0035,24.355606534500392
865328.0,2.5,-0.581985016537302,0.581985016537302,002344_2014-06-28_20-06-29_260595134347_rgbf000030-resize,-2.9368085439230702,2.9368085439230702,1.5795,37.33165518125916
865328.0,2.5,-0.7154988543991969,0.7154988543991969,000137_2014-05-20_17-04-49_260595134347_rgbf000120-resize,-4.119051048385563,4.119051048385563,3.786,14.89611111351161
865328.0,2.5,-0.4969635586439861,0.4969635586439861,000642_2014-06-08_16-59-25_260595134347_rgbf000098-resize,-3.4706154222699395,3.4706154222699395,2.8815,31.36214301237791
865328.0,2.5,-0.26108814273918424,0.26108814273918424,002425_2014-06-28_20-27-29_260595134347_rgbf000031-resize,-3.7169223006168086,3.7169223006168086,3.8960000000000004,8.40495801096819
865328.0,2.5,-0.38205219584567773,0.38205219584567773,001056_2014-06-08_18-46-44_260595134347_rgbf000068-resize,-3.25161542226994,3.25161542226994,2.6625,11.38594592369452
865328.0,2.5,-1.0565908635061356,1.0565908635061356,002199_2014-06-28_18-33-56_260595134347_rgbf000074-resize,-3.6093729178074474,3.6093729178074474,1.996,17.12852126070164
865328.0,2.5,-0.4135162290081824,0.4135162290081824,000917_2014-06-09_22-45-29_260595134347_rgbf000149-resize,-4.007422300616809,4.007422300616809,4.1865,9.740561609074897
865328.0,2.5,-0.31096642420656817,0.31096642420656817,002953_2014-06-08_17-32-18_094959634447_rgbf000059-resize,-2.6522441700386934,2.6522441700386934,1.551,13.905027931093345
865328.0,2.5,-0.3059755073952135,0.3059755073952135,002905_2014-06-03_18-04-43_094959634447_rgbf000151-resize,-2.874679796154316,2.874679796154316,2.0295,12.020604335789361
865328.0,2.5,-0.03570691521780134,0.03570691521780134,003129_2014-05-12_10-48-10_094959634447_rgbf000100-resize,-3.983229178963679,3.983229178963679,4.9305,17.9074543760639
865328.0,2.5,-0.3757556828156333,0.3757556828156333,001214_2014-06-17_16-13-55_260595134347_rgbf000111-resize,-3.23961542226994,3.23961542226994,2.6505,18.479282579459067
865328.0,2.5,-0.3503258079735898,0.3503258079735898,002272_2014-06-28_18-53-56_260595134347_rgbf000067-resize,-2.4953085439230698,2.4953085439230698,1.138,10.409245808146235
865328.0,2.5,-0.4731016347302162,0.4731016347302162,001571_2014-06-20_17-21-32_260595134347_rgbf000089-resize,-2.9612441700386936,2.9612441700386936,1.86,4.991960350191473
865328.0,2.5,-0.6981834435665744,0.6981834435665744,001132_2014-06-17_14-48-54_260595134347_rgbf000100-resize,-4.0860510483855625,4.0860510483855625,3.753,14.398279213278778
865328.0,2.5,-0.272381749909832,0.272381749909832,003070_2014-06-15_14-58-27_094959634447_rgbf000150-resize,-3.2745510483855624,3.2745510483855624,2.9415,10.664823740812926
865328.0,2.5,-0.2781659081791794,0.2781659081791794,000943_2014-06-09_19-31-07_260595134347_rgbf000128-resize,-2.8216797961543163,2.8216797961543163,1.9765,15.893099149291922
865328.0,2.5,-0.187128823953124,0.187128823953124,000709_2014-06-08_13-51-55_260595134347_rgbf000068-resize,-2.6481797961543156,2.6481797961543156,1.8030000000000002,14.429351101546246
865328.0,2.5,-0.5948218653192542,0.5948218653192542,000854_2014-06-09_19-43-13_260595134347_rgbf000066-resize,-3.65711542226994,3.65711542226994,3.068,11.910827625938722
865328.0,2.5,-0.2201793400316182,0.2201793400316182,001164_2014-06-17_15-35-46_260595134347_rgbf000085-resize,-2.94311542226994,2.94311542226994,2.354,17.325668807481115
865328.0,2.5,-0.29941046232634105,0.29941046232634105,002153_2014-06-25_21-27-18_260595134347_rgbf000038-resize,-3.0941154222699394,3.0941154222699394,2.505,17.28886317575377
865328.0,2.5,-0.6053098763734281,0.6053098763734281,002660_2014-06-13_15-44-18_094959634447_rgbf001878-resize,-3.9090510483855625,3.9090510483855625,3.576,15.11997681444361
865328.0,2.5,-0.32720770688388906,0.32720770688388906,000739_2014-06-08_18-45-58_260595134347_rgbf000068-resize,-3.6109866745011856,3.6109866745011856,3.534,8.164356963721069
865328.0,2.5,-1.1352725670647297,1.1352725670647297,000734_2014-06-08_17-39-11_260595134347_rgbf000128-resize,-4.6871154222699385,4.6871154222699385,4.098,16.052231618370055
865328.0,2.5,-1.25361925040461,1.25361925040461,000522_2014-06-08_13-35-06_260595134347_rgbf000244-resize,-3.9848729178074467,3.9848729178074467,2.3715,25.742609854068213
865328.0,2.5,-0.4896299814340804,0.4896299814340804,002949_2014-06-26_15-57-42_094959634447_rgbf000079-resize,-2.9927441700386925,2.9927441700386925,1.8915,17.99500168321199
865328.0,2.5,-0.6722165046468892,0.6722165046468892,000866_2014-06-09_20-45-42_260595134347_rgbf000139-resize,-3.80461542226994,3.80461542226994,3.2155,8.082259189449621
865328.0,2.5,-0.6100569704629196,0.6100569704629196,001555_2014-06-20_17-12-10_260595134347_rgbf000065-resize,-2.99030854392307,2.99030854392307,1.633,7.608284543781994
865328.0,2.5,-0.5014421206946504,0.5014421206946504,003534_2014-05-22_15-06-10_094959634447_rgbf000102-resize,-2.78330854392307,2.78330854392307,1.426,12.376994007247625
865328.0,2.5,-0.03207101325904172,0.03207101325904172,002637_2014-06-24_14-51-13_094959634447_rgbf000066-resize,-2.58461542226994,2.58461542226994,1.9955,10.972027795242447
865328.0,2.5,-0.5701358133012846,0.5701358133012846,000773_2014-06-08_22-24-54_260595134347_rgbf000093-resize,-4.537857926732432,4.537857926732432,4.973,21.45352631724976
865328.0,2.5,-1.0182561892605055,1.0182561892605055,002414_2014-06-28_20-24-58_260595134347_rgbf000067-resize,-4.696051048385564,4.696051048385564,4.363,31.720662178139435
865328.0,2.5,-0.5557248362618206,0.5557248362618206,003292_2014-05-14_21-53-49_094959634447_rgbf000100-resize,-3.8145510483855625,3.8145510483855625,3.4815,33.084282711345374
865328.0,2.5,-0.07927015166742096,0.07927015166742096,002639_2014-06-24_14-51-37_094959634447_rgbf000074-resize,-3.602357926732432,3.602357926732432,4.0375,16.521406794569987
865328.0,2.5,-0.8986224416896524,0.8986224416896524,001392_2014-06-19_16-07-59_260595134347_rgbf000046-resize,-4.468051048385561,4.468051048385561,4.135,18.95235574822112
865328.0,2.5,-0.5669937341155105,0.5669937341155105,000447_2014-06-08_16-15-46_260595134347_rgbf000130-resize,-4.299922300616808,4.299922300616808,4.479,19.081432914605553
865328.0,2.5,-0.9000653925923698,0.9000653925923698,001447_2014-06-19_17-00-32_260595134347_rgbf000082-resize,-4.470801048385562,4.470801048385562,4.13775,46.830399423560245
865328.0,2.5,-1.4154673969016964,1.4154673969016964,000742_2014-06-08_18-48-09_260595134347_rgbf000164-resize,-5.221115422269938,5.221115422269938,4.632,18.91549953899407
865328.0,2.5,-0.3256459332848637,0.3256459332848637,002758_2014-06-22_19-11-20_094959634447_rgbf000128-resize,-3.14411542226994,3.14411542226994,2.555,7.204478276142114
865328.0,2.5,-0.2605819653077347,0.2605819653077347,000502_2014-06-08_23-02-32_260595134347_rgbf000063-resize,-3.02011542226994,3.02011542226994,2.431,13.897287578908273
865328.0,2.5,-0.41773243634926216,0.41773243634926216,001806_2014-06-26_20-50-20_260595134347_rgbf000091-resize,-3.31961542226994,3.31961542226994,2.7305,13.909869710567438
865328.0,2.5,-0.20599365372629985,0.20599365372629985,001617_2014-06-20_11-35-32_260595134347_rgbf000066-resize,-3.6119223006168086,3.6119223006168086,3.7910000000000004,19.974169961071475
865328.0,2.5,-0.466518057673625,0.466518057673625,000191_2014-05-12_17-07-38_260595134347_rgbf000199-resize,-3.876486674501186,3.876486674501186,3.7995,12.340757267219296
865328.0,2.5,-0.8584821711231183,0.8584821711231183,000506_2014-06-08_23-21-00_260595134347_rgbf000070-resize,-4.391551048385563,4.391551048385563,4.0585,16.716212007621664
865328.0,2.5,-0.577319196688443,0.577319196688443,001450_2014-06-19_17-02-03_260595134347_rgbf000203-resize,-4.087653341167886,4.087653341167886,4.0106666666667,12.34882649363641
865328.0,2.5,-0.9440283384356094,0.9440283384356094,002600_2014-06-24_14-27-04_094959634447_rgbf000074-resize,-3.8587441700386926,3.8587441700386926,2.7575,44.47386082434929
865328.0,2.5,-0.5297702520006113,0.5297702520006113,003228_2014-05-14_13-42-35_094959634447_rgbf000101-resize,-3.0692441700386928,3.0692441700386928,1.9680000000000002,14.40337638638131
865328.0,2.5,-0.8015697311308561,0.8015697311308561,000368_2014-06-09_15-53-01_260595134347_rgbf000155-resize,-3.5872441700386934,3.5872441700386934,2.4859999999999998,21.090700959072958
865328.0,2.5,-0.12455722571706095,0.12455722571706095,002763_2014-06-22_19-13-10_094959634447_rgbf000075-resize,-2.5289297961543165,2.5289297961543165,1.68375,5.5919783591245595
865328.0,2.5,-0.5764693903067732,0.5764693903067732,002209_2014-06-28_18-36-10_260595134347_rgbf000051-resize,-3.1582441700386927,3.1582441700386927,2.057,12.962068825921264
865328.0,2.5,-1.5172610242207596,1.5172610242207596,001828_2014-06-26_21-40-03_260595134347_rgbf000024-resize,-5.41511542226994,5.41511542226994,4.8260000000000005,35.55232951340613
865328.0,2.5,-0.5911365447265831,0.5911365447265831,002570_2014-06-24_13-59-54_094959634447_rgbf000059-resize,-4.113986674501186,4.113986674501186,4.037,41.596140375002705
865328.0,2.5,-0.4489279374729324,0.4489279374729324,002467_2014-06-28_20-38-07_260595134347_rgbf000026-resize,-4.306857926732432,4.306857926732432,4.742,15.331046216195933
865328.0,2.5,-0.422985707870202,0.422985707870202,001810_2014-06-26_20-51-35_260595134347_rgbf000040-resize,-3.0976797961543165,3.0976797961543165,2.2525,22.411391411207674
865328.0,2.5,-0.17582286212400253,0.17582286212400253,000409_2014-06-04_19-23-33_260595134347_rgbf000067-resize,-3.5544223006168085,3.5544223006168085,3.7335,12.696549983566419
865328.0,2.5,-0.2734435234066481,0.2734435234066481,002875_2014-06-01_15-19-00_094959634447_rgbf000151-resize,-2.812679796154316,2.812679796154316,1.9675,11.625680938349673
865328.0,2.5,-0.3983181878399501,0.3983181878399501,001092_2014-06-15_17-34-58_260595134347_rgbf000171-resize,-3.2826154222699397,3.2826154222699397,2.6935,9.164038324933468
865328.0,2.5,-0.2091727968875201,0.2091727968875201,003587_2014-05-23_16-48-02_094959634447_rgbf002384-resize,-2.4582441700386934,2.4582441700386934,1.357,20.788172722830538
915317.0,2.5,-1.3384832776702424,1.3384832776702424,001808_2014-06-26_20-50-58_260595134347_rgbf000029-resize,-4.96209501058072,4.96209501058072,4.249,20.030651550568866
915317.0,2.5,-0.9748596501851732,0.9748596501851732,000677_2014-06-08_23-10-32_260595134347_rgbf000158-resize,-4.26909501058072,4.26909501058072,3.556,19.65196273325612
915317.0,2.5,-0.8128640887710649,0.8128640887710649,003081_2014-06-15_15-19-16_094959634447_rgbf000150-resize,-4.276540541232372,4.276540541232372,3.9125,16.632991649560594
915317.0,2.5,-0.18071194427083148,0.18071194427083148,001244_2014-06-17_16-47-45_260595134347_rgbf000030-resize,-2.7555950105807208,2.7555950105807208,2.0425,6.7629638807870815
915317.0,2.5,-0.7886047498891695,0.7886047498891695,001158_2014-06-17_15-32-16_260595134347_rgbf000138-resize,-4.546486071884024,4.546486071884024,4.5315,26.954451973303737
915317.0,2.5,-0.2531557311352769,0.2531557311352769,000556_2014-06-09_22-42-56_260595134347_rgbf000214-resize,-4.158377133187324,4.158377133187324,4.8415,23.88242025565649
915317.0,2.5,-1.2248836884198602,1.2248836884198602,001150_2014-06-17_15-27-34_260595134347_rgbf000108-resize,-4.74559501058072,4.74559501058072,4.0325,11.088139074292139
915317.0,2.5,-0.5189041084355999,0.5189041084355999,002375_2014-06-28_20-13-44_260595134347_rgbf000032-resize,-4.032486071884023,4.032486071884023,4.0175,48.76103649676905
915317.0,2.5,-1.499789939435637,1.499789939435637,000788_2014-06-08_22-34-36_260595134347_rgbf000131-resize,-4.700393055407749,4.700393055407749,3.359,21.46386213810664
915317.0,2.5,-1.5183680415761682,1.5183680415761682,001235_2014-06-17_16-37-36_260595134347_rgbf000084-resize,-4.862271267668409,4.862271267668409,3.6605,14.547706659434104
915317.0,2.5,-1.0299541391980602,1.0299541391980602,000692_2014-06-08_13-09-42_260595134347_rgbf000199-resize,-4.374095010580721,4.374095010580721,3.661,54.80046590295557
915317.0,2.5,-0.4228238565884732,0.4228238565884732,002509_2014-06-24_13-19-22_094959634447_rgbf000077-resize,-2.6478930554077493,2.6478930554077493,1.3065,40.21868783296904
915317.0,2.5,-0.34638047161914165,0.34638047161914165,003338_2014-05-20_11-01-23_094959634447_rgbf000051-resize,-2.7551494799290697,2.7551494799290697,1.693,28.251495663089063
915317.0,2.5,-0.05591855407816326,0.05591855407816326,002784_2014-06-22_19-26-30_094959634447_rgbf000083-resize,-2.5177616772474205,2.5177616772474205,1.8046666666667,3.0422522474895675
915317.0,2.5,-0.2843420545569807,0.2843420545569807,001100_2014-06-15_17-46-26_260595134347_rgbf000225-resize,-2.953095010580721,2.953095010580721,2.24,9.548860596737413
915317.0,2.5,-0.32486738543315075,0.32486738543315075,000469_2014-06-09_19-42-10_260595134347_rgbf000081-resize,-2.7141494799290697,2.7141494799290697,1.652,25.13136208408983
915317.0,2.5,-0.7238031366216282,0.7238031366216282,002039_2014-06-24_20-22-38_260595134347_rgbf000084-resize,-4.422986071884024,4.422986071884024,4.408,15.524303639345458
915317.0,2.5,-1.2629251213097077,1.2629251213097077,002103_2014-06-25_20-00-40_260595134347_rgbf000049-resize,-4.818095010580722,4.818095010580722,4.105,11.598018874569219
915317.0,2.5,-1.2881111734298862,1.2881111734298862,000691_2014-06-08_13-08-50_260595134347_rgbf000132-resize,-4.866095010580722,4.866095010580722,4.1530000000000005,14.740846212587924
915317.0,2.5,-0.6138595697959631,0.6138595697959631,000929_2014-06-09_16-33-19_260595134347_rgbf000139-resize,-3.581095010580721,3.581095010580721,2.8680000000000003,19.501338012209015
915317.0,2.5,-1.7078043860907826,1.7078043860907826,000457_2014-06-08_16-52-43_260595134347_rgbf000199-resize,-5.046241770503485,5.046241770503485,3.6489999999999996,14.067279821032837
915317.0,2.5,-0.5010639881838077,0.5010639881838077,003621_2014-05-23_18-06-08_094959634447_rgbf000101-resize,-3.9984860718840216,3.9984860718840216,3.9835,23.07176470133362
915317.0,2.5,-0.6024310705637297,0.6024310705637297,003490_2014-05-21_15-50-11_094959634447_rgbf000101-resize,-3.9387296473627016,3.9387296473627016,3.6445,19.999457360175192
915317.0,2.5,-0.5399737061729879,0.5399737061729879,002725_2014-06-22_11-47-51_094959634447_rgbf000070-resize,-3.1873385860594,3.1873385860594,2.195,3.938570017428758
915317.0,2.5,-0.49625863415231103,0.49625863415231103,002344_2014-06-28_20-06-29_260595134347_rgbf000030-resize,-2.851082161538079,2.851082161538079,1.5795,37.33165518125916
915317.0,2.5,-0.34169957147608804,0.34169957147608804,000642_2014-06-08_16-59-25_260595134347_rgbf000098-resize,-3.315351435102041,3.315351435102041,2.8815,31.36214301237791
915317.0,2.5,-0.15697731480810995,0.15697731480810995,001056_2014-06-08_18-46-44_260595134347_rgbf000068-resize,-3.026540541232372,3.026540541232372,2.6625,11.38594592369452
915317.0,2.5,-0.7846110011064378,0.7846110011064378,002199_2014-06-28_18-33-56_260595134347_rgbf000074-resize,-3.3373930554077487,3.3373930554077487,1.996,17.12852126070164
915317.0,2.5,-0.3685748598432872,0.3685748598432872,002323_2014-06-28_20-01-54_260595134347_rgbf000051-resize,-3.7459860718840217,3.7459860718840217,3.7310000000000003,18.09172628388976
915317.0,2.5,-0.20668506051976526,0.20668506051976526,000878_2014-06-08_22-52-45_260595134347_rgbf000045-resize,-2.805095010580721,2.805095010580721,2.092,5.576511521775202
915317.0,2.5,-0.7323778727789765,0.7323778727789765,002905_2014-06-03_18-04-43_094959634447_rgbf000151-resize,-3.301082161538079,3.301082161538079,2.0295,12.020604335789361
915317.0,2.5,-1.1672883579111677,1.1672883579111677,003423_2014-05-21_10-23-26_094959634447_rgbf002665-resize,-4.319649479929069,4.319649479929069,3.2575,35.43119222475438
915317.0,2.5,-1.3804600312038606,1.3804600312038606,000414_2014-06-04_19-49-13_260595134347_rgbf000044-resize,-5.04209501058072,5.04209501058072,4.329,13.241348366125557
915317.0,2.5,-0.29985486944144724,0.29985486944144724,003129_2014-05-12_10-48-10_094959634447_rgbf000100-resize,-4.2473771331873245,4.2473771331873245,4.9305,17.9074543760639
915317.0,2.5,-0.6329302426251121,0.6329302426251121,002988_2014-06-15_12-24-20_094959634447_rgbf000150-resize,-4.502742496405343,4.502742496405343,4.7669999999999995,14.460306569198616
915317.0,2.5,-0.28531025242473745,0.28531025242473745,001052_2014-06-08_18-24-54_260595134347_rgbf000130-resize,-3.8402424964053434,3.8402424964053434,4.1045,25.87613690895519
915317.0,2.5,-0.08495247527224414,0.08495247527224414,001571_2014-06-20_17-21-32_260595134347_rgbf000089-resize,-2.5730950105807207,2.5730950105807207,1.86,4.991960350191473
915317.0,2.5,-1.8388918733292157,1.8388918733292157,002748_2014-06-22_19-07-22_094959634447_rgbf000078-resize,-5.662838586059399,5.662838586059399,4.6705,35.71435075733748
915317.0,2.5,-1.4708327569012298,1.4708327569012298,002995_2014-06-15_12-31-26_094959634447_rgbf000150-resize,-4.898149479929068,4.898149479929068,3.8360000000000003,27.231594395483473
915317.0,2.5,-0.5467137076516282,0.5467137076516282,000436_2014-06-09_22-25-11_260595134347_rgbf000137-resize,-4.085486071884023,4.085486071884023,4.0705,20.69156545677159
915317.0,2.5,-0.015724718960693385,0.015724718960693385,002444_2014-06-28_20-32-08_260595134347_rgbf000027-resize,-3.7058771331873226,3.7058771331873226,4.388999999999999,17.102760279009576
915317.0,2.5,-1.3188066744513467,1.3188066744513467,001133_2014-06-17_14-49-16_260595134347_rgbf000100-resize,-4.9245950105807195,4.9245950105807195,4.2115,26.759918254713728
915317.0,2.5,-1.2320899711787028,1.2320899711787028,000758_2014-06-08_22-05-08_260595134347_rgbf000085-resize,-4.443149479929068,4.443149479929068,3.3810000000000002,11.91317737826679
915317.0,2.5,-1.1376668168480544,1.1376668168480544,000854_2014-06-09_19-43-13_260595134347_rgbf000066-resize,-4.1999603737987385,4.1999603737987385,3.068,11.910827625938722
915317.0,2.5,-0.28189964120013306,0.28189964120013306,000734_2014-06-08_17-39-11_260595134347_rgbf000128-resize,-3.8337424964053435,3.8337424964053435,4.098,16.052231618370055
915317.0,2.5,-0.6599679729334668,0.6599679729334668,002949_2014-06-26_15-57-42_094959634447_rgbf000079-resize,-3.1630821615380786,3.1630821615380786,1.8915,17.99500168321199
915317.0,2.5,-1.3114607425829583,1.3114607425829583,002989_2014-06-15_12-25-03_094959634447_rgbf000150-resize,-4.91059501058072,4.91059501058072,4.1975,27.906783421951957
915317.0,2.5,-0.31489790646891913,0.31489790646891913,001555_2014-06-20_17-12-10_260595134347_rgbf000065-resize,-2.6951494799290696,2.6951494799290696,1.633,7.608284543781994
915317.0,2.5,-0.4068617039332579,0.4068617039332579,002340_2014-06-28_20-05-46_260595134347_rgbf000113-resize,-3.186595010580721,3.186595010580721,2.4735,7.91768620575396
915317.0,2.5,-2.2070491542372617,2.2070491542372617,000773_2014-06-08_22-24-54_260595134347_rgbf000093-resize,-6.174771267668409,6.174771267668409,4.973,21.45352631724976
915317.0,2.5,-1.8869764085433525,1.8869764085433525,002414_2014-06-28_20-24-58_260595134347_rgbf000067-resize,-5.5647712676684105,5.5647712676684105,4.363,31.720662178139435
915317.0,2.5,-0.12799559115367407,0.12799559115367407,001032_2014-06-08_13-23-17_260595134347_rgbf000021-resize,-3.2874860718840218,3.2874860718840218,3.2725,15.984983178828962
915317.0,2.5,-0.23765985976028056,0.23765985976028056,003292_2014-05-14_21-53-49_094959634447_rgbf000100-resize,-3.4964860718840223,3.4964860718840223,3.4815,33.084282711345374
915317.0,2.5,-1.2275072355157095,1.2275072355157095,002639_2014-06-24_14-51-37_094959634447_rgbf000074-resize,-4.75059501058072,4.75059501058072,4.0375,16.521406794569987
915317.0,2.5,-1.452869931049371,1.452869931049371,001570_2014-06-20_17-21-09_260595134347_rgbf000135-resize,-5.18009501058072,5.18009501058072,4.467,22.179510675592084
915317.0,2.5,-0.5805574651881125,0.5805574651881125,001392_2014-06-19_16-07-59_260595134347_rgbf000046-resize,-4.149986071884023,4.149986071884023,4.135,18.95235574822112
915317.0,2.5,-1.4591664440794223,1.4591664440794223,000447_2014-06-08_16-15-46_260595134347_rgbf000130-resize,-5.1920950105807195,5.1920950105807195,4.479,19.081432914605553
915317.0,2.5,-0.5820004160908299,0.5820004160908299,001447_2014-06-19_17-00-32_260595134347_rgbf000082-resize,-4.152736071884021,4.152736071884021,4.13775,46.830399423560245
915317.0,2.5,-1.3300879269635058,1.3300879269635058,001066_2014-06-08_22-03-20_260595134347_rgbf000066-resize,-4.946095010580722,4.946095010580722,4.2330000000000005,19.743449467077777
915317.0,2.5,-0.4922835771674302,0.4922835771674302,000742_2014-06-08_18-48-09_260595134347_rgbf000164-resize,-4.297931602535673,4.297931602535673,4.632,18.91549953899407
915317.0,2.5,-0.6881059526085728,0.6881059526085728,002630_2014-06-24_14-47-50_094959634447_rgbf000055-resize,-3.722595010580721,3.722595010580721,3.0095,10.661401196716628
915317.0,2.5,-0.21457264531678816,0.21457264531678816,001199_2014-06-17_16-03-48_260595134347_rgbf000077-resize,-3.4524860718840222,3.4524860718840222,3.4375,28.282249848901696
915317.0,2.5,-0.3041997915148661,0.3041997915148661,003083_2014-06-15_15-21-03_094959634447_rgbf000063-resize,-3.876242496405344,3.876242496405344,4.1405,19.172834459547143
915317.0,2.5,-1.2630478269097614,1.2630478269097614,000493_2014-06-09_21-01-18_260595134347_rgbf000196-resize,-4.502149479929071,4.502149479929071,3.44,19.629285382994567
915317.0,2.5,-1.5913026508408483,1.5913026508408483,000191_2014-05-12_17-07-38_260595134347_rgbf000199-resize,-5.001271267668409,5.001271267668409,3.7995,12.340757267219296
915317.0,2.5,-1.7021037898556666,1.7021037898556666,001450_2014-06-19_17-02-03_260595134347_rgbf000203-resize,-5.212437934335108,5.212437934335108,4.0106666666667,12.34882649363641
915317.0,2.5,-0.7624750410212329,0.7624750410212329,000368_2014-06-09_15-53-01_260595134347_rgbf000155-resize,-3.54814947992907,3.54814947992907,2.4859999999999998,21.090700959072958
915317.0,2.5,-0.39405540540360506,0.39405540540360506,002678_2014-06-13_16-15-32_094959634447_rgbf000151-resize,-3.0357167983200606,3.0357167983200606,2.1830000000000003,32.96558503300821
915317.0,2.5,-0.18832023084880112,0.18832023084880112,002209_2014-06-28_18-36-10_260595134347_rgbf000051-resize,-2.7700950105807207,2.7700950105807207,2.057,12.962068825921264
915317.0,2.5,-0.44229653323672896,0.44229653323672896,000009_2014-05-26_14-32-05_260595134347_rgbf000034-resize,-3.8864860718840224,3.8864860718840224,3.8715,34.796526826055185
915317.0,2.5,-1.6412406125315409,1.6412406125315409,001828_2014-06-26_21-40-03_260595134347_rgbf000024-resize,-5.539095010580722,5.539095010580722,4.8260000000000005,35.55232951340613
915317.0,2.5,-0.3246465153530456,0.3246465153530456,000906_2014-06-08_13-35-43_260595134347_rgbf000155-resize,-3.282851435102041,3.282851435102041,2.8489999999999998,16.12201726422563
915317.0,2.5,-0.5291359421094197,0.5291359421094197,002570_2014-06-24_13-59-54_094959634447_rgbf000059-resize,-4.051986071884023,4.051986071884023,4.037,41.596140375002705
915317.0,2.5,-0.20094714392782465,0.20094714392782465,002467_2014-06-28_20-38-07_260595134347_rgbf000026-resize,-4.058877133187324,4.058877133187324,4.742,15.331046216195933
915317.0,2.5,-0.6399553916449554,0.6399553916449554,001810_2014-06-26_20-51-35_260595134347_rgbf000040-resize,-3.3146494799290696,3.3146494799290696,2.2525,22.411391411207674
915317.0,2.5,-1.6011003419650072,1.6011003419650072,002663_2014-06-13_15-50-26_094959634447_rgbf000075-resize,-5.462595010580722,5.462595010580722,4.7495,16.725954086732166
915317.0,2.5,-1.0679955720879142,1.0679955720879142,000409_2014-06-04_19-23-33_260595134347_rgbf000067-resize,-4.4465950105807215,4.4465950105807215,3.7335,12.696549983566419
915317.0,2.5,-0.7556538185720256,0.7556538185720256,001011_2014-06-08_23-18-54_260595134347_rgbf000044-resize,-3.53514947992907,3.53514947992907,2.4730000000000003,11.624075606213012
915317.0,2.5,-0.2111696317027224,0.2111696317027224,002875_2014-06-01_15-19-00_094959634447_rgbf000151-resize,-2.7504059044503903,2.7504059044503903,1.9675,11.625680938349673
523472.0,2.5,-0.18785672176457396,0.18785672176457396,000677_2014-06-08_23-10-32_260595134347_rgbf000158-resize,-3.4820920821601216,3.4820920821601216,3.556,19.65196273325612
523472.0,2.5,-0.24814507351228565,0.24814507351228565,001516_2014-06-20_16-25-09_260595134347_rgbf000076-resize,-2.681391546734945,2.681391546734945,1.7445,3.8622659094666254
523472.0,2.5,-1.0990311044479284,1.0990311044479284,000682_2014-06-08_23-14-58_260595134347_rgbf000041-resize,-3.99782470159322,3.99782470159322,2.7239999999999998,8.707843071693064
523472.0,2.5,-1.3670346784362055,1.3670346784362055,001650_2014-06-20_12-09-00_260595134347_rgbf000087-resize,-3.898191011309768,3.898191011309768,1.9505,47.6804595860539
523472.0,2.5,-0.4045084804250557,0.4045084804250557,001244_2014-06-17_16-47-45_260595134347_rgbf000030-resize,-2.9793915467349446,2.9793915467349446,2.0425,6.7629638807870815
523472.0,2.5,-0.8595709623475607,0.8595709623475607,003495_2014-05-21_16-01-51_094959634447_rgbf000100-resize,-3.236257856451493,3.236257856451493,1.6255,12.747278812179
523472.0,2.5,-0.18850437039152546,0.18850437039152546,000556_2014-06-09_22-42-56_260595134347_rgbf000214-resize,-4.093725772443573,4.093725772443573,4.8415,23.88242025565649
523472.0,2.5,-0.10094760514098612,0.10094760514098612,001150_2014-06-17_15-27-34_260595134347_rgbf000108-resize,-3.621658927301847,3.621658927301847,4.0325,11.088139074292139
523472.0,2.5,-0.2629598764568417,0.2629598764568417,000665_2014-06-09_20-42-35_260595134347_rgbf000110-resize,-3.320025237018396,3.320025237018396,3.057,18.49880761375764
523472.0,2.5,-0.7669432735699737,0.7669432735699737,002375_2014-06-28_20-13-44_260595134347_rgbf000032-resize,-4.280525237018396,4.280525237018396,4.0175,48.76103649676905
523472.0,2.5,-0.0844889661880098,0.0844889661880098,000788_2014-06-08_22-34-36_260595134347_rgbf000131-resize,-3.285092082160121,3.285092082160121,3.359,21.46386213810664
523472.0,2.5,-0.2426888560678805,0.2426888560678805,001235_2014-06-17_16-37-36_260595134347_rgbf000084-resize,-3.5865920821601214,3.5865920821601214,3.6605,14.547706659434104
523472.0,2.5,-0.6304655931287972,0.6304655931287972,000470_2014-06-09_19-42-40_260595134347_rgbf000094-resize,-3.1048247015932198,3.1048247015932198,1.831,22.486379427626872
523472.0,2.5,-0.7173747097523959,0.7173747097523959,000109_2014-05-14_23-41-52_260595134347_rgbf000035-resize,-2.965257856451493,2.965257856451493,1.3545,6.620498200896815
523472.0,2.5,-0.6921886576322178,0.6921886576322178,002509_2014-06-24_13-19-22_094959634447_rgbf000077-resize,-2.917257856451493,2.917257856451493,1.3065,40.21868783296904
523472.0,2.5,-0.5580556932832914,0.5580556932832914,003338_2014-05-20_11-01-23_094959634447_rgbf000051-resize,-2.9668247015932194,2.9668247015932194,1.693,28.251495663089063
523472.0,2.5,-0.6166482450906621,0.6166482450906621,002784_2014-06-22_19-26-30_094959634447_rgbf000083-resize,-3.0784913682599186,3.0784913682599186,1.8046666666667,3.0422522474895675
523472.0,2.5,-1.1820049004277535,1.1820049004277535,001100_2014-06-15_17-46-26_260595134347_rgbf000225-resize,-3.8507578564514935,3.8507578564514935,2.24,9.548860596737413
523472.0,2.5,-0.8734757619555746,0.8734757619555746,000469_2014-06-09_19-42-10_260595134347_rgbf000081-resize,-3.2627578564514934,3.2627578564514934,1.652,25.13136208408983
523472.0,2.5,-0.3712591400586384,0.3712591400586384,000483_2014-06-09_20-41-45_260595134347_rgbf000116-resize,-2.6108247015932196,2.6108247015932196,1.337,29.232414989368262
523472.0,2.5,-0.5570062744449487,0.5570062744449487,002964_2014-06-08_17-46-11_094959634447_rgbf000091-resize,-2.964824701593219,2.964824701593219,1.6909999999999998,28.953812917975768
523472.0,2.5,-0.6965789799442617,0.6965789799442617,002136_2014-06-25_21-18-03_260595134347_rgbf000109-resize,-3.230824701593219,3.230824701593219,1.9569999999999999,13.297078442475444
523472.0,2.5,-0.17421427686613866,0.17421427686613866,001584_2014-06-20_11-07-43_260595134347_rgbf000002-resize,-3.4560920821601213,3.4560920821601213,3.53,17.602834139105468
523472.0,2.5,-0.12212736134152412,0.12212736134152412,002279_2014-06-28_18-55-32_260595134347_rgbf000040-resize,-2.4412248800682455,2.4412248800682455,1.5043333333333,15.963772282558683
523472.0,2.5,-0.42266418684331,0.42266418684331,003048_2014-06-15_13-49-43_094959634447_rgbf000150-resize,-3.929592082160121,3.929592082160121,4.0035,24.355606534500392
523472.0,2.5,-0.16156801934917675,0.16156801934917675,002344_2014-06-28_20-06-29_260595134347_rgbf000030-resize,-2.516391546734945,2.516391546734945,1.5795,37.33165518125916
523472.0,2.5,-0.9726458421787778,0.9726458421787778,000549_2014-06-08_22-10-24_260595134347_rgbf000247-resize,-3.451757856451493,3.451757856451493,1.841,30.99307977870557
523472.0,2.5,-0.8402099452951343,0.8402099452951343,000736_2014-06-08_18-24-15_260595134347_rgbf000206-resize,-4.11495839187667,4.11495839187667,3.515,33.408170606136416
523472.0,2.5,-0.17087337339244296,0.17087337339244296,000642_2014-06-08_16-59-25_260595134347_rgbf000098-resize,-3.1445252370183963,3.1445252370183963,2.8815,31.36214301237791
523472.0,2.5,-0.7298283203106833,0.7298283203106833,001056_2014-06-08_18-46-44_260595134347_rgbf000068-resize,-3.5993915467349447,3.5993915467349447,2.6625,11.38594592369452
523472.0,2.5,-1.0539758021501824,1.0539758021501824,002199_2014-06-28_18-33-56_260595134347_rgbf000074-resize,-3.6067578564514937,3.6067578564514937,1.996,17.12852126070164
523472.0,2.5,-0.1817528556932204,0.1817528556932204,000917_2014-06-09_22-45-29_260595134347_rgbf000149-resize,-3.775658927301847,3.775658927301847,4.1865,9.740561609074897
523472.0,2.5,-0.4304815966739896,0.4304815966739896,000878_2014-06-08_22-52-45_260595134347_rgbf000045-resize,-3.0288915467349447,3.0288915467349447,2.092,5.576511521775202
523472.0,2.5,-0.8204801106193689,0.8204801106193689,002953_2014-06-08_17-32-18_094959634447_rgbf000059-resize,-3.161757856451493,3.161757856451493,1.551,13.905027931093345
523472.0,2.5,-0.3976872579758423,0.3976872579758423,002905_2014-06-03_18-04-43_094959634447_rgbf000151-resize,-2.9663915467349447,2.9663915467349447,2.0295,12.020604335789361
523472.0,2.5,-0.031230960142219464,0.031230960142219464,003423_2014-05-21_10-23-26_094959634447_rgbf002665-resize,-3.1835920821601214,3.1835920821601214,3.2575,35.43119222475438
523472.0,2.5,-0.14941351866334165,0.14941351866334165,002988_2014-06-15_12-24-20_094959634447_rgbf000150-resize,-4.019225772443574,4.019225772443574,4.7669999999999995,14.460306569198616
523472.0,2.5,-0.4497031982246112,0.4497031982246112,000810_2014-06-08_17-20-01_260595134347_rgbf000105-resize,-2.7603247015932197,2.7603247015932197,1.4865,3.0958890116960642
523472.0,2.5,-0.7235318072806388,0.7235318072806388,001214_2014-06-17_16-13-55_260595134347_rgbf000111-resize,-3.5873915467349446,3.5873915467349446,2.6505,18.479282579459067
523472.0,2.5,-0.2668419656437391,0.2668419656437391,002272_2014-06-28_18-53-56_260595134347_rgbf000067-resize,-2.4118247015932197,2.4118247015932197,1.138,10.409245808146235
523472.0,2.5,-0.2880065130752161,0.2880065130752161,002444_2014-06-28_20-32-08_260595134347_rgbf000027-resize,-3.9781589273018456,3.9781589273018456,4.388999999999999,17.102760279009576
523472.0,2.5,-0.29122447734113355,0.29122447734113355,001132_2014-06-17_14-48-54_260595134347_rgbf000100-resize,-3.6790920821601216,3.6790920821601216,3.753,14.398279213278778
523472.0,2.5,-0.7068108136180826,0.7068108136180826,000943_2014-06-09_19-31-07_260595134347_rgbf000128-resize,-3.250324701593219,3.250324701593219,1.9765,15.893099149291922
523472.0,2.5,-0.6056648349259851,0.6056648349259851,000854_2014-06-09_19-43-13_260595134347_rgbf000066-resize,-3.6679583918766703,3.6679583918766703,3.068,11.910827625938722
523472.0,2.5,-0.5679554644966237,0.5679554644966237,001164_2014-06-17_15-35-46_260595134347_rgbf000085-resize,-3.2908915467349447,3.2908915467349447,2.354,17.325668807481115
523472.0,2.5,-0.6485680680901749,0.6485680680901749,001136_2014-06-17_15-19-41_260595134347_rgbf000076-resize,-3.1393247015932197,3.1393247015932197,1.8655,18.667799879387072
523472.0,2.5,-0.13531607209663687,0.13531607209663687,000734_2014-06-08_17-39-11_260595134347_rgbf000128-resize,-3.6871589273018466,3.6871589273018466,4.098,16.052231618370055
523472.0,2.5,-1.2510041890486567,1.2510041890486567,000522_2014-06-08_13-35-06_260595134347_rgbf000244-resize,-3.982257856451493,3.982257856451493,2.3715,25.742609854068213
523472.0,2.5,-0.34612631939534605,0.34612631939534605,000866_2014-06-09_20-45-42_260595134347_rgbf000139-resize,-3.4785252370183963,3.4785252370183963,3.2155,8.082259189449621
523472.0,2.5,-0.863506282991343,0.863506282991343,001555_2014-06-20_17-12-10_260595134347_rgbf000065-resize,-3.2437578564514933,3.2437578564514933,1.633,7.608284543781994
523472.0,2.5,-0.4179582783647997,0.4179582783647997,003534_2014-05-22_15-06-10_094959634447_rgbf000102-resize,-2.6998247015932195,2.6998247015932195,1.426,12.376994007247625
523472.0,2.5,-0.04291398286577264,0.04291398286577264,002637_2014-06-24_14-51-13_094959634447_rgbf000066-resize,-2.5954583918766705,2.5954583918766705,1.9955,10.972027795242447
523472.0,2.5,-0.03910160142977323,0.03910160142977323,001032_2014-06-08_13-23-17_260595134347_rgbf000021-resize,-3.198592082160121,3.198592082160121,3.2725,15.984983178828962
523472.0,2.5,-0.14876587003637973,0.14876587003637973,003292_2014-05-14_21-53-49_094959634447_rgbf000100-resize,-3.407592082160121,3.407592082160121,3.4815,33.084282711345374
523472.0,2.5,-0.10357115223683587,0.10357115223683587,002639_2014-06-24_14-51-37_094959634447_rgbf000074-resize,-3.626658927301847,3.626658927301847,4.0375,16.521406794569987
523472.0,2.5,-0.493106426366929,0.493106426366929,001447_2014-06-19_17-00-32_260595134347_rgbf000082-resize,-4.0638420821601215,4.0638420821601215,4.13775,46.830399423560245
523472.0,2.5,-0.3364889028915946,0.3364889028915946,002758_2014-06-22_19-11-20_094959634447_rgbf000128-resize,-3.1549583918766704,3.1549583918766704,2.555,7.204478276142114
523472.0,2.5,-0.4441937493233197,0.4441937493233197,002549_2014-06-24_13-41-39_094959634447_rgbf000022-resize,-2.74982470159322,2.74982470159322,1.476,4.1736441355391865
523472.0,2.5,-0.2714249349144656,0.2714249349144656,000502_2014-06-08_23-02-32_260595134347_rgbf000063-resize,-3.0309583918766703,3.0309583918766703,2.431,13.897287578908273
523472.0,2.5,-0.7655085608142677,0.7655085608142677,001806_2014-06-26_20-50-20_260595134347_rgbf000091-resize,-3.6673915467349447,3.6673915467349447,2.7305,13.909869710567438
523472.0,2.5,-0.1332869421708572,0.1332869421708572,001449_2014-06-19_17-01-27_260595134347_rgbf000116-resize,-3.378092082160121,3.378092082160121,3.452,8.994872108877228
523472.0,2.5,-1.039283938413412,1.039283938413412,003228_2014-05-14_13-42-35_094959634447_rgbf000101-resize,-3.578757856451493,3.578757856451493,1.9680000000000002,14.40337638638131
523472.0,2.5,-0.9741502626853826,0.9741502626853826,000368_2014-06-09_15-53-01_260595134347_rgbf000155-resize,-3.75982470159322,3.75982470159322,2.4859999999999998,21.090700959072958
523472.0,2.5,-0.4782301538184898,0.4782301538184898,002678_2014-06-13_16-15-32_094959634447_rgbf000151-resize,-3.1198915467349453,3.1198915467349453,2.1830000000000003,32.96558503300821
523472.0,2.5,-0.5532021311559642,0.5532021311559642,002763_2014-06-22_19-13-10_094959634447_rgbf000075-resize,-2.9575747015932192,2.9575747015932192,1.68375,5.5919783591245595
523472.0,2.5,-0.41211676700302535,0.41211676700302535,002209_2014-06-28_18-36-10_260595134347_rgbf000051-resize,-2.9938915467349445,2.9938915467349445,2.057,12.962068825921264
523472.0,2.5,-0.2308296626796661,0.2308296626796661,001110_2014-06-15_17-25-28_260595134347_rgbf000150-resize,-2.648391546734945,2.648391546734945,1.7115,9.336195527413247
523472.0,2.5,-0.06435736130085673,0.06435736130085673,000927_2014-06-09_16-32-30_260595134347_rgbf000123-resize,-2.9415252370183964,2.9415252370183964,2.6785,11.715239650325241
523472.0,2.5,-0.8516306133091052,0.8516306133091052,001810_2014-06-26_20-51-35_260595134347_rgbf000040-resize,-3.5263247015932198,3.5263247015932198,2.2525,22.411391411207674
523472.0,2.5,-0.6321626605940883,0.6321626605940883,003010_2014-06-15_12-54-35_094959634447_rgbf000112-resize,-3.7184583918766703,3.7184583918766703,3.1185,6.696951333567531
523472.0,2.5,-0.4771642586861333,0.4771642586861333,002663_2014-06-13_15-50-26_094959634447_rgbf000075-resize,-4.3386589273018465,4.3386589273018465,4.7495,16.725954086732166
523472.0,2.5,-0.6179257985255899,0.6179257985255899,000409_2014-06-04_19-23-33_260595134347_rgbf000067-resize,-3.996525237018396,3.996525237018396,3.7335,12.696549983566419
523472.0,2.5,-0.409161157446681,0.409161157446681,001092_2014-06-15_17-34-58_260595134347_rgbf000171-resize,-3.29345839187667,3.29345839187667,2.6935,9.164038324933468
523472.0,2.5,-0.003560776427998236,0.003560776427998236,002545_2014-06-24_13-38-53_094959634447_rgbf000080-resize,-2.5204583918766703,2.5204583918766703,1.9205,12.083824048628237
523472.0,2.5,-1.0556196381585956,1.0556196381585956,003587_2014-05-23_16-48-02_094959634447_rgbf002384-resize,-3.3046910113097683,3.3046910113097683,1.357,20.788172722830538
460459.0,2.5,-0.5094734289324563,0.5094734289324563,000682_2014-06-08_23-14-58_260595134347_rgbf000041-resize,-3.4082670260777475,3.4082670260777475,2.7239999999999998,8.707843071693064
460459.0,2.5,-1.198437934928579,1.198437934928579,001650_2014-06-20_12-09-00_260595134347_rgbf000087-resize,-3.729594267802141,3.729594267802141,1.9505,47.6804595860539
460459.0,2.5,-0.6486420830546893,0.6486420830546893,001150_2014-06-17_15-27-34_260595134347_rgbf000108-resize,-4.16935340521555,4.16935340521555,4.0325,11.088139074292139
460459.0,2.5,-0.13678804465399555,0.13678804465399555,000665_2014-06-09_20-42-35_260595134347_rgbf000110-resize,-3.1938534052155503,3.1938534052155503,3.057,18.49880761375764
460459.0,2.5,-0.6407714417671275,0.6407714417671275,002375_2014-06-28_20-13-44_260595134347_rgbf000032-resize,-4.15435340521555,4.15435340521555,4.0175,48.76103649676905
460459.0,2.5,-0.11475024904883305,0.11475024904883305,002568_2014-06-24_13-59-21_094959634447_rgbf000062-resize,-3.1518534052155505,3.1518534052155505,3.015,29.63840999388049
460459.0,2.5,-0.19829970473899305,0.19829970473899305,001094_2014-06-15_17-36-00_260595134347_rgbf000205-resize,-3.806939784353353,3.806939784353353,4.2175,17.196771274488466
460459.0,2.5,-0.30758096059394346,0.30758096059394346,000780_2014-06-08_22-28-29_260595134347_rgbf000126-resize,-3.51935340521555,3.51935340521555,3.3825,14.165390776882042
460459.0,2.5,-0.5883215384755223,0.5883215384755223,000470_2014-06-09_19-42-40_260595134347_rgbf000094-resize,-3.062680646939945,3.062680646939945,1.831,22.486379427626872
460459.0,2.5,-0.3382975002408468,0.3382975002408468,000109_2014-05-14_23-41-52_260595134347_rgbf000035-resize,-2.5861806469399444,2.5861806469399444,1.3545,6.620498200896815
460459.0,2.5,-0.3131114481206687,0.3131114481206687,002509_2014-06-24_13-19-22_094959634447_rgbf000077-resize,-2.5381806469399444,2.5381806469399444,1.3065,40.21868783296904
460459.0,2.5,-1.1219178112995842,1.1219178112995842,002784_2014-06-22_19-26-30_094959634447_rgbf000083-resize,-3.5837609344688417,3.5837609344688417,1.8046666666667,3.0422522474895675
460459.0,2.5,-1.3503413117784016,1.3503413117784016,001100_2014-06-15_17-46-26_260595134347_rgbf000225-resize,-4.019094267802142,4.019094267802142,2.24,9.548860596737413
460459.0,2.5,-0.4943985524440255,0.4943985524440255,000469_2014-06-09_19-42-10_260595134347_rgbf000081-resize,-2.8836806469399443,2.8836806469399443,1.652,25.13136208408983
460459.0,2.5,-0.3291150854053634,0.3291150854053634,000483_2014-06-09_20-41-45_260595134347_rgbf000116-resize,-2.5686806469399444,2.5686806469399444,1.337,29.232414989368262
460459.0,2.5,-1.0622758406538708,1.0622758406538708,002964_2014-06-08_17-46-11_094959634447_rgbf000091-resize,-3.4700942678021414,3.4700942678021414,1.6909999999999998,28.953812917975768
460459.0,2.5,-0.6544349252909867,0.6544349252909867,002136_2014-06-25_21-18-03_260595134347_rgbf000109-resize,-3.1886806469399445,3.1886806469399445,1.9569999999999999,13.297078442475444
460459.0,2.5,-1.2340971368067342,1.2340971368067342,002103_2014-06-25_20-00-40_260595134347_rgbf000049-resize,-4.789267026077748,4.789267026077748,4.105,11.598018874569219
460459.0,2.5,-0.16445594720251855,0.16445594720251855,000691_2014-06-08_13-08-50_260595134347_rgbf000132-resize,-3.7424397843533534,3.7424397843533534,4.1530000000000005,14.740846212587924
460459.0,2.5,-0.0376179644307926,0.0376179644307926,000929_2014-06-09_16-33-19_260595134347_rgbf000139-resize,-3.0048534052155507,3.0048534052155507,2.8680000000000003,19.501338012209015
460459.0,2.5,-0.07551770065313834,0.07551770065313834,003621_2014-05-23_18-06-08_094959634447_rgbf000101-resize,-3.572939784353353,3.572939784353353,3.9835,23.07176470133362
460459.0,2.5,-0.4169164615465236,0.4169164615465236,002279_2014-06-28_18-55-32_260595134347_rgbf000040-resize,-2.7360139802732446,2.7360139802732446,1.5043333333333,15.963772282558683
460459.0,2.5,-0.168412306471728,0.168412306471728,000635_2014-06-08_16-38-42_260595134347_rgbf000106-resize,-2.7582670260777475,2.7582670260777475,2.074,10.796976226722654
460459.0,2.5,-0.024762583661123636,0.024762583661123636,002043_2014-06-24_20-29-38_260595134347_rgbf000039-resize,-2.9803534052155505,2.9803534052155505,2.8435,8.475049543704081
460459.0,2.5,-1.0037707404163734,1.0037707404163734,002344_2014-06-28_20-06-29_260595134347_rgbf000030-resize,-3.358594267802141,3.358594267802141,1.5795,37.33165518125916
460459.0,2.5,-0.5935686326672287,0.5935686326672287,000549_2014-06-08_22-10-24_260595134347_rgbf000247-resize,-3.0726806469399444,3.0726806469399444,1.841,30.99307977870557
460459.0,2.5,-0.3771049586340141,0.3771049586340141,000736_2014-06-08_18-24-15_260595134347_rgbf000206-resize,-3.6518534052155514,3.6518534052155514,3.515,33.408170606136416
460459.0,2.5,-0.044701541589596855,0.044701541589596855,000642_2014-06-08_16-59-25_260595134347_rgbf000098-resize,-3.0183534052155503,3.0183534052155503,2.8815,31.36214301237791
460459.0,2.5,-0.0296056264757284,0.0296056264757284,002425_2014-06-28_20-27-29_260595134347_rgbf000031-resize,-3.485439784353353,3.485439784353353,3.8960000000000004,8.40495801096819
460459.0,2.5,-0.6748985926386333,0.6748985926386333,002199_2014-06-28_18-33-56_260595134347_rgbf000074-resize,-3.2276806469399446,3.2276806469399446,1.996,17.12852126070164
460459.0,2.5,-0.18203371274472654,0.18203371274472654,000917_2014-06-09_22-45-29_260595134347_rgbf000149-resize,-3.7759397843533526,3.7759397843533526,4.1865,9.740561609074897
460459.0,2.5,-0.9888165219700168,0.9888165219700168,002953_2014-06-08_17-32-18_094959634447_rgbf000059-resize,-3.330094267802141,3.330094267802141,1.551,13.905027931093345
460459.0,2.5,-0.6924763581808417,0.6924763581808417,002905_2014-06-03_18-04-43_094959634447_rgbf000151-resize,-3.2611806469399447,3.2611806469399447,2.0295,12.020604335789361
460459.0,2.5,-0.2568048049764929,0.2568048049764929,000414_2014-06-04_19-49-13_260595134347_rgbf000044-resize,-3.9184397843533527,3.9184397843533527,4.329,13.241348366125557
460459.0,2.5,-0.5724175206074761,0.5724175206074761,003129_2014-05-12_10-48-10_094959634447_rgbf000100-resize,-4.519939784353354,4.519939784353354,4.9305,17.9074543760639
460459.0,2.5,-0.40755914357133627,0.40755914357133627,000810_2014-06-08_17-20-01_260595134347_rgbf000105-resize,-2.7181806469399445,2.7181806469399445,1.4865,3.0958890116960642
460459.0,2.5,-0.4709072866234412,0.4709072866234412,001214_2014-06-17_16-13-55_260595134347_rgbf000111-resize,-3.3347670260777478,3.3347670260777478,2.6505,18.479282579459067
460459.0,2.5,-0.2246979109904641,0.2246979109904641,002272_2014-06-28_18-53-56_260595134347_rgbf000067-resize,-2.3696806469399436,2.3696806469399436,1.138,10.409245808146235
460459.0,2.5,-0.05612449076927073,0.05612449076927073,001571_2014-06-20_17-21-32_260595134347_rgbf000089-resize,-2.544267026077748,2.544267026077748,1.86,4.991960350191473
460459.0,2.5,-0.28828737012672223,0.28828737012672223,002444_2014-06-28_20-32-08_260595134347_rgbf000027-resize,-3.978439784353352,3.978439784353352,4.388999999999999,17.102760279009576
460459.0,2.5,-0.0761841067398197,0.0761841067398197,003070_2014-06-15_14-58-27_094959634447_rgbf000150-resize,-3.0783534052155503,3.0783534052155503,2.9415,10.664823740812926
460459.0,2.5,-0.11725313810261052,0.11725313810261052,000943_2014-06-09_19-31-07_260595134347_rgbf000128-resize,-2.660767026077747,2.660767026077747,1.9765,15.893099149291922
460459.0,2.5,-1.1843914386530534,1.1843914386530534,002057_2014-06-24_21-00-13_260595134347_rgbf000120-resize,-4.198680646939945,4.198680646939945,2.967,10.990036854719376
460459.0,2.5,-0.026216053876555127,0.026216053876555127,000709_2014-06-08_13-51-55_260595134347_rgbf000068-resize,-2.487267026077747,2.487267026077747,1.8030000000000002,14.429351101546246
460459.0,2.5,-0.6899734691270619,0.6899734691270619,000854_2014-06-09_19-43-13_260595134347_rgbf000066-resize,-3.7522670260777473,3.7522670260777473,3.068,11.910827625938722
460459.0,2.5,-0.05901039257470275,0.05901039257470275,001136_2014-06-17_15-19-41_260595134347_rgbf000076-resize,-2.549767026077747,2.549767026077747,1.8655,18.667799879387072
460459.0,2.5,-0.3945620661341489,0.3945620661341489,002153_2014-06-25_21-27-18_260595134347_rgbf000038-resize,-3.189267026077747,3.189267026077747,2.505,17.28886317575377
460459.0,2.5,-1.4193406003993048,1.4193406003993048,000522_2014-06-08_13-35-06_260595134347_rgbf000244-resize,-4.150594267802141,4.150594267802141,2.3715,25.742609854068213
460459.0,2.5,-0.620066458335332,0.620066458335332,002949_2014-06-26_15-57-42_094959634447_rgbf000079-resize,-3.1231806469399443,3.1231806469399443,1.8915,17.99500168321199
460459.0,2.5,-0.7673681084546969,0.7673681084546969,000866_2014-06-09_20-45-42_260595134347_rgbf000139-resize,-3.8997670260777473,3.8997670260777473,3.2155,8.082259189449621
460459.0,2.5,-0.4844290734797939,0.4844290734797939,001555_2014-06-20_17-12-10_260595134347_rgbf000065-resize,-2.864680646939944,2.864680646939944,1.633,7.608284543781994
460459.0,2.5,-0.3758142237115247,0.3758142237115247,003534_2014-05-22_15-06-10_094959634447_rgbf000102-resize,-2.6576806469399443,2.6576806469399443,1.426,12.376994007247625
460459.0,2.5,-0.24986292448520175,0.24986292448520175,001032_2014-06-08_13-23-17_260595134347_rgbf000021-resize,-3.4093534052155503,3.4093534052155503,3.2725,15.984983178828962
460459.0,2.5,-0.35952719309180825,0.35952719309180825,003292_2014-05-14_21-53-49_094959634447_rgbf000100-resize,-3.6183534052155504,3.6183534052155504,3.4815,33.084282711345374
460459.0,2.5,-0.6512656301505391,0.6512656301505391,002639_2014-06-24_14-51-37_094959634447_rgbf000074-resize,-4.17435340521555,4.17435340521555,4.0375,16.521406794569987
460459.0,2.5,-0.1550111776574431,0.1550111776574431,001392_2014-06-19_16-07-59_260595134347_rgbf000046-resize,-3.7244397843533528,3.7244397843533528,4.135,18.95235574822112
460459.0,2.5,-0.8829248387142516,0.8829248387142516,000447_2014-06-08_16-15-46_260595134347_rgbf000130-resize,-4.61585340521555,4.61585340521555,4.479,19.081432914605553
460459.0,2.5,-1.7986949911467518,1.7986949911467518,001447_2014-06-19_17-00-32_260595134347_rgbf000082-resize,-5.369430646939943,5.369430646939943,4.13775,46.830399423560245
460459.0,2.5,-0.4020496946700447,0.4020496946700447,002549_2014-06-24_13-41-39_094959634447_rgbf000022-resize,-2.707680646939944,2.707680646939944,1.476,4.1736441355391865
460459.0,2.5,-1.0602976610192671,1.0602976610192671,001806_2014-06-26_20-50-20_260595134347_rgbf000091-resize,-3.962180646939944,3.962180646939944,2.7305,13.909869710567438
460459.0,2.5,-0.521924758325041,0.521924758325041,001617_2014-06-20_11-35-32_260595134347_rgbf000066-resize,-3.9278534052155503,3.9278534052155503,3.7910000000000004,19.974169961071475
460459.0,2.5,-0.3440482652262857,0.3440482652262857,001449_2014-06-19_17-01-27_260595134347_rgbf000116-resize,-3.5888534052155503,3.5888534052155503,3.452,8.994872108877228
460459.0,2.5,-0.6602067289018629,0.6602067289018629,003228_2014-05-14_13-42-35_094959634447_rgbf000101-resize,-3.199680646939944,3.199680646939944,1.9680000000000002,14.40337638638131
460459.0,2.5,-0.9320062080321077,0.9320062080321077,000368_2014-06-09_15-53-01_260595134347_rgbf000155-resize,-3.717680646939945,3.717680646939945,2.4859999999999998,21.090700959072958
460459.0,2.5,-0.5110580765026892,0.5110580765026892,002763_2014-06-22_19-13-10_094959634447_rgbf000075-resize,-2.9154306469399445,2.9154306469399445,1.68375,5.5919783591245595
460459.0,2.5,-0.7069058672080248,0.7069058672080248,002209_2014-06-28_18-36-10_260595134347_rgbf000051-resize,-3.288680646939945,3.288680646939945,2.057,12.962068825921264
460459.0,2.5,-0.5175853863041732,0.5175853863041732,001828_2014-06-26_21-40-03_260595134347_rgbf000024-resize,-4.415439784353353,4.415439784353353,4.8260000000000005,35.55232951340613
460459.0,2.5,-0.6510032754409474,0.6510032754409474,002570_2014-06-24_13-59-54_094959634447_rgbf000059-resize,-4.17385340521555,4.17385340521555,4.037,41.596140375002705
460459.0,2.5,-0.26207293779363305,0.26207293779363305,001810_2014-06-26_20-51-35_260595134347_rgbf000040-resize,-2.936767026077747,2.936767026077747,2.2525,22.411391411207674
460459.0,2.5,-0.16905767393296814,0.16905767393296814,003010_2014-06-15_12-54-35_094959634447_rgbf000112-resize,-3.2553534052155504,3.2553534052155504,3.1185,6.696951333567531
460459.0,2.5,-0.6599443741922764,0.6599443741922764,002875_2014-06-01_15-19-00_094959634447_rgbf000151-resize,-3.1991806469399444,3.1991806469399444,1.9675,11.625680938349673
460459.0,2.5,-0.5985533721493481,0.5985533721493481,001167_2014-06-17_15-38-07_260595134347_rgbf000108-resize,-3.0821806469399444,3.0821806469399444,1.8505,12.019050657019696
460459.0,2.5,-0.8870228946509688,0.8870228946509688,003587_2014-05-23_16-48-02_094959634447_rgbf002384-resize,-3.1360942678021413,3.1360942678021413,1.357,20.788172722830538
245047.0,2.5,-0.4502447898566089,0.4502447898566089,001029_2014-06-08_13-17-57_260595134347_rgbf000065-resize,-3.519905350810149,3.519905350810149,3.0835,18.209734661918688
245047.0,2.5,-0.6981699904146019,0.6981699904146019,000677_2014-06-08_23-10-32_260595134347_rgbf000158-resize,-3.9924053508101496,3.9924053508101496,3.556,19.65196273325612
245047.0,2.5,-0.7537982395409658,0.7537982395409658,000682_2014-06-08_23-14-58_260595134347_rgbf000041-resize,-3.6525918366862573,3.6525918366862573,2.7239999999999998,8.707843071693064
245047.0,2.5,-0.8401219896888017,0.8401219896888017,001650_2014-06-20_12-09-00_260595134347_rgbf000087-resize,-3.3712783225623637,3.3712783225623637,1.9505,47.6804595860539
245047.0,2.5,-0.6695914284584314,0.6695914284584314,003495_2014-05-21_16-01-51_094959634447_rgbf000100-resize,-3.0462783225623644,3.0462783225623644,1.6255,12.747278812179
245047.0,2.5,-1.2100240288152966,1.2100240288152966,001158_2014-06-17_15-32-16_260595134347_rgbf000138-resize,-4.967905350810151,4.967905350810151,4.5315,26.954451973303737
245047.0,2.5,-1.3726839487581022,1.3726839487581022,000556_2014-06-09_22-42-56_260595134347_rgbf000214-resize,-5.2779053508101486,5.2779053508101486,4.8415,23.88242025565649
245047.0,2.5,-0.43633999024859493,0.43633999024859493,000665_2014-06-09_20-42-35_260595134347_rgbf000110-resize,-3.493405350810149,3.493405350810149,3.057,18.49880761375764
245047.0,2.5,-0.9403233873617268,0.9403233873617268,002375_2014-06-28_20-13-44_260595134347_rgbf000032-resize,-4.4539053508101505,4.4539053508101505,4.0175,48.76103649676905
245047.0,2.5,-0.4143021946434325,0.4143021946434325,002568_2014-06-24_13-59-21_094959634447_rgbf000062-resize,-3.4514053508101497,3.4514053508101497,3.015,29.63840999388049
245047.0,2.5,-0.1026157489619306,0.1026157489619306,000788_2014-06-08_22-34-36_260595134347_rgbf000131-resize,-3.3032188649340424,3.3032188649340424,3.359,21.46386213810664
245047.0,2.5,-0.06089229944357478,0.06089229944357478,001094_2014-06-15_17-36-00_260595134347_rgbf000205-resize,-3.669532379057935,3.669532379057935,4.2175,17.196771274488466
245047.0,2.5,-0.28523272822183465,0.28523272822183465,000470_2014-06-09_19-42-40_260595134347_rgbf000094-resize,-2.7595918366862566,2.7595918366862566,1.831,22.486379427626872
245047.0,2.5,-0.5273951758632667,0.5273951758632667,000109_2014-05-14_23-41-52_260595134347_rgbf000035-resize,-2.7752783225623645,2.7752783225623645,1.3545,6.620498200896815
245047.0,2.5,-0.007652394786409611,0.007652394786409611,001100_2014-06-15_17-46-26_260595134347_rgbf000225-resize,-2.6764053508101497,2.6764053508101497,2.24,9.548860596737413
245047.0,2.5,-0.6834962280664454,0.6834962280664454,000469_2014-06-09_19-42-10_260595134347_rgbf000081-resize,-3.072778322562364,3.072778322562364,1.652,25.13136208408983
245047.0,2.5,-0.026026275151675767,0.026026275151675767,000483_2014-06-09_20-41-45_260595134347_rgbf000116-resize,-2.265591836686257,2.265591836686257,1.337,29.232414989368262
245047.0,2.5,-0.9862354615391364,0.9862354615391364,002103_2014-06-25_20-00-40_260595134347_rgbf000049-resize,-4.541405350810151,4.541405350810151,4.105,11.598018874569219
245047.0,2.5,-0.5192350277832078,0.5192350277832078,000691_2014-06-08_13-08-50_260595134347_rgbf000132-resize,-4.097218864934042,4.097218864934042,4.1530000000000005,14.740846212587924
245047.0,2.5,-0.8293563959014992,0.8293563959014992,000929_2014-06-09_16-33-19_260595134347_rgbf000139-resize,-3.796591836686257,3.796591836686257,2.8680000000000003,19.501338012209015
245047.0,2.5,-1.7313409381496616,1.7313409381496616,000457_2014-06-08_16-52-43_260595134347_rgbf000199-resize,-5.069778322562363,5.069778322562363,3.6489999999999996,14.067279821032837
245047.0,2.5,-0.9224832671099348,0.9224832671099348,003621_2014-05-23_18-06-08_094959634447_rgbf000101-resize,-4.419905350810151,4.419905350810151,3.9835,23.07176470133362
245047.0,2.5,-0.6845275455161666,0.6845275455161666,001584_2014-06-20_11-07-43_260595134347_rgbf000002-resize,-3.966405350810149,3.966405350810149,3.53,17.602834139105468
245047.0,2.5,-0.7446067740111775,0.7446067740111775,003490_2014-05-21_15-50-11_094959634447_rgbf000101-resize,-4.0809053508101485,4.0809053508101485,3.6445,19.999457360175192
245047.0,2.5,-0.113827651292836,0.113827651292836,002279_2014-06-28_18-55-32_260595134347_rgbf000040-resize,-2.4329251700195567,2.4329251700195567,1.5043333333333,15.963772282558683
245047.0,2.5,-0.2904798224135411,0.2904798224135411,000549_2014-06-08_22-10-24_260595134347_rgbf000247-resize,-2.7695918366862573,2.7695918366862573,1.841,30.99307977870557
245047.0,2.5,-0.6766569042286135,0.6766569042286135,000736_2014-06-08_18-24-15_260595134347_rgbf000206-resize,-3.9514053508101497,3.9514053508101497,3.515,33.408170606136416
245047.0,2.5,-0.8639962682610531,0.8639962682610531,002199_2014-06-28_18-33-56_260595134347_rgbf000074-resize,-3.416778322562364,3.416778322562364,1.996,17.12852126070164
245047.0,2.5,-1.028999279201523,1.028999279201523,000917_2014-06-09_22-45-29_260595134347_rgbf000149-resize,-4.622905350810148,4.622905350810148,4.1865,9.740561609074897
245047.0,2.5,-0.7899941387694143,0.7899941387694143,002323_2014-06-28_20-01-54_260595134347_rgbf000051-resize,-4.1674053508101485,4.1674053508101485,3.7310000000000003,18.09172628388976
245047.0,2.5,-0.3893875479271541,0.3893875479271541,002905_2014-06-03_18-04-43_094959634447_rgbf000151-resize,-2.9580918366862567,2.9580918366862567,2.0295,12.020604335789361
245047.0,2.5,-1.1037703714332894,1.1037703714332894,000414_2014-06-04_19-49-13_260595134347_rgbf000044-resize,-4.765405350810148,4.765405350810148,4.329,13.241348366125557
245047.0,2.5,-1.4193830870642723,1.4193830870642723,003129_2014-05-12_10-48-10_094959634447_rgbf000100-resize,-5.366905350810151,5.366905350810151,4.9305,17.9074543760639
245047.0,2.5,-0.413795586612884,0.413795586612884,002272_2014-06-28_18-53-56_260595134347_rgbf000067-resize,-2.558778322562364,2.558778322562364,1.138,10.409245808146235
245047.0,2.5,-0.7926357872538877,0.7926357872538877,001571_2014-06-20_17-21-32_260595134347_rgbf000089-resize,-3.2807783225623637,3.2807783225623637,1.86,4.991960350191473
245047.0,2.5,-2.2673316098321803,2.2673316098321803,002748_2014-06-22_19-07-22_094959634447_rgbf000078-resize,-6.091278322562364,6.091278322562364,4.6705,35.71435075733748
245047.0,2.5,-0.8450886277823098,0.8450886277823098,002995_2014-06-15_12-31-26_094959634447_rgbf000150-resize,-4.27240535081015,4.27240535081015,3.8360000000000003,27.231594395483473
245047.0,2.5,-1.0421170146807754,1.0421170146807754,001133_2014-06-17_14-49-16_260595134347_rgbf000100-resize,-4.6479053508101495,4.6479053508101495,4.2115,26.759918254713728
245047.0,2.5,-0.4421117938594644,0.4421117938594644,000854_2014-06-09_19-43-13_260595134347_rgbf000066-resize,-3.5044053508101496,3.5044053508101496,3.068,11.910827625938722
245047.0,2.5,-0.6866263831928527,0.6866263831928527,000739_2014-06-08_18-45-58_260595134347_rgbf000068-resize,-3.970405350810149,3.970405350810149,3.534,8.164356963721069
245047.0,2.5,-1.0610246551595277,1.0610246551595277,000522_2014-06-08_13-35-06_260595134347_rgbf000244-resize,-3.792278322562365,3.792278322562365,2.3715,25.742609854068213
245047.0,2.5,-0.8091641339577519,0.8091641339577519,002949_2014-06-26_15-57-42_094959634447_rgbf000079-resize,-3.3122783225623644,3.3122783225623644,1.8915,17.99500168321199
245047.0,2.5,-0.027319947310992198,0.027319947310992198,000866_2014-06-09_20-45-42_260595134347_rgbf000139-resize,-3.1597188649340424,3.1597188649340424,3.2155,8.082259189449621
245047.0,2.5,-1.606731501791009,1.606731501791009,002340_2014-06-28_20-05-46_260595134347_rgbf000113-resize,-4.386464808438472,4.386464808438472,2.4735,7.91768620575396
245047.0,2.5,-0.13723751993287792,0.13723751993287792,002414_2014-06-28_20-24-58_260595134347_rgbf000067-resize,-3.8150323790579352,3.8150323790579352,4.363,31.720662178139435
245047.0,2.5,-0.10131302610831444,0.10131302610831444,001059_2014-06-08_21-53-27_260595134347_rgbf000061-resize,-2.8549053508101494,2.8549053508101494,2.4185,8.755513319222857
245047.0,2.5,-1.6434521104386224,1.6434521104386224,003292_2014-05-14_21-53-49_094959634447_rgbf000100-resize,-4.902278322562363,4.902278322562363,3.4815,33.084282711345374
245047.0,2.5,-1.9351905474973528,1.9351905474973528,002639_2014-06-24_14-51-37_094959634447_rgbf000074-resize,-5.4582783225623634,5.4582783225623634,4.0375,16.521406794569987
245047.0,2.5,-1.1824767843088508,1.1824767843088508,000447_2014-06-08_16-15-46_260595134347_rgbf000130-resize,-4.9154053508101505,4.9154053508101505,4.479,19.081432914605553
245047.0,2.5,-1.0034196950169572,1.0034196950169572,001447_2014-06-19_17-00-32_260595134347_rgbf000082-resize,-4.574155350810149,4.574155350810149,4.13775,46.830399423560245
245047.0,2.5,-2.529957724821257,2.529957724821257,001066_2014-06-08_22-03-20_260595134347_rgbf000066-resize,-6.145964808438473,6.145964808438473,4.2330000000000005,19.743449467077777
245047.0,2.5,-2.7393167830702287,2.7393167830702287,000742_2014-06-08_18-48-09_260595134347_rgbf000164-resize,-6.544964808438473,6.544964808438473,4.632,18.91549953899407
245047.0,2.5,-0.17293586182507387,0.17293586182507387,002758_2014-06-22_19-11-20_094959634447_rgbf000128-resize,-2.9914053508101497,2.9914053508101497,2.555,7.204478276142114
245047.0,2.5,-0.09896088441635707,0.09896088441635707,002549_2014-06-24_13-41-39_094959634447_rgbf000022-resize,-2.4045918366862566,2.4045918366862566,1.476,4.1736441355391865
245047.0,2.5,-0.10787189384794488,0.10787189384794488,000502_2014-06-08_23-02-32_260595134347_rgbf000063-resize,-2.8674053508101496,2.8674053508101496,2.431,13.897287578908273
245047.0,2.5,-1.9892356176718875,1.9892356176718875,003083_2014-06-15_15-21-03_094959634447_rgbf000063-resize,-5.561278322562363,5.561278322562363,4.1405,19.172834459547143
245047.0,2.5,-1.2635624909592809,1.2635624909592809,002600_2014-06-24_14-27-04_094959634447_rgbf000074-resize,-4.178278322562364,4.178278322562364,2.7575,44.47386082434929
245047.0,2.5,-0.8493044045242828,0.8493044045242828,003228_2014-05-14_13-42-35_094959634447_rgbf000101-resize,-3.3887783225623638,3.3887783225623638,1.9680000000000002,14.40337638638131
245047.0,2.5,-1.2221104468448247,1.2221104468448247,000927_2014-06-09_16-32-30_260595134347_rgbf000123-resize,-4.0992783225623635,4.0992783225623635,2.6785,11.715239650325241
245047.0,2.5,-0.4583687351594397,0.4583687351594397,002570_2014-06-24_13-59-54_094959634447_rgbf000059-resize,-3.9812188649340414,3.9812188649340414,4.037,41.596140375002705
245047.0,2.5,-1.32047536155065,1.32047536155065,002467_2014-06-28_20-38-07_260595134347_rgbf000026-resize,-5.1784053508101495,5.1784053508101495,4.742,15.331046216195933
245047.0,2.5,-1.3244106821944361,1.3244106821944361,002663_2014-06-13_15-50-26_094959634447_rgbf000075-resize,-5.185905350810151,5.185905350810151,4.7495,16.725954086732166
245047.0,2.5,-0.7913059123173432,0.7913059123173432,000409_2014-06-04_19-23-33_260595134347_rgbf000067-resize,-4.16990535081015,4.16990535081015,3.7335,12.696549983566419
245047.0,2.5,-0.1299096894531056,0.1299096894531056,001011_2014-06-08_23-18-54_260595134347_rgbf000044-resize,-2.90940535081015,2.90940535081015,2.4730000000000003,11.624075606213012
245047.0,2.5,-0.8490420498146962,0.8490420498146962,002875_2014-06-01_15-19-00_094959634447_rgbf000151-resize,-3.3882783225623636,3.3882783225623636,1.9675,11.625680938349673
245047.0,2.5,-0.2456081163801603,0.2456081163801603,001092_2014-06-15_17-34-58_260595134347_rgbf000171-resize,-3.1299053508101493,3.1299053508101493,2.6935,9.164038324933468
245047.0,2.5,-0.2954645618956605,0.2954645618956605,001167_2014-06-17_15-38-07_260595134347_rgbf000108-resize,-2.779091836686257,2.779091836686257,1.8505,12.019050657019696
245047.0,2.5,-0.036520463535084084,0.036520463535084084,003587_2014-05-23_16-48-02_094959634447_rgbf002384-resize,-2.285591836686257,2.285591836686257,1.357,20.788172722830538
794958.0,2.5,-0.6194747987794917,0.6194747987794917,001808_2014-06-26_20-50-58_260595134347_rgbf000029-resize,-4.243086531689968,4.243086531689968,4.249,20.030651550568866
794958.0,2.5,-0.1669129247450516,0.1669129247450516,001815_2014-06-26_20-52-55_260595134347_rgbf000020-resize,-3.3805865316899704,3.3805865316899704,3.3865,18.626322656731816
794958.0,2.5,-0.33047878764716343,0.33047878764716343,001029_2014-06-08_13-17-57_260595134347_rgbf000065-resize,-3.4001393486007037,3.4001393486007037,3.0835,18.209734661918688
794958.0,2.5,-0.49776578397747295,0.49776578397747295,000677_2014-06-08_23-10-32_260595134347_rgbf000158-resize,-3.7920011443730206,3.7920011443730206,3.556,19.65196273325612
794958.0,2.5,-0.6557514866417542,0.6557514866417542,001417_2014-06-19_16-25-36_260595134347_rgbf000115-resize,-4.458310123234603,4.458310123234603,4.6255,49.17091269608214
794958.0,2.5,-0.4429100792286635,0.4429100792286635,003081_2014-06-15_15-19-16_094959634447_rgbf000150-resize,-3.9065865316899706,3.9065865316899706,3.9125,16.632991649560594
794958.0,2.5,-0.445152392784383,0.445152392784383,001158_2014-06-17_15-32-16_260595134347_rgbf000138-resize,-4.203033714779236,4.203033714779236,4.5315,26.954451973303737
794958.0,2.5,-0.9303651296379228,0.9303651296379228,000556_2014-06-09_22-42-56_260595134347_rgbf000214-resize,-4.8355865316899695,4.8355865316899695,4.8415,23.88242025565649
794958.0,2.5,-0.5058752095291092,0.5058752095291092,001150_2014-06-17_15-27-34_260595134347_rgbf000108-resize,-4.0265865316899685,4.0265865316899685,4.0325,11.088139074292139
794958.0,2.5,-0.3165739880391495,0.3165739880391495,000665_2014-06-09_20-42-35_260595134347_rgbf000110-resize,-3.3736393486007037,3.3736393486007037,3.057,18.49880761375764
794958.0,2.5,-0.739919180924598,0.739919180924598,002375_2014-06-28_20-13-44_260595134347_rgbf000032-resize,-4.253501144373022,4.253501144373022,4.0175,48.76103649676905
794958.0,2.5,-0.3106833055977289,0.3106833055977289,001235_2014-06-17_16-37-36_260595134347_rgbf000084-resize,-3.6545865316899704,3.6545865316899704,3.6605,14.547706659434104
794958.0,2.5,-0.2303074560796262,0.2303074560796262,000692_2014-06-08_13-09-42_260595134347_rgbf000199-resize,-3.5744483274622865,3.5744483274622865,3.661,54.80046590295557
794958.0,2.5,-0.5223082478479265,0.5223082478479265,001094_2014-06-15_17-36-00_260595134347_rgbf000205-resize,-4.130948327462287,4.130948327462287,4.2175,17.196771274488466
794958.0,2.5,-0.406728699751414,0.406728699751414,000780_2014-06-08_22-28-29_260595134347_rgbf000126-resize,-3.618501144373021,3.618501144373021,3.3825,14.165390776882042
794958.0,2.5,-0.13843616683379126,0.13843616683379126,002039_2014-06-24_20-22-38_260595134347_rgbf000084-resize,-3.8376191020961863,3.8376191020961863,4.408,15.524303639345458
794958.0,2.5,-0.5439166424189571,0.5439166424189571,002103_2014-06-25_20-00-40_260595134347_rgbf000049-resize,-4.09908653168997,4.09908653168997,4.105,11.598018874569219
794958.0,2.5,-0.5313471868043793,0.5313471868043793,002213_2014-06-28_18-37-58_260595134347_rgbf000055-resize,-3.8560011443730207,3.8560011443730207,3.62,11.387296889913552
794958.0,2.5,-0.6497408987668191,0.6497408987668191,000691_2014-06-08_13-08-50_260595134347_rgbf000132-resize,-4.227724735917654,4.227724735917654,4.1530000000000005,14.740846212587924
794958.0,2.5,-0.30464914727726744,0.30464914727726744,000457_2014-06-08_16-52-43_260595134347_rgbf000199-resize,-3.6430865316899705,3.6430865316899705,3.6489999999999996,14.067279821032837
794958.0,2.5,-0.3995262437620718,0.3995262437620718,003621_2014-05-23_18-06-08_094959634447_rgbf000101-resize,-3.8969483274622863,3.8969483274622863,3.9835,23.07176470133362
794958.0,2.5,-0.16157052216830356,0.16157052216830356,001584_2014-06-20_11-07-43_260595134347_rgbf000002-resize,-3.4434483274622862,3.4434483274622862,3.53,17.602834139105468
794958.0,2.5,-0.22164975066331447,0.22164975066331447,003490_2014-05-21_15-50-11_094959634447_rgbf000101-resize,-3.5579483274622863,3.5579483274622863,3.6445,19.999457360175192
794958.0,2.5,-0.571296840600842,0.571296840600842,003048_2014-06-15_13-49-43_094959634447_rgbf000150-resize,-4.0782247359176536,4.0782247359176536,4.0035,24.355606534500392
794958.0,2.5,-0.23433808510843399,0.23433808510843399,000736_2014-06-08_18-24-15_260595134347_rgbf000206-resize,-3.5090865316899706,3.5090865316899706,3.515,33.408170606136416
794958.0,2.5,-0.4342523738123454,0.4342523738123454,002425_2014-06-28_20-27-29_260595134347_rgbf000031-resize,-3.8900865316899704,3.8900865316899704,3.8960000000000004,8.40495801096819
794958.0,2.5,-0.02893791794875905,0.02893791794875905,001056_2014-06-08_18-46-44_260595134347_rgbf000068-resize,-2.8985011443730206,2.8985011443730206,2.6625,11.38594592369452
794958.0,2.5,-0.26412764317060944,0.26412764317060944,000917_2014-06-09_22-45-29_260595134347_rgbf000149-resize,-3.858033714779236,3.858033714779236,4.1865,9.740561609074897
794958.0,2.5,-0.3476753196492348,0.3476753196492348,002323_2014-06-28_20-01-54_260595134347_rgbf000051-resize,-3.7250865316899704,3.7250865316899704,3.7310000000000003,18.09172628388976
794958.0,2.5,-0.6614515523131099,0.6614515523131099,000414_2014-06-04_19-49-13_260595134347_rgbf000044-resize,-4.3230865316899685,4.3230865316899685,4.329,13.241348366125557
794958.0,2.5,-0.9770642679440932,0.9770642679440932,003129_2014-05-12_10-48-10_094959634447_rgbf000100-resize,-4.92458653168997,4.92458653168997,4.9305,17.9074543760639
794958.0,2.5,-0.7299978694543718,0.7299978694543718,002988_2014-06-15_12-24-20_094959634447_rgbf000150-resize,-4.599810123234604,4.599810123234604,4.7669999999999995,14.460306569198616
794958.0,2.5,-0.5436542877093644,0.5436542877093644,001052_2014-06-08_18-24-54_260595134347_rgbf000130-resize,-4.0985865316899694,4.0985865316899694,4.1045,25.87613690895519
794958.0,2.5,-0.5180870020490516,0.5180870020490516,002748_2014-06-22_19-07-22_094959634447_rgbf000078-resize,-4.3420337147792365,4.3420337147792365,4.6705,35.71435075733748
794958.0,2.5,-0.3221316044344468,0.3221316044344468,002995_2014-06-15_12-31-26_094959634447_rgbf000150-resize,-3.7494483274622863,3.7494483274622863,3.8360000000000003,27.231594395483473
794958.0,2.5,-0.2032613505468417,0.2032613505468417,000436_2014-06-09_22-25-11_260595134347_rgbf000137-resize,-3.7420337147792364,3.7420337147792364,4.0705,20.69156545677159
794958.0,2.5,-0.6122959132356557,0.6122959132356557,002444_2014-06-28_20-32-08_260595134347_rgbf000027-resize,-4.302448327462285,4.302448327462285,4.388999999999999,17.102760279009576
794958.0,2.5,-0.2772453786498619,0.2772453786498619,001133_2014-06-17_14-49-16_260595134347_rgbf000100-resize,-3.8830337147792364,3.8830337147792364,4.2115,26.759918254713728
794958.0,2.5,-0.35921892687098206,0.35921892687098206,001132_2014-06-17_14-48-54_260595134347_rgbf000100-resize,-3.7470865316899706,3.7470865316899706,3.753,14.398279213278778
794958.0,2.5,-0.0027506144842362468,0.0027506144842362468,000758_2014-06-08_22-05-08_260595134347_rgbf000085-resize,-3.213810123234603,3.213810123234603,3.3810000000000002,11.91317737826679
794958.0,2.5,-0.2417075874223354,0.2417075874223354,000854_2014-06-09_19-43-13_260595134347_rgbf000066-resize,-3.3040011443730206,3.3040011443730206,3.068,11.910827625938722
794958.0,2.5,-0.2663453596778358,0.2663453596778358,002660_2014-06-13_15-44-18_094959634447_rgbf001878-resize,-3.5700865316899706,3.5700865316899706,3.576,15.11997681444361
794958.0,2.5,-0.2443075640726733,0.2443075640726733,000739_2014-06-08_18-45-58_260595134347_rgbf000068-resize,-3.5280865316899703,3.5280865316899703,3.534,8.164356963721069
794958.0,2.5,-0.37896726802939296,0.37896726802939296,000734_2014-06-08_17-39-11_260595134347_rgbf000128-resize,-3.9308101232346027,3.9308101232346027,4.098,16.052231618370055
794958.0,2.5,-0.4311758552368408,0.4311758552368408,002989_2014-06-15_12-25-03_094959634447_rgbf000150-resize,-4.030310123234603,4.030310123234603,4.1975,27.906783421951957
794958.0,2.5,-0.07718761406691987,0.07718761406691987,000866_2014-06-09_20-45-42_260595134347_rgbf000139-resize,-3.2095865316899705,3.2095865316899705,3.2155,8.082259189449621
794958.0,2.5,-0.8380880098034555,0.8380880098034555,000773_2014-06-08_22-24-54_260595134347_rgbf000093-resize,-4.805810123234603,4.805810123234603,4.973,21.45352631724976
794958.0,2.5,-0.6792916725649132,0.6792916725649132,002414_2014-06-28_20-24-58_260595134347_rgbf000067-resize,-4.35708653168997,4.35708653168997,4.363,31.720662178139435
794958.0,2.5,-0.4296488678703557,0.4296488678703557,001032_2014-06-08_13-23-17_260595134347_rgbf000021-resize,-3.5891393486007033,3.5891393486007033,3.2725,15.984983178828962
794958.0,2.5,-0.2167603195662282,0.2167603195662282,003292_2014-05-14_21-53-49_094959634447_rgbf000100-resize,-3.4755865316899706,3.4755865316899706,3.4815,33.084282711345374
794958.0,2.5,-0.34722234816959197,0.34722234816959197,002639_2014-06-24_14-51-37_094959634447_rgbf000074-resize,-3.870310123234603,3.870310123234603,4.0375,16.521406794569987
794958.0,2.5,-0.5725850437032529,0.5725850437032529,001570_2014-06-20_17-21-09_260595134347_rgbf000135-resize,-4.299810123234603,4.299810123234603,4.467,22.179510675592084
794958.0,2.5,-0.4790197207663766,0.4790197207663766,001392_2014-06-19_16-07-59_260595134347_rgbf000046-resize,-4.048448327462286,4.048448327462286,4.135,18.95235574822112
794958.0,2.5,-0.7401579651886716,0.7401579651886716,000447_2014-06-08_16-15-46_260595134347_rgbf000130-resize,-4.47308653168997,4.47308653168997,4.479,19.081432914605553
794958.0,2.5,-0.4498030396173881,0.4498030396173881,001066_2014-06-08_22-03-20_260595134347_rgbf000066-resize,-4.065810123234604,4.065810123234604,4.2330000000000005,19.743449467077777
794958.0,2.5,-0.820438506321727,0.820438506321727,000742_2014-06-08_18-48-09_260595134347_rgbf000164-resize,-4.626086531689968,4.626086531689968,4.632,18.91549953899407
794958.0,2.5,-0.19367310512273586,0.19367310512273586,001199_2014-06-17_16-03-48_260595134347_rgbf000077-resize,-3.4315865316899705,3.4315865316899705,3.4375,28.282249848901696
794958.0,2.5,-0.4012674183441261,0.4012674183441261,003083_2014-06-15_15-21-03_094959634447_rgbf000063-resize,-3.973310123234604,3.973310123234604,4.1405,19.172834459547143
794958.0,2.5,-0.2258945669077104,0.2258945669077104,001806_2014-06-26_20-50-20_260595134347_rgbf000091-resize,-3.1277775528283875,3.1277775528283875,2.7305,13.909869710567438
794958.0,2.5,-0.19498487867066186,0.19498487867066186,000493_2014-06-09_21-01-18_260595134347_rgbf000196-resize,-3.4340865316899705,3.4340865316899705,3.44,19.629285382994567
794958.0,2.5,-0.06106509795167514,0.06106509795167514,000191_2014-05-12_17-07-38_260595134347_rgbf000199-resize,-3.4710337147792365,3.4710337147792365,3.7995,12.340757267219296
794958.0,2.5,-0.3582412459721589,0.3582412459721589,000506_2014-06-08_23-21-00_260595134347_rgbf000070-resize,-3.891310123234604,3.891310123234604,4.0585,16.716212007621664
794958.0,2.5,-0.2012813917007057,0.2012813917007057,001449_2014-06-19_17-01-27_260595134347_rgbf000116-resize,-3.4460865316899705,3.4460865316899705,3.452,8.994872108877228
794958.0,2.5,-0.17186623696649314,0.17186623696649314,001450_2014-06-19_17-02-03_260595134347_rgbf000203-resize,-3.682200381445936,3.682200381445936,4.0106666666667,12.34882649363641
794958.0,2.5,-0.1594235169976207,0.1594235169976207,002600_2014-06-24_14-27-04_094959634447_rgbf000074-resize,-3.0741393486007036,3.0741393486007036,2.7575,44.47386082434929
794958.0,2.5,-0.42139699304267664,0.42139699304267664,000009_2014-05-26_14-32-05_260595134347_rgbf000034-resize,-3.86558653168997,3.86558653168997,3.8715,34.796526826055185
794958.0,2.5,-1.1641467463238406,1.1641467463238406,001828_2014-06-26_21-40-03_260595134347_rgbf000024-resize,-5.0620011443730215,5.0620011443730215,4.8260000000000005,35.55232951340613
794958.0,2.5,-0.03967089059623685,0.03967089059623685,002805_2014-06-22_19-54-03_094959634447_rgbf000079-resize,-3.1380865316899706,3.1380865316899706,3.1439999999999997,7.377848172936663
794958.0,2.5,-0.03733326865548109,0.03733326865548109,000927_2014-06-09_16-32-30_260595134347_rgbf000123-resize,-2.9145011443730207,2.9145011443730207,2.6785,11.715239650325241
794958.0,2.5,-0.4275981976876838,0.4275981976876838,002570_2014-06-24_13-59-54_094959634447_rgbf000059-resize,-3.9504483274622864,3.9504483274622864,4.037,41.596140375002705
794958.0,2.5,-0.8781565424304705,0.8781565424304705,002467_2014-06-28_20-38-07_260595134347_rgbf000026-resize,-4.73608653168997,4.73608653168997,4.742,15.331046216195933
794958.0,2.5,-0.7208154546188894,0.7208154546188894,002663_2014-06-13_15-50-26_094959634447_rgbf000075-resize,-4.582310123234604,4.582310123234604,4.7495,16.725954086732166
794958.0,2.5,-0.1877106847417967,0.1877106847417967,000409_2014-06-04_19-23-33_260595134347_rgbf000067-resize,-3.5663101232346026,3.5663101232346026,3.7335,12.696549983566419
568247.0,2.5,-0.8013041309637406,0.8013041309637406,001029_2014-06-08_13-17-57_260595134347_rgbf000065-resize,-3.870964691917281,3.870964691917281,3.0835,18.209734661918688
568247.0,2.5,-0.6881138662933951,0.6881138662933951,000677_2014-06-08_23-10-32_260595134347_rgbf000158-resize,-3.9823492266889433,3.9823492266889433,3.556,19.65196273325612
568247.0,2.5,-0.15294184377095865,0.15294184377095865,003081_2014-06-15_15-19-16_094959634447_rgbf000150-resize,-3.616618296232265,3.616618296232265,3.9125,16.632991649560594
568247.0,2.5,-0.9737865600003291,0.9737865600003291,000682_2014-06-08_23-14-58_260595134347_rgbf000041-resize,-3.87258015714562,3.87258015714562,2.7239999999999998,8.707843071693064
568247.0,2.5,-0.9290392895003964,0.9290392895003964,001650_2014-06-20_12-09-00_260595134347_rgbf000087-resize,-3.4601956223739587,3.4601956223739587,1.9505,47.6804595860539
568247.0,2.5,-0.6161970908357309,0.6161970908357309,001244_2014-06-17_16-47-45_260595134347_rgbf000030-resize,-3.1910801571456204,3.1910801571456204,2.0425,6.7629638807870815
568247.0,2.5,-0.3973932630416874,0.3973932630416874,003495_2014-05-21_16-01-51_094959634447_rgbf000100-resize,-2.77408015714562,2.77408015714562,1.6255,12.747278812179
568247.0,2.5,-0.2159069740714044,0.2159069740714044,001150_2014-06-17_15-27-34_260595134347_rgbf000108-resize,-3.7366182962322654,3.7366182962322654,4.0325,11.088139074292139
568247.0,2.5,-0.06516840089904953,0.06516840089904953,000665_2014-06-09_20-42-35_260595134347_rgbf000110-resize,-3.1222337614606035,3.1222337614606035,3.057,18.49880761375764
568247.0,2.5,-0.5691517980121815,0.5691517980121815,002375_2014-06-28_20-13-44_260595134347_rgbf000032-resize,-4.082733761460603,4.082733761460603,4.0175,48.76103649676905
568247.0,2.5,-0.4042460705222256,0.4042460705222256,002568_2014-06-24_13-59-21_094959634447_rgbf000062-resize,-3.4413492266889434,3.4413492266889434,3.015,29.63840999388049
568247.0,2.5,-0.9458615759451696,0.9458615759451696,000788_2014-06-08_22-34-36_260595134347_rgbf000131-resize,-4.146464691917282,4.146464691917282,3.359,21.46386213810664
568247.0,2.5,-0.02071507014002405,0.02071507014002405,001235_2014-06-17_16-37-36_260595134347_rgbf000084-resize,-3.364618296232265,3.364618296232265,3.6605,14.547706659434104
568247.0,2.5,-0.23596131683899746,0.23596131683899746,000780_2014-06-08_22-28-29_260595134347_rgbf000126-resize,-3.4477337614606034,3.4477337614606034,3.3825,14.165390776882042
568247.0,2.5,-0.14410558345285918,0.14410558345285918,000470_2014-06-09_19-42-40_260595134347_rgbf000094-resize,-2.6184646919172807,2.6184646919172807,1.831,22.486379427626872
568247.0,2.5,-0.25519701044652265,0.25519701044652265,000109_2014-05-14_23-41-52_260595134347_rgbf000035-resize,-2.5030801571456203,2.5030801571456203,1.3545,6.620498200896815
568247.0,2.5,-0.5911264235546831,0.5911264235546831,002509_2014-06-24_13-19-22_094959634447_rgbf000077-resize,-2.816195622373959,2.816195622373959,1.3065,40.21868783296904
568247.0,2.5,-0.43281114883569227,0.43281114883569227,003338_2014-05-20_11-01-23_094959634447_rgbf000051-resize,-2.8415801571456205,2.8415801571456205,1.693,28.251495663089063
568247.0,2.5,-0.1302882354147239,0.1302882354147239,002784_2014-06-22_19-26-30_094959634447_rgbf000083-resize,-2.5921313585839814,2.5921313585839814,1.8046666666667,3.0422522474895675
568247.0,2.5,-0.7198272011218803,0.7198272011218803,001100_2014-06-15_17-46-26_260595134347_rgbf000225-resize,-3.3885801571456198,3.3885801571456198,2.24,9.548860596737413
568247.0,2.5,-0.41129806264970137,0.41129806264970137,000469_2014-06-09_19-42-10_260595134347_rgbf000081-resize,-2.80058015714562,2.80058015714562,1.652,25.13136208408983
568247.0,2.5,-0.2460145956110392,0.2460145956110392,000483_2014-06-09_20-41-45_260595134347_rgbf000116-resize,-2.48558015714562,2.48558015714562,1.337,29.232414989368262
568247.0,2.5,-0.4317617299973495,0.4317617299973495,002964_2014-06-08_17-46-11_094959634447_rgbf000091-resize,-2.83958015714562,2.83958015714562,1.6909999999999998,28.953812917975768
568247.0,2.5,-0.2102189702683236,0.2102189702683236,002136_2014-06-25_21-18-03_260595134347_rgbf000109-resize,-2.744464691917281,2.744464691917281,1.9569999999999999,13.297078442475444
568247.0,2.5,-0.3271137859041852,0.3271137859041852,000929_2014-06-09_16-33-19_260595134347_rgbf000139-resize,-3.2943492266889436,3.2943492266889436,2.8680000000000003,19.501338012209015
568247.0,2.5,-0.7369118422762401,0.7369118422762401,000457_2014-06-08_16-52-43_260595134347_rgbf000199-resize,-4.0753492266889415,4.0753492266889415,3.6489999999999996,14.067279821032837
568247.0,2.5,-0.01231971943329313,0.01231971943329313,003490_2014-05-21_15-50-11_094959634447_rgbf000101-resize,-3.348618296232265,3.348618296232265,3.6445,19.999457360175192
568247.0,2.5,-0.33381597175219946,0.33381597175219946,002279_2014-06-28_18-55-32_260595134347_rgbf000040-resize,-2.6529134904789204,2.6529134904789204,1.5043333333333,15.963772282558683
568247.0,2.5,-0.33509981203086936,0.33509981203086936,002725_2014-06-22_11-47-51_094959634447_rgbf000070-resize,-2.982464691917281,2.982464691917281,2.195,3.938570017428758
568247.0,2.5,-0.3732566297598521,0.3732566297598521,002344_2014-06-28_20-06-29_260595134347_rgbf000030-resize,-2.7280801571456204,2.7280801571456204,1.5795,37.33165518125916
568247.0,2.5,-0.4578818161167336,0.4578818161167336,001055_2014-06-08_18-45-35_260595134347_rgbf000111-resize,-3.216464691917281,3.216464691917281,2.4290000000000003,8.406298609581565
568247.0,2.5,-0.8715836081012431,0.8715836081012431,000549_2014-06-08_22-10-24_260595134347_rgbf000247-resize,-3.3506956223739586,3.3506956223739586,1.841,30.99307977870557
568247.0,2.5,-0.6953128282913279,0.6953128282913279,000642_2014-06-08_16-59-25_260595134347_rgbf000098-resize,-3.668964691917281,3.668964691917281,2.8815,31.36214301237791
568247.0,2.5,-0.5053996035829794,0.5053996035829794,002425_2014-06-28_20-27-29_260595134347_rgbf000031-resize,-3.9612337614606035,3.9612337614606035,3.8960000000000004,8.40495801096819
568247.0,2.5,-0.21928600026468115,0.21928600026468115,001056_2014-06-08_18-46-44_260595134347_rgbf000068-resize,-3.0888492266889434,3.0888492266889434,2.6625,11.38594592369452
568247.0,2.5,-0.5917981028443091,0.5917981028443091,002199_2014-06-28_18-33-56_260595134347_rgbf000074-resize,-3.1445801571456204,3.1445801571456204,1.996,17.12852126070164
568247.0,2.5,-0.6421702070846649,0.6421702070846649,000878_2014-06-08_22-52-45_260595134347_rgbf000045-resize,-3.2405801571456205,3.2405801571456205,2.092,5.576511521775202
568247.0,2.5,-0.3583024113134956,0.3583024113134956,002953_2014-06-08_17-32-18_094959634447_rgbf000059-resize,-2.69958015714562,2.69958015714562,1.551,13.905027931093345
568247.0,2.5,-0.24826040315817866,0.24826040315817866,002905_2014-06-03_18-04-43_094959634447_rgbf000151-resize,-2.8169646919172813,2.8169646919172813,2.0295,12.020604335789361
568247.0,2.5,-0.5741049524629752,0.5741049524629752,001214_2014-06-17_16-13-55_260595134347_rgbf000111-resize,-3.4379646919172813,3.4379646919172813,2.6505,18.479282579459067
568247.0,2.5,-0.14159742119613994,0.14159742119613994,002272_2014-06-28_18-53-56_260595134347_rgbf000067-resize,-2.28658015714562,2.28658015714562,1.138,10.409245808146235
568247.0,2.5,-0.5204376218371437,0.5204376218371437,001571_2014-06-20_17-21-32_260595134347_rgbf000089-resize,-3.0085801571456203,3.0085801571456203,1.86,4.991960350191473
568247.0,2.5,-0.047296695615929966,0.047296695615929966,002788_2014-06-22_19-36-03_094959634447_rgbf000088-resize,-2.4339646919172813,2.4339646919172813,1.6465,21.7158464010581
568247.0,2.5,-0.22045080394214456,0.22045080394214456,000943_2014-06-09_19-31-07_260595134347_rgbf000128-resize,-2.7639646919172813,2.7639646919172813,1.9765,15.893099149291922
568247.0,2.5,-0.017944553173713133,0.017944553173713133,002057_2014-06-24_21-00-13_260595134347_rgbf000120-resize,-3.0322337614606036,3.0322337614606036,2.967,10.990036854719376
568247.0,2.5,-0.4905291849444281,0.4905291849444281,000709_2014-06-08_13-51-55_260595134347_rgbf000068-resize,-2.95158015714562,2.95158015714562,1.8030000000000002,14.429351101546246
568247.0,2.5,-1.154286600194935,1.154286600194935,000854_2014-06-09_19-43-13_260595134347_rgbf000066-resize,-4.2165801571456205,4.2165801571456205,3.068,11.910827625938722
568247.0,2.5,-0.497759731973683,0.497759731973683,002153_2014-06-25_21-27-18_260595134347_rgbf000038-resize,-3.292464691917281,3.292464691917281,2.505,17.28886317575377
568247.0,2.5,-0.2502754410270551,0.2502754410270551,000734_2014-06-08_17-39-11_260595134347_rgbf000128-resize,-3.802118296232265,3.802118296232265,4.098,16.052231618370055
568247.0,2.5,-0.7888264897427835,0.7888264897427835,000522_2014-06-08_13-35-06_260595134347_rgbf000244-resize,-3.52008015714562,3.52008015714562,2.3715,25.742609854068213
568247.0,2.5,-0.5369659685410079,0.5369659685410079,002949_2014-06-26_15-57-42_094959634447_rgbf000079-resize,-3.04008015714562,3.04008015714562,1.8915,17.99500168321199
568247.0,2.5,-0.5094503090658925,0.5094503090658925,000866_2014-06-09_20-45-42_260595134347_rgbf000139-resize,-3.6418492266889433,3.6418492266889433,3.2155,8.082259189449621
568247.0,2.5,-0.040213118457130825,0.040213118457130825,001555_2014-06-20_17-12-10_260595134347_rgbf000065-resize,-2.4204646919172808,2.4204646919172808,1.633,7.608284543781994
568247.0,2.5,-0.29271373391720057,0.29271373391720057,003534_2014-05-22_15-06-10_094959634447_rgbf000102-resize,-2.57458015714562,2.57458015714562,1.426,12.376994007247625
568247.0,2.5,-0.052543789807630185,0.052543789807630185,001016_2014-06-09_16-16-10_260595134347_rgbf000112-resize,-2.443964691917281,2.443964691917281,1.6565,7.049977084494088
568247.0,2.5,-0.02820797187887003,0.02820797187887003,002414_2014-06-28_20-24-58_260595134347_rgbf000067-resize,-3.7060028310039272,3.7060028310039272,4.363,31.720662178139435
568247.0,2.5,-0.4523723672154462,0.4523723672154462,001059_2014-06-08_21-53-27_260595134347_rgbf000061-resize,-3.205964691917281,3.205964691917281,2.4185,8.755513319222857
568247.0,2.5,-0.5393587459585943,0.5393587459585943,001032_2014-06-08_13-23-17_260595134347_rgbf000021-resize,-3.6988492266889437,3.6988492266889437,3.2725,15.984983178828962
568247.0,2.5,-0.6490230145652008,0.6490230145652008,003292_2014-05-14_21-53-49_094959634447_rgbf000100-resize,-3.9078492266889433,3.9078492266889433,3.4815,33.084282711345374
568247.0,2.5,-0.21853052116725413,0.21853052116725413,002639_2014-06-24_14-51-37_094959634447_rgbf000074-resize,-3.7416182962322653,3.7416182962322653,4.0375,16.521406794569987
568247.0,2.5,-0.4438932167009151,0.4438932167009151,001570_2014-06-20_17-21-09_260595134347_rgbf000135-resize,-4.171118296232265,4.171118296232265,4.467,22.179510675592084
568247.0,2.5,-0.6308051547646941,0.6308051547646941,001392_2014-06-19_16-07-59_260595134347_rgbf000046-resize,-4.200233761460604,4.200233761460604,4.135,18.95235574822112
568247.0,2.5,-1.1724206601876443,1.1724206601876443,000447_2014-06-08_16-15-46_260595134347_rgbf000130-resize,-4.905349226688943,4.905349226688943,4.479,19.081432914605553
568247.0,2.5,-1.7155945013524276,1.7155945013524276,001447_2014-06-19_17-00-32_260595134347_rgbf000082-resize,-5.28633015714562,5.28633015714562,4.13775,46.830399423560245
568247.0,2.5,-0.8915857360923609,0.8915857360923609,000742_2014-06-08_18-48-09_260595134347_rgbf000164-resize,-4.697233761460604,4.697233761460604,4.632,18.91549953899407
568247.0,2.5,-0.162879737703867,0.162879737703867,002758_2014-06-22_19-11-20_094959634447_rgbf000128-resize,-2.9813492266889434,2.9813492266889434,2.555,7.204478276142114
568247.0,2.5,-0.4589312349550766,0.4589312349550766,000502_2014-06-08_23-02-32_260595134347_rgbf000063-resize,-3.218464691917281,3.218464691917281,2.431,13.897287578908273
568247.0,2.5,-0.977197171224943,0.977197171224943,001806_2014-06-26_20-50-20_260595134347_rgbf000091-resize,-3.87908015714562,3.87908015714562,2.7305,13.909869710567438
568247.0,2.5,-0.8114205797984336,0.8114205797984336,001617_2014-06-20_11-35-32_260595134347_rgbf000066-resize,-4.217349226688944,4.217349226688944,3.7910000000000004,19.974169961071475
568247.0,2.5,-0.9946595519280168,0.9946595519280168,001449_2014-06-19_17-01-27_260595134347_rgbf000116-resize,-4.239464691917282,4.239464691917282,3.452,8.994872108877228
568247.0,2.5,-0.2691333950858593,0.2691333950858593,002600_2014-06-24_14-27-04_094959634447_rgbf000074-resize,-3.1838492266889427,3.1838492266889427,2.7575,44.47386082434929
568247.0,2.5,-0.5771062391075388,0.5771062391075388,003228_2014-05-14_13-42-35_094959634447_rgbf000101-resize,-3.11658015714562,3.11658015714562,1.9680000000000002,14.40337638638131
568247.0,2.5,-0.8489057182377835,0.8489057182377835,000368_2014-06-09_15-53-01_260595134347_rgbf000155-resize,-3.6345801571456207,3.6345801571456207,2.4859999999999998,21.090700959072958
568247.0,2.5,-0.32880329900082617,0.32880329900082617,002678_2014-06-13_16-15-32_094959634447_rgbf000151-resize,-2.970464691917281,2.970464691917281,2.1830000000000003,32.96558503300821
568247.0,2.5,-0.0668421214800261,0.0668421214800261,002763_2014-06-22_19-13-10_094959634447_rgbf000075-resize,-2.471214691917281,2.471214691917281,1.68375,5.5919783591245595
568247.0,2.5,-0.11081812036687087,0.11081812036687087,002805_2014-06-22_19-54-03_094959634447_rgbf000079-resize,-3.2092337614606037,3.2092337614606037,3.1439999999999997,7.377848172936663
568247.0,2.5,-0.08140280786200249,0.08140280786200249,001110_2014-06-15_17-25-28_260595134347_rgbf000150-resize,-2.4989646919172808,2.4989646919172808,1.7115,9.336195527413247
568247.0,2.5,-0.2276813509714032,0.2276813509714032,000927_2014-06-09_16-32-30_260595134347_rgbf000123-resize,-3.1048492266889434,3.1048492266889434,2.6785,11.715239650325241
568247.0,2.5,-0.5793836316860014,0.5793836316860014,002570_2014-06-24_13-59-54_094959634447_rgbf000059-resize,-4.102233761460603,4.102233761460603,4.037,41.596140375002705
568247.0,2.5,-0.2270728417444273,0.2270728417444273,002467_2014-06-28_20-38-07_260595134347_rgbf000026-resize,-4.085002831003927,4.085002831003927,4.742,15.331046216195933
568247.0,2.5,-0.004155138404828507,0.004155138404828507,001810_2014-06-26_20-51-35_260595134347_rgbf000040-resize,-2.6788492266889428,2.6788492266889428,2.2525,22.411391411207674
568247.0,2.5,-0.42013432296779774,0.42013432296779774,000409_2014-06-04_19-23-33_260595134347_rgbf000067-resize,-3.7987337614606034,3.7987337614606034,3.7335,12.696549983566419
568247.0,2.5,-0.15433741712668506,0.15433741712668506,001167_2014-06-17_15-38-07_260595134347_rgbf000108-resize,-2.637964691917281,2.637964691917281,1.8505,12.019050657019696
568247.0,2.5,-0.25650878399444754,0.25650878399444754,003587_2014-05-23_16-48-02_094959634447_rgbf002384-resize,-2.5055801571456198,2.5055801571456198,1.357,20.788172722830538
474190.0,2.5,-0.35966565027211544,0.35966565027211544,001029_2014-06-08_13-17-57_260595134347_rgbf000065-resize,-3.429326211225656,3.429326211225656,3.0835,18.209734661918688
474190.0,2.5,-1.0934192140323131,1.0934192140323131,000677_2014-06-08_23-10-32_260595134347_rgbf000158-resize,-4.387654574427861,4.387654574427861,3.556,19.65196273325612
474190.0,2.5,-0.4667936766733379,0.4667936766733379,001516_2014-06-20_16-25-09_260595134347_rgbf000076-resize,-2.900040149895997,2.900040149895997,1.7445,3.8622659094666254
474190.0,2.5,-0.197110848228398,0.197110848228398,001417_2014-06-19_16-25-36_260595134347_rgbf000115-resize,-3.999669484821247,3.999669484821247,4.6255,49.17091269608214
474190.0,2.5,-0.3329754018144333,0.3329754018144333,000682_2014-06-08_23-14-58_260595134347_rgbf000041-resize,-3.2317689989597245,3.2317689989597245,2.7239999999999998,8.707843071693064
474190.0,2.5,-0.7368266047565029,0.7368266047565029,001650_2014-06-20_12-09-00_260595134347_rgbf000087-resize,-3.267982937630065,3.267982937630065,1.9505,47.6804595860539
474190.0,2.5,-0.6231570835861079,0.6231570835861079,001244_2014-06-17_16-47-45_260595134347_rgbf000030-resize,-3.198040149895997,3.198040149895997,2.0425,6.7629638807870815
474190.0,2.5,-0.7282388312602008,0.7282388312602008,003495_2014-05-21_16-01-51_094959634447_rgbf000100-resize,-3.104925725364134,3.104925725364134,1.6255,12.747278812179
474190.0,2.5,-0.31044808276919944,0.31044808276919944,000556_2014-06-09_22-42-56_260595134347_rgbf000214-resize,-4.215669484821246,4.215669484821246,4.8415,23.88242025565649
474190.0,2.5,-0.20984373812852256,0.20984373812852256,001150_2014-06-17_15-27-34_260595134347_rgbf000108-resize,-3.7305550602893836,3.7305550602893836,4.0325,11.088139074292139
474190.0,2.5,-0.5077036383981697,0.5077036383981697,000665_2014-06-09_20-42-35_260595134347_rgbf000110-resize,-3.5647689989597238,3.5647689989597238,3.057,18.49880761375764
474190.0,2.5,-1.0116870355113017,1.0116870355113017,002375_2014-06-28_20-13-44_260595134347_rgbf000032-resize,-4.5252689989597235,4.5252689989597235,4.0175,48.76103649676905
474190.0,2.5,-0.8281086707216807,0.8281086707216807,000788_2014-06-08_22-34-36_260595134347_rgbf000131-resize,-4.028711786693791,4.028711786693791,3.359,21.46386213810664
474190.0,2.5,-0.5004801973993467,0.5004801973993467,001235_2014-06-17_16-37-36_260595134347_rgbf000084-resize,-3.844383423491588,3.844383423491588,3.6605,14.547706659434104
474190.0,2.5,-0.1926681911359129,0.1926681911359129,000780_2014-06-08_22-28-29_260595134347_rgbf000126-resize,-3.4044406357575183,3.4044406357575183,3.3825,14.165390776882042
474190.0,2.5,-0.02635267822937037,0.02635267822937037,000470_2014-06-09_19-42-40_260595134347_rgbf000094-resize,-2.5007117866937927,2.5007117866937927,1.831,22.486379427626872
474190.0,2.5,-0.42409979093096783,0.42409979093096783,000109_2014-05-14_23-41-52_260595134347_rgbf000035-resize,-2.671982937630065,2.671982937630065,1.3545,6.620498200896815
474190.0,2.5,-0.3989137388107897,0.3989137388107897,002509_2014-06-24_13-19-22_094959634447_rgbf000077-resize,-2.6239829376300654,2.6239829376300654,1.3065,40.21868783296904
474190.0,2.5,-0.2778283538520009,0.2778283538520009,003338_2014-05-20_11-01-23_094959634447_rgbf000051-resize,-2.686597362161929,2.686597362161929,1.693,28.251495663089063
474190.0,2.5,-0.8222492688615762,0.8222492688615762,002784_2014-06-22_19-26-30_094959634447_rgbf000083-resize,-3.284092392030834,3.284092392030834,1.8046666666667,3.0422522474895675
474190.0,2.5,-0.8887299816063254,0.8887299816063254,001100_2014-06-15_17-46-26_260595134347_rgbf000225-resize,-3.5574829376300654,3.5574829376300654,2.24,9.548860596737413
474190.0,2.5,-0.4182580554000783,0.4182580554000783,000469_2014-06-09_19-42-10_260595134347_rgbf000081-resize,-2.8075401498959973,2.8075401498959973,1.652,25.13136208408983
474190.0,2.5,-0.4149173760954844,0.4149173760954844,000483_2014-06-09_20-41-45_260595134347_rgbf000116-resize,-2.6544829376300654,2.6544829376300654,1.337,29.232414989368262
474190.0,2.5,-0.6006645104817947,0.6006645104817947,002964_2014-06-08_17-46-11_094959634447_rgbf000091-resize,-3.008482937630065,3.008482937630065,1.6909999999999998,28.953812917975768
474190.0,2.5,-0.0924660650448348,0.0924660650448348,002136_2014-06-25_21-18-03_260595134347_rgbf000109-resize,-2.626711786693793,2.626711786693793,1.9569999999999999,13.297078442475444
474190.0,2.5,-0.895656321954643,0.895656321954643,002103_2014-06-25_20-00-40_260595134347_rgbf000049-resize,-4.450826211225658,4.450826211225658,4.105,11.598018874569219
474190.0,2.5,-0.11112843540448053,0.11112843540448053,000691_2014-06-08_13-08-50_260595134347_rgbf000132-resize,-3.6891122725553154,3.6891122725553154,4.1530000000000005,14.740846212587924
474190.0,2.5,-0.6563888268129534,0.6563888268129534,000457_2014-06-08_16-52-43_260595134347_rgbf000199-resize,-3.994826211225656,3.994826211225656,3.6489999999999996,14.067279821032837
474190.0,2.5,-0.18413297658916866,0.18413297658916866,003621_2014-05-23_18-06-08_094959634447_rgbf000101-resize,-3.6815550602893836,3.6815550602893836,3.9835,23.07176470133362
474190.0,2.5,-0.5939484059316731,0.5939484059316731,001584_2014-06-20_11-07-43_260595134347_rgbf000002-resize,-3.875826211225656,3.875826211225656,3.53,17.602834139105468
474190.0,2.5,-0.17883317676850807,0.17883317676850807,002279_2014-06-28_18-55-32_260595134347_rgbf000040-resize,-2.4979306954952287,2.4979306954952287,1.5043333333333,15.963772282558683
474190.0,2.5,-0.19462716497257174,0.19462716497257174,003048_2014-06-15_13-49-43_094959634447_rgbf000150-resize,-3.7015550602893836,3.7015550602893836,4.0035,24.355606534500392
474190.0,2.5,-0.21734690680738056,0.21734690680738056,002725_2014-06-22_11-47-51_094959634447_rgbf000070-resize,-2.864711786693793,2.864711786693793,2.195,3.938570017428758
474190.0,2.5,-0.8660449857124339,0.8660449857124339,002344_2014-06-28_20-06-29_260595134347_rgbf000030-resize,-3.2208685130982015,3.2208685130982015,1.5795,37.33165518125916
474190.0,2.5,-1.0032564988254864,1.0032564988254864,000549_2014-06-08_22-10-24_260595134347_rgbf000247-resize,-3.4823685130982023,3.4823685130982023,1.841,30.99307977870557
474190.0,2.5,-0.2621921891759835,0.2621921891759835,000736_2014-06-08_18-24-15_260595134347_rgbf000206-resize,-3.5369406357575195,3.5369406357575195,3.515,33.408170606136416
474190.0,2.5,-0.0805028663030179,0.0805028663030179,000137_2014-05-20_17-04-49_260595134347_rgbf000120-resize,-3.4840550602893834,3.4840550602893834,3.786,14.89611111351161
474190.0,2.5,-0.7607008833287543,0.7607008833287543,002199_2014-06-28_18-33-56_260595134347_rgbf000074-resize,-3.3134829376300656,3.3134829376300656,1.996,17.12852126070164
474190.0,2.5,-0.2906489886807569,0.2906489886807569,000917_2014-06-09_22-45-29_260595134347_rgbf000149-resize,-3.8845550602893835,3.8845550602893835,4.1865,9.740561609074897
474190.0,2.5,-0.20331961632980425,0.20331961632980425,002953_2014-06-08_17-32-18_094959634447_rgbf000059-resize,-2.5445973621619293,2.5445973621619293,1.551,13.905027931093345
474190.0,2.5,-0.13050749793468985,0.13050749793468985,002905_2014-06-03_18-04-43_094959634447_rgbf000151-resize,-2.699211786693793,2.699211786693793,2.0295,12.020604335789361
474190.0,2.5,-1.0049183720116426,1.0049183720116426,003129_2014-05-12_10-48-10_094959634447_rgbf000100-resize,-4.95244063575752,4.95244063575752,4.9305,17.9074543760639
474190.0,2.5,-0.33141864652738906,0.33141864652738906,000810_2014-06-08_17-20-01_260595134347_rgbf000105-resize,-2.642040149895997,2.642040149895997,1.4865,3.0958890116960642
474190.0,2.5,-0.13246647177135,0.13246647177135,001214_2014-06-17_16-13-55_260595134347_rgbf000111-resize,-2.9963262112256563,2.9963262112256563,2.6505,18.479282579459067
474190.0,2.5,-0.4724429894146534,0.4724429894146534,002272_2014-06-28_18-53-56_260595134347_rgbf000067-resize,-2.617425725364133,2.617425725364133,1.138,10.409245808146235
474190.0,2.5,-0.38707303093853146,0.38707303093853146,001132_2014-06-17_14-48-54_260595134347_rgbf000100-resize,-3.77494063575752,3.77494063575752,3.753,14.398279213278778
474190.0,2.5,-0.5885262619208604,0.5885262619208604,000943_2014-06-09_19-31-07_260595134347_rgbf000128-resize,-3.132040149895997,3.132040149895997,1.9765,15.893099149291922
474190.0,2.5,-1.161246592945312,1.161246592945312,000854_2014-06-09_19-43-13_260595134347_rgbf000066-resize,-4.223540149895999,4.223540149895999,3.068,11.910827625938722
474190.0,2.5,-0.3007757044554713,0.3007757044554713,001164_2014-06-17_15-35-46_260595134347_rgbf000085-resize,-3.0237117866937924,3.0237117866937924,2.354,17.325668807481115
474190.0,2.5,-0.044455153190748005,0.044455153190748005,001136_2014-06-17_15-19-41_260595134347_rgbf000076-resize,-2.535211786693792,2.535211786693792,1.8655,18.667799879387072
474190.0,2.5,-0.05612125128205775,0.05612125128205775,002153_2014-06-25_21-27-18_260595134347_rgbf000038-resize,-2.850826211225656,2.850826211225656,2.505,17.28886317575377
474190.0,2.5,-0.27216166814022275,0.27216166814022275,000739_2014-06-08_18-45-58_260595134347_rgbf000068-resize,-3.5559406357575183,3.5559406357575183,3.534,8.164356963721069
474190.0,2.5,-0.08226941735010501,0.08226941735010501,000734_2014-06-08_17-39-11_260595134347_rgbf000128-resize,-3.6341122725553143,3.6341122725553143,4.098,16.052231618370055
474190.0,2.5,-1.1196720579612969,1.1196720579612969,000522_2014-06-08_13-35-06_260595134347_rgbf000244-resize,-3.850925725364134,3.850925725364134,2.3715,25.742609854068213
474190.0,2.5,-0.705868749025453,0.705868749025453,002949_2014-06-26_15-57-42_094959634447_rgbf000079-resize,-3.2089829376300654,3.2089829376300654,1.8915,17.99500168321199
474190.0,2.5,-0.4289272936026059,0.4289272936026059,000866_2014-06-09_20-45-42_260595134347_rgbf000139-resize,-3.5613262112256563,3.5613262112256563,3.2155,8.082259189449621
474190.0,2.5,-0.7321741519039832,0.7321741519039832,001555_2014-06-20_17-12-10_260595134347_rgbf000065-resize,-3.1124257253641336,3.1124257253641336,1.633,7.608284543781994
474190.0,2.5,-0.7855020898697824,0.7855020898697824,003534_2014-05-22_15-06-10_094959634447_rgbf000102-resize,-3.0673685130982022,3.0673685130982022,1.426,12.376994007247625
474190.0,2.5,-0.2586764600522777,0.2586764600522777,001016_2014-06-09_16-16-10_260595134347_rgbf000112-resize,-2.6500973621619295,2.6500973621619295,1.6565,7.049977084494088
474190.0,2.5,-0.039592904578193366,0.039592904578193366,002340_2014-06-28_20-05-46_260595134347_rgbf000113-resize,-2.8193262112256563,2.8193262112256563,2.4735,7.91768620575396
474190.0,2.5,-0.4965622497260257,0.4965622497260257,001059_2014-06-08_21-53-27_260595134347_rgbf000061-resize,-3.2501545744278606,3.2501545744278606,2.4185,8.755513319222857
474190.0,2.5,-0.4588357304953077,0.4588357304953077,001032_2014-06-08_13-23-17_260595134347_rgbf000021-resize,-3.618326211225656,3.618326211225656,3.2725,15.984983178828962
474190.0,2.5,-0.5684999991019142,0.5684999991019142,003292_2014-05-14_21-53-49_094959634447_rgbf000100-resize,-3.827326211225656,3.827326211225656,3.4815,33.084282711345374
474190.0,2.5,-1.0918976447243576,1.0918976447243576,000447_2014-06-08_16-15-46_260595134347_rgbf000130-resize,-4.824826211225656,4.824826211225656,4.479,19.081432914605553
474190.0,2.5,-0.2650694044961908,0.2650694044961908,001447_2014-06-19_17-00-32_260595134347_rgbf000082-resize,-3.8358050602893834,3.8358050602893834,4.13775,46.830399423560245
474190.0,2.5,-0.5244070349211403,0.5244070349211403,000742_2014-06-08_18-48-09_260595134347_rgbf000164-resize,-4.330055060289384,4.330055060289384,4.632,18.91549953899407
474190.0,2.5,-0.7301278731768531,0.7301278731768531,002758_2014-06-22_19-11-20_094959634447_rgbf000128-resize,-3.5485973621619284,3.5485973621619284,2.555,7.204478276142114
474190.0,2.5,-0.4878519853601657,0.4878519853601657,002549_2014-06-24_13-41-39_094959634447_rgbf000022-resize,-2.793482937630065,2.793482937630065,1.476,4.1736441355391865
474190.0,2.5,-0.6650639051997241,0.6650639051997241,000502_2014-06-08_23-02-32_260595134347_rgbf000063-resize,-3.4245973621619283,3.4245973621619283,2.431,13.897287578908273
474190.0,2.5,-0.8222143762412516,0.8222143762412516,001806_2014-06-26_20-50-20_260595134347_rgbf000091-resize,-3.7240973621619284,3.7240973621619284,2.7305,13.909869710567438
474190.0,2.5,-0.2450692011329424,0.2450692011329424,001617_2014-06-20_11-35-32_260595134347_rgbf000066-resize,-3.6509978480234513,3.6509978480234513,3.7910000000000004,19.974169961071475
474190.0,2.5,-0.5467245582063478,0.5467245582063478,000493_2014-06-09_21-01-18_260595134347_rgbf000196-resize,-3.785826211225656,3.785826211225656,3.44,19.629285382994567
474190.0,2.5,-0.4221234441238474,0.4221234441238474,003228_2014-05-14_13-42-35_094959634447_rgbf000101-resize,-2.9615973621619287,2.9615973621619287,1.9680000000000002,14.40337638638131
474190.0,2.5,-0.6939229232540921,0.6939229232540921,000368_2014-06-09_15-53-01_260595134347_rgbf000155-resize,-3.4795973621619285,3.4795973621619285,2.4859999999999998,21.090700959072958
474190.0,2.5,-0.434917579458742,0.434917579458742,002763_2014-06-22_19-13-10_094959634447_rgbf000075-resize,-2.839290149895997,2.839290149895997,1.68375,5.5919783591245595
474190.0,2.5,-0.14493700696187295,0.14493700696187295,002209_2014-06-28_18-36-10_260595134347_rgbf000051-resize,-2.7267117866937927,2.7267117866937927,2.057,12.962068825921264
474190.0,2.5,-0.6262006622402034,0.6262006622402034,001828_2014-06-26_21-40-03_260595134347_rgbf000024-resize,-4.524055060289384,4.524055060289384,4.8260000000000005,35.55232951340613
474190.0,2.5,-1.507747232387326,1.507747232387326,002570_2014-06-24_13-59-54_094959634447_rgbf000059-resize,-5.030597362161928,5.030597362161928,4.037,41.596140375002705
474190.0,2.5,-0.3768411972647132,0.3768411972647132,000409_2014-06-04_19-23-33_260595134347_rgbf000067-resize,-3.7554406357575183,3.7554406357575183,3.7335,12.696549983566419
474190.0,2.5,-0.09797551394612447,0.09797551394612447,002875_2014-06-01_15-19-00_094959634447_rgbf000151-resize,-2.6372117866937925,2.6372117866937925,1.9675,11.625680938349673
474190.0,2.5,-0.8028001277319395,0.8028001277319395,001092_2014-06-15_17-34-58_260595134347_rgbf000171-resize,-3.687097362161929,3.687097362161929,2.6935,9.164038324933468
474190.0,2.5,-0.36047008737133257,0.36047008737133257,001167_2014-06-17_15-38-07_260595134347_rgbf000108-resize,-2.8440973621619285,2.8440973621619285,1.8505,12.019050657019696
474190.0,2.5,-0.7492971399470294,0.7492971399470294,003587_2014-05-23_16-48-02_094959634447_rgbf002384-resize,-2.9983685130982023,2.9983685130982023,1.357,20.788172722830538
772859.0,2.5,-0.993620909678672,0.993620909678672,001029_2014-06-08_13-17-57_260595134347_rgbf000065-resize,-4.063281470632212,4.063281470632212,3.0835,18.209734661918688
772859.0,2.5,-1.6446714564640876,1.6446714564640876,000677_2014-06-08_23-10-32_260595134347_rgbf000158-resize,-4.938906816859634,4.938906816859634,3.556,19.65196273325612
772859.0,2.5,-0.694160343636976,0.694160343636976,001516_2014-06-20_16-25-09_260595134347_rgbf000076-resize,-3.1274068168596347,3.1274068168596347,1.7445,3.8622659094666254
772859.0,2.5,-0.19022144912967495,0.19022144912967495,001417_2014-06-19_16-25-36_260595134347_rgbf000115-resize,-3.992780085722524,3.992780085722524,4.6255,49.17091269608214
772859.0,2.5,-0.8049878734869218,0.8049878734869218,000682_2014-06-08_23-14-58_260595134347_rgbf000041-resize,-3.703781470632213,3.703781470632213,2.7239999999999998,8.707843071693064
772859.0,2.5,-0.8022504839860727,0.8022504839860727,001650_2014-06-20_12-09-00_260595134347_rgbf000087-resize,-3.3334068168596347,3.3334068168596347,1.9505,47.6804595860539
772859.0,2.5,-0.4473984043223236,0.4473984043223236,001244_2014-06-17_16-47-45_260595134347_rgbf000030-resize,-3.0222814706322128,3.0222814706322128,2.0425,6.7629638807870815
772859.0,2.5,-0.6317199227557024,0.6317199227557024,003495_2014-05-21_16-01-51_094959634447_rgbf000100-resize,-3.0084068168596345,3.0084068168596345,1.6255,12.747278812179
772859.0,2.5,-1.0805741609563682,1.0805741609563682,002375_2014-06-28_20-13-44_260595134347_rgbf000032-resize,-4.5941561244047895,4.5941561244047895,4.0175,48.76103649676905
772859.0,2.5,-0.15142762201065124,0.15142762201065124,002568_2014-06-24_13-59-21_094959634447_rgbf000062-resize,-3.1885307781773684,3.1885307781773684,3.015,29.63840999388049
772859.0,2.5,-0.3319276622052565,0.3319276622052565,000788_2014-06-08_22-34-36_260595134347_rgbf000131-resize,-3.5325307781773683,3.5325307781773683,3.359,21.46386213810664
772859.0,2.5,-0.4901275520851272,0.4901275520851272,001235_2014-06-17_16-37-36_260595134347_rgbf000084-resize,-3.834030778177368,3.834030778177368,3.6605,14.547706659434104
772859.0,2.5,-0.4903899067947079,0.4903899067947079,000692_2014-06-08_13-09-42_260595134347_rgbf000199-resize,-3.834530778177368,3.834530778177368,3.661,54.80046590295557
772859.0,2.5,-0.7823906985630082,0.7823906985630082,001094_2014-06-15_17-36-00_260595134347_rgbf000205-resize,-4.3910307781773685,4.3910307781773685,4.2175,17.196771274488466
772859.0,2.5,-0.3442583335557617,0.3442583335557617,000780_2014-06-08_22-28-29_260595134347_rgbf000126-resize,-3.556030778177368,3.556030778177368,3.3825,14.165390776882042
772859.0,2.5,-0.0863983239331152,0.0863983239331152,000109_2014-05-14_23-41-52_260595134347_rgbf000035-resize,-2.3342814706322126,2.3342814706322126,1.3545,6.620498200896815
772859.0,2.5,-0.061212271812937084,0.061212271812937084,002509_2014-06-24_13-19-22_094959634447_rgbf000077-resize,-2.2862814706322125,2.2862814706322125,1.3065,40.21868783296904
772859.0,2.5,-0.6671378085497073,0.6671378085497073,003338_2014-05-20_11-01-23_094959634447_rgbf000051-resize,-3.0759068168596357,3.0759068168596357,1.693,28.251495663089063
772859.0,2.5,-0.5510285146084728,0.5510285146084728,001100_2014-06-15_17-46-26_260595134347_rgbf000225-resize,-3.2197814706322125,3.2197814706322125,2.24,9.548860596737413
772859.0,2.5,-0.2424993761362939,0.2424993761362939,000469_2014-06-09_19-42-10_260595134347_rgbf000081-resize,-2.6317814706322125,2.6317814706322125,1.652,25.13136208408983
772859.0,2.5,-0.4803412553250542,0.4803412553250542,000483_2014-06-09_20-41-45_260595134347_rgbf000116-resize,-2.7199068168596345,2.7199068168596345,1.337,29.232414989368262
772859.0,2.5,-0.6660883897113645,0.6660883897113645,002964_2014-06-08_17-46-11_094959634447_rgbf000091-resize,-3.0739068168596346,3.0739068168596346,1.6909999999999998,28.953812917975768
772859.0,2.5,-0.8056610952106775,0.8056610952106775,002136_2014-06-25_21-18-03_260595134347_rgbf000109-resize,-3.3399068168596346,3.3399068168596346,1.9569999999999999,13.297078442475444
772859.0,2.5,-0.3202355426789327,0.3202355426789327,002103_2014-06-25_20-00-40_260595134347_rgbf000049-resize,-3.875405431949946,3.875405431949946,4.105,11.598018874569219
772859.0,2.5,-0.4774206836200331,0.4774206836200331,000929_2014-06-09_16-33-19_260595134347_rgbf000139-resize,-3.444656124404791,3.444656124404791,2.8680000000000003,19.501338012209015
772859.0,2.5,-0.8872187399920881,0.8872187399920881,000457_2014-06-08_16-52-43_260595134347_rgbf000199-resize,-4.225656124404789,4.225656124404789,3.6489999999999996,14.067279821032837
772859.0,2.5,-0.256483348249731,0.256483348249731,003621_2014-05-23_18-06-08_094959634447_rgbf000101-resize,-3.7539054319499456,3.7539054319499456,3.9835,23.07176470133362
772859.0,2.5,-0.018527626655962803,0.018527626655962803,001584_2014-06-20_11-07-43_260595134347_rgbf000002-resize,-3.3004054319499456,3.3004054319499456,3.53,17.602834139105468
772859.0,2.5,-0.060801404798771386,0.060801404798771386,000635_2014-06-08_16-38-42_260595134347_rgbf000106-resize,-2.6506561244047906,2.6506561244047906,2.074,10.796976226722654
772859.0,2.5,-1.0107086357012895,1.0107086357012895,002344_2014-06-28_20-06-29_260595134347_rgbf000030-resize,-3.3655321630870576,3.3655321630870576,1.5795,37.33165518125916
772859.0,2.5,-0.3416694563594971,0.3416694563594971,000549_2014-06-08_22-10-24_260595134347_rgbf000247-resize,-2.8207814706322125,2.8207814706322125,1.841,30.99307977870557
772859.0,2.5,-0.4137823315958323,0.4137823315958323,000736_2014-06-08_18-24-15_260595134347_rgbf000206-resize,-3.688530778177368,3.688530778177368,3.515,33.408170606136416
772859.0,2.5,-0.08137891455141505,0.08137891455141505,000642_2014-06-08_16-59-25_260595134347_rgbf000098-resize,-3.055030778177368,3.055030778177368,2.8815,31.36214301237791
772859.0,2.5,-0.4229994163309017,0.4229994163309017,002199_2014-06-28_18-33-56_260595134347_rgbf000074-resize,-2.9757814706322128,2.9757814706322128,1.996,17.12852126070164
772859.0,2.5,-0.4733715205712574,0.4733715205712574,000878_2014-06-08_22-52-45_260595134347_rgbf000045-resize,-3.071781470632213,3.071781470632213,2.092,5.576511521775202
772859.0,2.5,-0.5926290710275106,0.5926290710275106,002953_2014-06-08_17-32-18_094959634447_rgbf000059-resize,-2.9339068168596354,2.9339068168596354,1.551,13.905027931093345
772859.0,2.5,-0.4405771818731101,0.4405771818731101,002905_2014-06-03_18-04-43_094959634447_rgbf000151-resize,-3.009281470632213,3.009281470632213,2.0295,12.020604335789361
772859.0,2.5,-0.4377704525730856,0.4377704525730856,000414_2014-06-04_19-49-13_260595134347_rgbf000044-resize,-4.099405431949945,4.099405431949945,4.329,13.241348366125557
772859.0,2.5,-0.7533831682040688,0.7533831682040688,003129_2014-05-12_10-48-10_094959634447_rgbf000100-resize,-4.700905431949947,4.700905431949947,4.9305,17.9074543760639
772859.0,2.5,-0.3199731879693401,0.3199731879693401,001052_2014-06-08_18-24-54_260595134347_rgbf000130-resize,-3.8749054319499456,3.8749054319499456,4.1045,25.87613690895519
772859.0,2.5,-0.5587853134910271,0.5587853134910271,000810_2014-06-08_17-20-01_260595134347_rgbf000105-resize,-2.8694068168596347,2.8694068168596347,1.4865,3.0958890116960642
772859.0,2.5,-0.36329638495048455,0.36329638495048455,001214_2014-06-17_16-13-55_260595134347_rgbf000111-resize,-3.227156124404791,3.227156124404791,2.6505,18.479282579459067
772859.0,2.5,-0.37592408091015495,0.37592408091015495,002272_2014-06-28_18-53-56_260595134347_rgbf000067-resize,-2.5209068168596347,2.5209068168596347,1.138,10.409245808146235
772859.0,2.5,-0.7547642815511587,0.7547642815511587,001571_2014-06-20_17-21-32_260595134347_rgbf000089-resize,-3.242906816859636,3.242906816859636,1.86,4.991960350191473
772859.0,2.5,-0.8723783639507374,0.8723783639507374,002444_2014-06-28_20-32-08_260595134347_rgbf000027-resize,-4.562530778177368,4.562530778177368,4.388999999999999,17.102760279009576
772859.0,2.5,-0.3761170958205717,0.3761170958205717,001133_2014-06-17_14-49-16_260595134347_rgbf000100-resize,-3.9819054319499463,3.9819054319499463,4.2115,26.759918254713728
772859.0,2.5,-0.1128614797016379,0.1128614797016379,003070_2014-06-15_14-58-27_094959634447_rgbf000150-resize,-3.1150307781773683,3.1150307781773683,2.9415,10.664823740812926
772859.0,2.5,-0.009642236429653894,0.009642236429653894,000943_2014-06-09_19-31-07_260595134347_rgbf000128-resize,-2.5531561244047905,2.5531561244047905,1.9765,15.893099149291922
772859.0,2.5,-0.9854879136815275,0.9854879136815275,000854_2014-06-09_19-43-13_260595134347_rgbf000066-resize,-4.047781470632213,4.047781470632213,3.068,11.910827625938722
772859.0,2.5,-0.20772004216646944,0.20772004216646944,001164_2014-06-17_15-35-46_260595134347_rgbf000085-resize,-2.930656124404791,2.930656124404791,2.354,17.325668807481115
772859.0,2.5,-0.3545248371291683,0.3545248371291683,001136_2014-06-17_15-19-41_260595134347_rgbf000076-resize,-2.8452814706322127,2.8452814706322127,1.8655,18.667799879387072
772859.0,2.5,-0.2869511644611923,0.2869511644611923,002153_2014-06-25_21-27-18_260595134347_rgbf000038-resize,-3.08165612440479,3.08165612440479,2.505,17.28886317575377
772859.0,2.5,-0.3165625767447357,0.3165625767447357,000734_2014-06-08_17-39-11_260595134347_rgbf000128-resize,-3.8684054319499457,3.8684054319499457,4.098,16.052231618370055
772859.0,2.5,-1.0231531494567985,1.0231531494567985,000522_2014-06-08_13-35-06_260595134347_rgbf000244-resize,-3.7544068168596354,3.7544068168596354,2.3715,25.742609854068213
772859.0,2.5,-0.7712926282550229,0.7712926282550229,002949_2014-06-26_15-57-42_094959634447_rgbf000079-resize,-3.2744068168596345,3.2744068168596345,1.8915,17.99500168321199
772859.0,2.5,-0.2566318605543181,0.2566318605543181,000866_2014-06-09_20-45-42_260595134347_rgbf000139-resize,-3.3890307781773683,3.3890307781773683,3.2155,8.082259189449621
772859.0,2.5,-0.2325298971720623,0.2325298971720623,001555_2014-06-20_17-12-10_260595134347_rgbf000065-resize,-2.6127814706322128,2.6127814706322128,1.633,7.608284543781994
772859.0,2.5,-0.12391504740379312,0.12391504740379312,003534_2014-05-22_15-06-10_094959634447_rgbf000102-resize,-2.4057814706322125,2.4057814706322125,1.426,12.376994007247625
772859.0,2.5,-0.3725579722913763,0.3725579722913763,000773_2014-06-08_22-24-54_260595134347_rgbf000093-resize,-4.340280085722524,4.340280085722524,4.973,21.45352631724976
772859.0,2.5,-0.33597682525403577,0.33597682525403577,001392_2014-06-19_16-07-59_260595134347_rgbf000046-resize,-3.9054054319499456,3.9054054319499456,4.135,18.95235574822112
772859.0,2.5,-0.5164768654486473,0.5164768654486473,000447_2014-06-08_16-15-46_260595134347_rgbf000130-resize,-4.2494054319499455,4.2494054319499455,4.479,19.081432914605553
772859.0,2.5,-0.7405451223841757,0.7405451223841757,001447_2014-06-19_17-00-32_260595134347_rgbf000082-resize,-4.311280778177368,4.311280778177368,4.13775,46.830399423560245
772859.0,2.5,-0.14854172020522044,0.14854172020522044,002630_2014-06-24_14-47-50_094959634447_rgbf000055-resize,-3.1830307781773683,3.1830307781773683,3.0095,10.661401196716628
772859.0,2.5,-0.716311981647137,0.716311981647137,002758_2014-06-22_19-11-20_094959634447_rgbf000128-resize,-3.534781470632213,3.534781470632213,2.555,7.204478276142114
772859.0,2.5,-0.15015051836231308,0.15015051836231308,002549_2014-06-24_13-41-39_094959634447_rgbf000022-resize,-2.4557814706322127,2.4557814706322127,1.476,4.1736441355391865
772859.0,2.5,-0.6108453883938914,0.6108453883938914,002750_2014-06-22_19-08-03_094959634447_rgbf000094-resize,-3.333781470632213,3.333781470632213,2.354,8.789636111124727
772859.0,2.5,-0.24812266744258596,0.24812266744258596,000502_2014-06-08_23-02-32_260595134347_rgbf000063-resize,-3.007656124404791,3.007656124404791,2.431,13.897287578908273
772859.0,2.5,-0.8083984847115355,0.8083984847115355,001806_2014-06-26_20-50-20_260595134347_rgbf000091-resize,-3.710281470632213,3.710281470632213,2.7305,13.909869710567438
772859.0,2.5,-0.29583655468750164,0.29583655468750164,000506_2014-06-08_23-21-00_260595134347_rgbf000070-resize,-3.828905431949946,3.828905431949946,4.0585,16.716212007621664
772859.0,2.5,-0.07928007687473043,0.07928007687473043,003079_2014-06-15_15-18-20_094959634447_rgbf000152-resize,-3.051030778177368,3.051030778177368,2.8775,9.032134209869396
772859.0,2.5,-0.380725638188104,0.380725638188104,001449_2014-06-19_17-01-27_260595134347_rgbf000116-resize,-3.625530778177368,3.625530778177368,3.452,8.994872108877228
772859.0,2.5,-0.4194402928017073,0.4194402928017073,002600_2014-06-24_14-27-04_094959634447_rgbf000074-resize,-3.3341561244047906,3.3341561244047906,2.7575,44.47386082434929
772859.0,2.5,-0.8114328988215538,0.8114328988215538,003228_2014-05-14_13-42-35_094959634447_rgbf000101-resize,-3.3509068168596343,3.3509068168596343,1.9680000000000002,14.40337638638131
772859.0,2.5,-0.2769816854969539,0.2769816854969539,000368_2014-06-09_15-53-01_260595134347_rgbf000155-resize,-3.062656124404791,3.062656124404791,2.4859999999999998,21.090700959072958
772859.0,2.5,-0.05188134467287109,0.05188134467287109,002209_2014-06-28_18-36-10_260595134347_rgbf000051-resize,-2.6336561244047907,2.6336561244047907,2.057,12.962068825921264
772859.0,2.5,-0.21911513708363511,0.21911513708363511,002805_2014-06-22_19-54-03_094959634447_rgbf000079-resize,-3.3175307781773684,3.3175307781773684,3.1439999999999997,7.377848172936663
772859.0,2.5,-0.273719586576934,0.273719586576934,001110_2014-06-15_17-25-28_260595134347_rgbf000150-resize,-2.691281470632213,2.691281470632213,1.7115,9.336195527413247
772859.0,2.5,-1.49393134085761,1.49393134085761,002570_2014-06-24_13-59-54_094959634447_rgbf000059-resize,-5.016781470632212,5.016781470632212,4.037,41.596140375002705
772859.0,2.5,-0.20573504689478636,0.20573504689478636,003010_2014-06-15_12-54-35_094959634447_rgbf000112-resize,-3.2920307781773683,3.2920307781773683,3.1185,6.696951333567531
772859.0,2.5,-0.6584107633342322,0.6584107633342322,002663_2014-06-13_15-50-26_094959634447_rgbf000075-resize,-4.5199054319499465,4.5199054319499465,4.7495,16.725954086732166
772859.0,2.5,-0.5284313396845619,0.5284313396845619,000409_2014-06-04_19-23-33_260595134347_rgbf000067-resize,-3.907030778177368,3.907030778177368,3.7335,12.696549983566419
772859.0,2.5,-0.08771009748104007,0.08771009748104007,003587_2014-05-23_16-48-02_094959634447_rgbf002384-resize,-2.3367814706322125,2.3367814706322125,1.357,20.788172722830538
445450.0,2.5,-1.0082998121929898,1.0082998121929898,000677_2014-06-08_23-10-32_260595134347_rgbf000158-resize,-4.302535172588538,4.302535172588538,3.556,19.65196273325612
445450.0,2.5,-0.05778869936587816,0.05778869936587816,001516_2014-06-20_16-25-09_260595134347_rgbf000076-resize,-2.4910351725885373,2.4910351725885373,1.7445,3.8622659094666254
445450.0,2.5,-0.015464544076693731,0.015464544076693731,001417_2014-06-19_16-25-36_260595134347_rgbf000115-resize,-3.818023180669542,3.818023180669542,4.6255,49.17091269608214
445450.0,2.5,-1.1953587201272309,1.1953587201272309,003081_2014-06-15_15-19-16_094959634447_rgbf000150-resize,-4.6590351725885375,4.6590351725885375,3.9125,16.632991649560594
445450.0,2.5,-0.7723542744441021,0.7723542744441021,003495_2014-05-21_16-01-51_094959634447_rgbf000100-resize,-3.1490411685480346,3.1490411685480346,1.6255,12.747278812179
445450.0,2.5,-0.1288017786174952,0.1288017786174952,000556_2014-06-09_22-42-56_260595134347_rgbf000214-resize,-4.034023180669543,4.034023180669543,4.8415,23.88242025565649
445450.0,2.5,-0.481317854468179,0.481317854468179,001150_2014-06-17_15-27-34_260595134347_rgbf000108-resize,-4.002029176629041,4.002029176629041,4.0325,11.088139074292139
445450.0,2.5,-0.7244320164218203,0.7244320164218203,002568_2014-06-24_13-59-21_094959634447_rgbf000062-resize,-3.7615351725885375,3.7615351725885375,3.015,29.63840999388049
445450.0,2.5,-0.12792606065692802,0.12792606065692802,000788_2014-06-08_22-34-36_260595134347_rgbf000131-resize,-3.3285291766290404,3.3285291766290404,3.359,21.46386213810664
445450.0,2.5,-1.0631319464962965,1.0631319464962965,001235_2014-06-17_16-37-36_260595134347_rgbf000084-resize,-4.407035172588538,4.407035172588538,3.6605,14.547706659434104
445450.0,2.5,-1.3553950929741774,1.3553950929741774,001094_2014-06-15_17-36-00_260595134347_rgbf000205-resize,-4.964035172588538,4.964035172588538,4.2175,17.196771274488466
445450.0,2.5,-0.10317606412411527,0.10317606412411527,000470_2014-06-09_19-42-40_260595134347_rgbf000094-resize,-2.5775351725885374,2.5775351725885374,1.831,22.486379427626872
445450.0,2.5,-0.6301580218489373,0.6301580218489373,000109_2014-05-14_23-41-52_260595134347_rgbf000035-resize,-2.8780411685480347,2.8780411685480347,1.3545,6.620498200896815
445450.0,2.5,-0.6049719697287592,0.6049719697287592,002509_2014-06-24_13-19-22_094959634447_rgbf000077-resize,-2.8300411685480347,2.8300411685480347,1.3065,40.21868783296904
445450.0,2.5,-0.03076616427860945,0.03076616427860945,003338_2014-05-20_11-01-23_094959634447_rgbf000051-resize,-2.439535172588537,2.439535172588537,1.693,28.251495663089063
445450.0,2.5,-0.8663647120454775,0.8663647120454775,002784_2014-06-22_19-26-30_094959634447_rgbf000083-resize,-3.328207835214734,3.328207835214734,1.8046666666667,3.0422522474895675
445450.0,2.5,-1.094788212524295,1.094788212524295,001100_2014-06-15_17-46-26_260595134347_rgbf000225-resize,-3.763541168548035,3.763541168548035,2.24,9.548860596737413
445450.0,2.5,-0.00925307809261855,0.00925307809261855,000469_2014-06-09_19-42-10_260595134347_rgbf000081-resize,-2.398535172588537,2.398535172588537,1.652,25.13136208408983
445450.0,2.5,-0.8067227413997642,0.8067227413997642,002964_2014-06-08_17-46-11_094959634447_rgbf000091-resize,-3.2145411685480347,3.2145411685480347,1.6909999999999998,28.953812917975768
445450.0,2.5,-0.1692894509395797,0.1692894509395797,002136_2014-06-25_21-18-03_260595134347_rgbf000109-resize,-2.7035351725885377,2.7035351725885377,1.9569999999999999,13.297078442475444
445450.0,2.5,-1.0418812150198962,1.0418812150198962,002213_2014-06-28_18-37-58_260595134347_rgbf000055-resize,-4.366535172588538,4.366535172588538,3.62,11.387296889913552
445450.0,2.5,-1.0570977881758348,1.0570977881758348,000457_2014-06-08_16-52-43_260595134347_rgbf000199-resize,-4.395535172588538,4.395535172588538,3.6489999999999996,14.067279821032837
445450.0,2.5,-0.9946573672945545,0.9946573672945545,001584_2014-06-20_11-07-43_260595134347_rgbf000002-resize,-4.276535172588537,4.276535172588537,3.53,17.602834139105468
445450.0,2.5,-0.23068045298251816,0.23068045298251816,000635_2014-06-08_16-38-42_260595134347_rgbf000106-resize,-2.8205351725885373,2.8205351725885373,2.074,10.796976226722654
445450.0,2.5,-0.6344443510341109,0.6344443510341109,002043_2014-06-24_20-29-38_260595134347_rgbf000039-resize,-3.590035172588537,3.590035172588537,2.8435,8.475049543704081
445450.0,2.5,-0.10842315831582172,0.10842315831582172,000549_2014-06-08_22-10-24_260595134347_rgbf000247-resize,-2.587535172588537,2.587535172588537,1.841,30.99307977870557
445450.0,2.5,-0.9867867260070012,0.9867867260070012,000736_2014-06-08_18-24-15_260595134347_rgbf000206-resize,-4.2615351725885375,4.2615351725885375,3.515,33.408170606136416
445450.0,2.5,-0.6543833089625841,0.6543833089625841,000642_2014-06-08_16-59-25_260595134347_rgbf000098-resize,-3.628035172588538,3.628035172588538,2.8815,31.36214301237791
445450.0,2.5,-0.4096950187514151,0.4096950187514151,002425_2014-06-28_20-27-29_260595134347_rgbf000031-resize,-3.8655291766290403,3.8655291766290403,3.8960000000000004,8.40495801096819
445450.0,2.5,-0.1897531182872263,0.1897531182872263,002199_2014-06-28_18-33-56_260595134347_rgbf000074-resize,-2.7425351725885374,2.7425351725885374,1.996,17.12852126070164
445450.0,2.5,-0.3231179645883045,0.3231179645883045,002323_2014-06-28_20-01-54_260595134347_rgbf000051-resize,-3.7005291766290402,3.7005291766290402,3.7310000000000003,18.09172628388976
445450.0,2.5,-0.2401252225275821,0.2401252225275821,000878_2014-06-08_22-52-45_260595134347_rgbf000045-resize,-2.838535172588537,2.838535172588537,2.092,5.576511521775202
445450.0,2.5,-0.7332634227159103,0.7332634227159103,002953_2014-06-08_17-32-18_094959634447_rgbf000059-resize,-3.074541168548035,3.074541168548035,1.551,13.905027931093345
445450.0,2.5,-0.08971092688931137,0.08971092688931137,002988_2014-06-15_12-24-20_094959634447_rgbf000150-resize,-3.9595231806695432,3.9595231806695432,4.7669999999999995,14.460306569198616
445450.0,2.5,-1.2961029286079315,1.2961029286079315,001052_2014-06-08_18-24-54_260595134347_rgbf000130-resize,-4.851035172588538,4.851035172588538,4.1045,25.87613690895519
445450.0,2.5,-0.5165584325985546,0.5165584325985546,002272_2014-06-28_18-53-56_260595134347_rgbf000067-resize,-2.6615411685480352,2.6615411685480352,1.138,10.409245808146235
445450.0,2.5,-0.11839263728006087,0.11839263728006087,001571_2014-06-20_17-21-32_260595134347_rgbf000089-resize,-2.6065351725885373,2.6065351725885373,1.86,4.991960350191473
445450.0,2.5,-0.3346615718100517,0.3346615718100517,001132_2014-06-17_14-48-54_260595134347_rgbf000100-resize,-3.72252917662904,3.72252917662904,3.753,14.398279213278778
445450.0,2.5,-0.9565272805728982,0.9565272805728982,000943_2014-06-09_19-31-07_260595134347_rgbf000128-resize,-3.5000411685480346,3.5000411685480346,1.9765,15.893099149291922
445450.0,2.5,-0.08848420038734528,0.08848420038734528,000709_2014-06-08_13-51-55_260595134347_rgbf000068-resize,-2.5495351725885373,2.5495351725885373,1.8030000000000002,14.429351101546246
445450.0,2.5,-0.9164756638381706,0.9164756638381706,000758_2014-06-08_22-05-08_260595134347_rgbf000085-resize,-4.127535172588537,4.127535172588537,3.3810000000000002,11.91317737826679
445450.0,2.5,-1.5292476115973497,1.5292476115973497,000854_2014-06-09_19-43-13_260595134347_rgbf000066-resize,-4.591541168548035,4.591541168548035,3.068,11.910827625938722
445450.0,2.5,-0.9967562049712406,0.9967562049712406,000739_2014-06-08_18-45-58_260595134347_rgbf000068-resize,-4.280535172588538,4.280535172588538,3.534,8.164356963721069
445450.0,2.5,-0.5156863214238298,0.5156863214238298,000734_2014-06-08_17-39-11_260595134347_rgbf000128-resize,-4.067529176629041,4.067529176629041,4.098,16.052231618370055
445450.0,2.5,-1.163787501145198,1.163787501145198,000522_2014-06-08_13-35-06_260595134347_rgbf000244-resize,-3.895041168548035,3.895041168548035,2.3715,25.742609854068213
445450.0,2.5,-0.9119269799434224,0.9119269799434224,002949_2014-06-26_15-57-42_094959634447_rgbf000079-resize,-3.415041168548034,3.415041168548034,1.8915,17.99500168321199
445450.0,2.5,-0.5678949086312776,0.5678949086312776,002989_2014-06-15_12-25-03_094959634447_rgbf000150-resize,-4.167029176629041,4.167029176629041,4.1975,27.906783421951957
445450.0,2.5,-0.05263025900598962,0.05263025900598962,000866_2014-06-09_20-45-42_260595134347_rgbf000139-resize,-3.1850291766290404,3.1850291766290404,3.2155,8.082259189449621
445450.0,2.5,-0.7762895950878844,0.7762895950878844,001555_2014-06-20_17-12-10_260595134347_rgbf000065-resize,-3.156541168548035,3.156541168548035,1.633,7.608284543781994
445450.0,2.5,-0.6676747453196152,0.6676747453196152,003534_2014-05-22_15-06-10_094959634447_rgbf000102-resize,-2.949541168548035,2.949541168548035,1.426,12.376994007247625
445450.0,2.5,-0.18949076357763966,0.18949076357763966,002637_2014-06-24_14-51-13_094959634447_rgbf000066-resize,-2.7420351725885377,2.7420351725885377,1.9955,10.972027795242447
445450.0,2.5,-0.011614270478886302,0.011614270478886302,001016_2014-06-09_16-16-10_260595134347_rgbf000112-resize,-2.4030351725885373,2.4030351725885373,1.6565,7.049977084494088
445450.0,2.5,-0.4114428478867023,0.4114428478867023,001059_2014-06-08_21-53-27_260595134347_rgbf000061-resize,-3.1650351725885373,3.1650351725885373,2.4185,8.755513319222857
445450.0,2.5,-0.8595446918581892,0.8595446918581892,001032_2014-06-08_13-23-17_260595134347_rgbf000021-resize,-4.019035172588538,4.019035172588538,3.2725,15.984983178828962
445450.0,2.5,-0.9692089604647957,0.9692089604647957,003292_2014-05-14_21-53-49_094959634447_rgbf000100-resize,-4.2280351725885374,4.2280351725885374,3.4815,33.084282711345374
445450.0,2.5,-0.4839414015640288,0.4839414015640288,002639_2014-06-24_14-51-37_094959634447_rgbf000074-resize,-4.0070291766290405,4.0070291766290405,4.0375,16.521406794569987
445450.0,2.5,-1.4863100930571873,1.4863100930571873,001570_2014-06-20_17-21-09_260595134347_rgbf000135-resize,-5.2135351725885375,5.2135351725885375,4.467,22.179510675592084
445450.0,2.5,-0.7156006101277413,0.7156006101277413,000447_2014-06-08_16-15-46_260595134347_rgbf000130-resize,-4.44852917662904,4.44852917662904,4.479,19.081432914605553
445450.0,2.5,-0.5365435208358472,0.5365435208358472,001447_2014-06-19_17-00-32_260595134347_rgbf000082-resize,-4.10727917662904,4.10727917662904,4.13775,46.830399423560245
445450.0,2.5,-0.5865220930118248,0.5865220930118248,001066_2014-06-08_22-03-20_260595134347_rgbf000066-resize,-4.2025291766290405,4.2025291766290405,4.2330000000000005,19.743449467077777
445450.0,2.5,-0.018875155301299462,0.018875155301299462,000742_2014-06-08_18-48-09_260595134347_rgbf000164-resize,-3.824523180669542,3.824523180669542,4.632,18.91549953899407
445450.0,2.5,-0.4830656836034617,0.4830656836034617,002758_2014-06-22_19-11-20_094959634447_rgbf000128-resize,-3.3015351725885376,3.3015351725885376,2.555,7.204478276142114
445450.0,2.5,-0.5751521866678602,0.5751521866678602,001806_2014-06-26_20-50-20_260595134347_rgbf000091-resize,-3.4770351725885376,3.4770351725885376,2.7305,13.909869710567438
445450.0,2.5,-0.9537300325992729,0.9537300325992729,001449_2014-06-19_17-01-27_260595134347_rgbf000116-resize,-4.198535172588537,4.198535172588537,3.452,8.994872108877228
445450.0,2.5,-0.4698616988162971,0.4698616988162971,001450_2014-06-19_17-02-03_260595134347_rgbf000203-resize,-3.9801958432957405,3.9801958432957405,4.0106666666667,12.34882649363641
445450.0,2.5,-0.17506125455045596,0.17506125455045596,003228_2014-05-14_13-42-35_094959634447_rgbf000101-resize,-2.7145351725885374,2.7145351725885374,1.9680000000000002,14.40337638638131
445450.0,2.5,-0.4468607336807007,0.4468607336807007,000368_2014-06-09_15-53-01_260595134347_rgbf000155-resize,-3.2325351725885376,3.2325351725885376,2.4859999999999998,21.090700959072958
445450.0,2.5,-0.2878737796720823,0.2878737796720823,002678_2014-06-13_16-15-32_094959634447_rgbf000151-resize,-2.9295351725885377,2.9295351725885377,2.1830000000000003,32.96558503300821
445450.0,2.5,-0.025912602151282216,0.025912602151282216,002763_2014-06-22_19-13-10_094959634447_rgbf000075-resize,-2.4302851725885377,2.4302851725885377,1.68375,5.5919783591245595
445450.0,2.5,-0.22176039285661786,0.22176039285661786,002209_2014-06-28_18-36-10_260595134347_rgbf000051-resize,-2.8035351725885373,2.8035351725885373,2.057,12.962068825921264
445450.0,2.5,-0.12066878262036262,0.12066878262036262,001828_2014-06-26_21-40-03_260595134347_rgbf000024-resize,-4.018523180669543,4.018523180669543,4.8260000000000005,35.55232951340613
445450.0,2.5,-0.0404732885332586,0.0404732885332586,001110_2014-06-15_17-25-28_260595134347_rgbf000150-resize,-2.458035172588537,2.458035172588537,1.7115,9.336195527413247
445450.0,2.5,-1.260685042813935,1.260685042813935,002570_2014-06-24_13-59-54_094959634447_rgbf000059-resize,-4.783535172588538,4.783535172588538,4.037,41.596140375002705
445450.0,2.5,-0.8535991873695402,0.8535991873695402,002467_2014-06-28_20-38-07_260595134347_rgbf000026-resize,-4.71152917662904,4.71152917662904,4.742,15.331046216195933
445450.0,2.5,-0.3243410843044232,0.3243410843044232,001810_2014-06-26_20-51-35_260595134347_rgbf000040-resize,-2.9990351725885374,2.9990351725885374,2.2525,22.411391411207674
445450.0,2.5,-1.6345405039728238,1.6345405039728238,002663_2014-06-13_15-50-26_094959634447_rgbf000075-resize,-5.496035172588538,5.496035172588538,4.7495,16.725954086732166
445450.0,2.5,-0.44003951123149343,0.44003951123149343,001011_2014-06-08_23-18-54_260595134347_rgbf000044-resize,-3.2195351725885377,3.2195351725885377,2.4730000000000003,11.624075606213012
445450.0,2.5,-1.3327439341180456,1.3327439341180456,001092_2014-06-15_17-34-58_260595134347_rgbf000171-resize,-4.217041168548034,4.217041168548034,2.6935,9.164038324933468
445450.0,2.5,-0.15013755713986532,0.15013755713986532,002545_2014-06-24_13-38-53_094959634447_rgbf000080-resize,-2.667035172588537,2.667035172588537,1.9205,12.083824048628237
445450.0,2.5,-0.8904138937574386,0.8904138937574386,001167_2014-06-17_15-38-07_260595134347_rgbf000108-resize,-3.374041168548035,3.374041168548035,1.8505,12.019050657019696
445450.0,2.5,-0.6314697953968622,0.6314697953968622,003587_2014-05-23_16-48-02_094959634447_rgbf002384-resize,-2.880541168548035,2.880541168548035,1.357,20.788172722830538
581739.0,2.5,-0.06252462168808859,0.06252462168808859,001808_2014-06-26_20-50-58_260595134347_rgbf000029-resize,-3.686136354598567,3.686136354598567,4.249,20.030651550568866
581739.0,2.5,-0.3631049641212713,0.3631049641212713,001516_2014-06-20_16-25-09_260595134347_rgbf000076-resize,-2.7963514373439304,2.7963514373439304,1.7445,3.8622659094666254
581739.0,2.5,-0.42419826305238173,0.42419826305238173,003081_2014-06-15_15-19-16_094959634447_rgbf000150-resize,-3.887874715513688,3.887874715513688,3.9125,16.632991649560594
581739.0,2.5,-1.009433465385489,1.009433465385489,001650_2014-06-20_12-09-00_260595134347_rgbf000087-resize,-3.5405897982590515,3.5405897982590515,1.9505,47.6804595860539
581739.0,2.5,-0.3006645432399977,0.3006645432399977,003495_2014-05-21_16-01-51_094959634447_rgbf000100-resize,-2.6773514373439307,2.6773514373439307,1.6255,12.747278812179
581739.0,2.5,-0.210755032603714,0.210755032603714,001158_2014-06-17_15-32-16_260595134347_rgbf000138-resize,-3.968636354598568,3.968636354598568,4.5315,26.954451973303737
581739.0,2.5,-0.4792927520652658,0.4792927520652658,002375_2014-06-28_20-13-44_260595134347_rgbf000032-resize,-3.992874715513688,3.992874715513688,4.0175,48.76103649676905
581739.0,2.5,-0.6720099604566976,0.6720099604566976,000788_2014-06-08_22-34-36_260595134347_rgbf000131-resize,-3.87261307642881,3.87261307642881,3.359,21.46386213810664
581739.0,2.5,-0.29197148942144724,0.29197148942144724,001235_2014-06-17_16-37-36_260595134347_rgbf000084-resize,-3.6358747155136877,3.6358747155136877,3.6605,14.547706659434104
581739.0,2.5,-0.15846829064483292,0.15846829064483292,000109_2014-05-14_23-41-52_260595134347_rgbf000035-resize,-2.4063514373439308,2.4063514373439308,1.3545,6.620498200896815
581739.0,2.5,-0.6715205994397759,0.6715205994397759,002509_2014-06-24_13-19-22_094959634447_rgbf000077-resize,-2.8965897982590514,2.8965897982590514,1.3065,40.21868783296904
581739.0,2.5,-0.3360824290340025,0.3360824290340025,003338_2014-05-20_11-01-23_094959634447_rgbf000051-resize,-2.7448514373439306,2.7448514373439306,1.693,28.251495663089063
581739.0,2.5,-0.9329133417564942,0.9329133417564942,002784_2014-06-22_19-26-30_094959634447_rgbf000083-resize,-3.394756464925752,3.394756464925752,1.8046666666667,3.0422522474895675
581739.0,2.5,-1.1613368422353116,1.1613368422353116,001100_2014-06-15_17-46-26_260595134347_rgbf000225-resize,-3.830089798259052,3.830089798259052,2.24,9.548860596737413
581739.0,2.5,-0.31456934284801163,0.31456934284801163,000469_2014-06-09_19-42-10_260595134347_rgbf000081-resize,-2.70385143734393,2.70385143734393,1.652,25.13136208408983
581739.0,2.5,-0.1492858758093495,0.1492858758093495,000483_2014-06-09_20-41-45_260595134347_rgbf000116-resize,-2.3888514373439307,2.3888514373439307,1.337,29.232414989368262
581739.0,2.5,-0.3350330101956598,0.3350330101956598,002964_2014-06-08_17-46-11_094959634447_rgbf000091-resize,-2.7428514373439303,2.7428514373439303,1.6909999999999998,28.953812917975768
581739.0,2.5,-0.4746057156949728,0.4746057156949728,002136_2014-06-25_21-18-03_260595134347_rgbf000109-resize,-3.0088514373439312,3.0088514373439312,1.9569999999999999,13.297078442475444
581739.0,2.5,-0.01215251744773238,0.01215251744773238,000691_2014-06-08_13-08-50_260595134347_rgbf000132-resize,-3.590136354598568,3.590136354598568,4.1530000000000005,14.740846212587924
581739.0,2.5,-0.41437763564405183,0.41437763564405183,000929_2014-06-09_16-33-19_260595134347_rgbf000139-resize,-3.3816130764288097,3.3816130764288097,2.8680000000000003,19.501338012209015
581739.0,2.5,-0.8241756920161067,0.8241756920161067,000457_2014-06-08_16-52-43_260595134347_rgbf000199-resize,-4.1626130764288085,4.1626130764288085,3.6489999999999996,14.067279821032837
581739.0,2.5,-0.2234969102197054,0.2234969102197054,001584_2014-06-20_11-07-43_260595134347_rgbf000002-resize,-3.5053747155136876,3.5053747155136876,3.53,17.602834139105468
581739.0,2.5,-0.7753256128656308,0.7753256128656308,002279_2014-06-28_18-55-32_260595134347_rgbf000040-resize,-3.094423131592352,3.094423131592352,1.5043333333333,15.963772282558683
581739.0,2.5,-0.06124819654239744,0.06124819654239744,002725_2014-06-22_11-47-51_094959634447_rgbf000070-resize,-2.708613076428809,2.708613076428809,2.195,3.938570017428758
581739.0,2.5,-0.8147662708732835,0.8147662708732835,002344_2014-06-28_20-06-29_260595134347_rgbf000030-resize,-3.1695897982590515,3.1695897982590515,1.5795,37.33165518125916
581739.0,2.5,-0.951977783986336,0.951977783986336,000549_2014-06-08_22-10-24_260595134347_rgbf000247-resize,-3.4310897982590522,3.4310897982590522,1.841,30.99307977870557
581739.0,2.5,-0.7538646298472733,0.7538646298472733,000736_2014-06-08_18-24-15_260595134347_rgbf000206-resize,-4.02861307642881,4.02861307642881,3.515,33.408170606136416
581739.0,2.5,-1.0333077439577405,1.0333077439577405,002199_2014-06-28_18-33-56_260595134347_rgbf000074-resize,-3.586089798259052,3.586089798259052,1.996,17.12852126070164
581739.0,2.5,-0.2615736915118059,0.2615736915118059,002953_2014-06-08_17-32-18_094959634447_rgbf000059-resize,-2.60285143734393,2.60285143734393,1.551,13.905027931093345
581739.0,2.5,-0.5126471485848278,0.5126471485848278,002905_2014-06-03_18-04-43_094959634447_rgbf000151-resize,-3.0813514373439306,3.0813514373439306,2.0295,12.020604335789361
581739.0,2.5,-0.4201140908526899,0.4201140908526899,003129_2014-05-12_10-48-10_094959634447_rgbf000100-resize,-4.367636354598568,4.367636354598568,4.9305,17.9074543760639
581739.0,2.5,-0.2277299339753224,0.2277299339753224,000810_2014-06-08_17-20-01_260595134347_rgbf000105-resize,-2.5383514373439304,2.5383514373439304,1.4865,3.0958890116960642
581739.0,2.5,-0.5831070623095713,0.5831070623095713,002272_2014-06-28_18-53-56_260595134347_rgbf000067-resize,-2.7280897982590515,2.7280897982590515,1.138,10.409245808146235
581739.0,2.5,-0.423708902035454,0.423708902035454,001571_2014-06-20_17-21-32_260595134347_rgbf000089-resize,-2.9118514373439304,2.9118514373439304,1.86,4.991960350191473
581739.0,2.5,-0.2836896418683825,0.2836896418683825,002748_2014-06-22_19-07-22_094959634447_rgbf000078-resize,-4.107636354598567,4.107636354598567,4.6705,35.71435075733748
581739.0,2.5,-0.3840579924858486,0.3840579924858486,002995_2014-06-15_12-31-26_094959634447_rgbf000150-resize,-3.8113747155136877,3.8113747155136877,3.8360000000000003,27.231594395483473
581739.0,2.5,-1.5294204997833212,1.5294204997833212,003070_2014-06-15_14-58-27_094959634447_rgbf000150-resize,-4.531589798259052,4.531589798259052,2.9415,10.664823740812926
581739.0,2.5,-1.0230759102839149,1.0230759102839149,000943_2014-06-09_19-31-07_260595134347_rgbf000128-resize,-3.5665897982590518,3.5665897982590518,1.9765,15.893099149291922
581739.0,2.5,-0.14531520676332155,0.14531520676332155,000758_2014-06-08_22-05-08_260595134347_rgbf000085-resize,-3.3563747155136876,3.3563747155136876,3.3810000000000002,11.91317737826679
581739.0,2.5,-1.0575578803932453,1.0575578803932453,000854_2014-06-09_19-43-13_260595134347_rgbf000066-resize,-4.1198514373439306,4.1198514373439306,3.068,11.910827625938722
581739.0,2.5,-0.6829153551056093,0.6829153551056093,001164_2014-06-17_15-35-46_260595134347_rgbf000085-resize,-3.4058514373439306,3.4058514373439306,2.354,17.325668807481115
581739.0,2.5,-0.22390811648521106,0.22390811648521106,002153_2014-06-25_21-27-18_260595134347_rgbf000038-resize,-3.0186130764288093,3.0186130764288093,2.505,17.28886317575377
581739.0,2.5,-0.2255957478963916,0.2255957478963916,000739_2014-06-08_18-45-58_260595134347_rgbf000068-resize,-3.5093747155136876,3.5093747155136876,3.534,8.164356963721069
581739.0,2.5,-1.059770221223599,1.059770221223599,000734_2014-06-08_17-39-11_260595134347_rgbf000128-resize,-4.611613076428808,4.611613076428808,4.098,16.052231618370055
581739.0,2.5,-1.768574491771336,1.768574491771336,000522_2014-06-08_13-35-06_260595134347_rgbf000244-resize,-4.4998281591741724,4.4998281591741724,2.3715,25.742609854068213
581739.0,2.5,-1.5167139705695605,1.5167139705695605,002949_2014-06-26_15-57-42_094959634447_rgbf000079-resize,-4.019828159174174,4.019828159174174,1.8915,17.99500168321199
581739.0,2.5,-0.5967141588057592,0.5967141588057592,000866_2014-06-09_20-45-42_260595134347_rgbf000139-resize,-3.7291130764288094,3.7291130764288094,3.2155,8.082259189449621
581739.0,2.5,-0.30459986388378,0.30459986388378,001555_2014-06-20_17-12-10_260595134347_rgbf000065-resize,-2.6848514373439305,2.6848514373439305,1.633,7.608284543781994
581739.0,2.5,-0.7342233750306321,0.7342233750306321,003534_2014-05-22_15-06-10_094959634447_rgbf000102-resize,-3.016089798259052,3.016089798259052,1.426,12.376994007247625
581739.0,2.5,-0.7167591126420954,0.7167591126420954,001059_2014-06-08_21-53-27_260595134347_rgbf000061-resize,-3.4703514373439304,3.4703514373439304,2.4185,8.755513319222857
581739.0,2.5,-0.08838423478334001,0.08838423478334001,001032_2014-06-08_13-23-17_260595134347_rgbf000021-resize,-3.247874715513688,3.247874715513688,3.2725,15.984983178828962
581739.0,2.5,-0.7362868643050675,0.7362868643050675,003292_2014-05-14_21-53-49_094959634447_rgbf000100-resize,-3.9951130764288094,3.9951130764288094,3.4815,33.084282711345374
581739.0,2.5,-0.17691127506721682,0.17691127506721682,001570_2014-06-20_17-21-09_260595134347_rgbf000135-resize,-3.904136354598567,3.904136354598567,4.467,22.179510675592084
581739.0,2.5,-0.5423890597204958,0.5423890597204958,001447_2014-06-19_17-00-32_260595134347_rgbf000082-resize,-4.113124715513687,4.113124715513687,4.13775,46.830399423560245
581739.0,2.5,-0.054129270981351896,0.054129270981351896,001066_2014-06-08_22-03-20_260595134347_rgbf000066-resize,-3.670136354598568,3.670136354598568,4.2330000000000005,19.743449467077777
581739.0,2.5,-0.26348832923032384,0.26348832923032384,000742_2014-06-08_18-48-09_260595134347_rgbf000164-resize,-4.069136354598567,4.069136354598567,4.632,18.91549953899407
581739.0,2.5,-0.2222204850740308,0.2222204850740308,002549_2014-06-24_13-41-39_094959634447_rgbf000022-resize,-2.5278514373439305,2.5278514373439305,1.476,4.1736441355391865
581739.0,2.5,-0.14467699419048796,0.14467699419048796,002750_2014-06-22_19-08-03_094959634447_rgbf000094-resize,-2.867613076428809,2.867613076428809,2.354,8.789636111124727
581739.0,2.5,-0.18507961946660467,0.18507961946660467,000502_2014-06-08_23-02-32_260595134347_rgbf000063-resize,-2.944613076428809,2.944613076428809,2.431,13.897287578908273
581739.0,2.5,-0.5438320106232114,0.5438320106232114,003083_2014-06-15_15-21-03_094959634447_rgbf000063-resize,-4.115874715513689,4.115874715513689,4.1405,19.172834459547143
581739.0,2.5,-0.3422300905081321,0.3422300905081321,001806_2014-06-26_20-50-20_260595134347_rgbf000091-resize,-3.244113076428809,3.244113076428809,2.7305,13.909869710567438
581739.0,2.5,-0.3604460686231793,0.3604460686231793,001617_2014-06-20_11-35-32_260595134347_rgbf000066-resize,-3.7663747155136877,3.7663747155136877,3.7910000000000004,19.974169961071475
581739.0,2.5,-0.182569575524424,0.182569575524424,001449_2014-06-19_17-01-27_260595134347_rgbf000116-resize,-3.4273747155136878,3.4273747155136878,3.452,8.994872108877228
581739.0,2.5,-0.480377519305849,0.480377519305849,003228_2014-05-14_13-42-35_094959634447_rgbf000101-resize,-3.0198514373439305,3.0198514373439305,1.9680000000000002,14.40337638638131
581739.0,2.5,-0.21393863752097264,0.21393863752097264,000368_2014-06-09_15-53-01_260595134347_rgbf000155-resize,-2.9996130764288096,2.9996130764288096,2.4859999999999998,21.090700959072958
581739.0,2.5,-0.527076657612011,0.527076657612011,002209_2014-06-28_18-36-10_260595134347_rgbf000051-resize,-3.1088514373439304,3.1088514373439304,2.057,12.962068825921264
581739.0,2.5,-0.9035203174645084,0.9035203174645084,001828_2014-06-26_21-40-03_260595134347_rgbf000024-resize,-4.801374715513688,4.801374715513688,4.8260000000000005,35.55232951340613
581739.0,2.5,-0.31494520071126986,0.31494520071126986,000927_2014-06-09_16-32-30_260595134347_rgbf000123-resize,-3.192113076428809,3.192113076428809,2.6785,11.715239650325241
581739.0,2.5,-1.0277629466542066,1.0277629466542066,002570_2014-06-24_13-59-54_094959634447_rgbf000059-resize,-4.550613076428808,4.550613076428808,4.037,41.596140375002705
581739.0,2.5,-0.3212063653390673,0.3212063653390673,002467_2014-06-28_20-38-07_260595134347_rgbf000026-resize,-4.179136354598567,4.179136354598567,4.742,15.331046216195933
581739.0,2.5,-0.6296573490598163,0.6296573490598163,001810_2014-06-26_20-51-35_260595134347_rgbf000040-resize,-3.3043514373439304,3.3043514373439304,2.2525,22.411391411207674
581739.0,2.5,-0.3251416859828533,0.3251416859828533,002663_2014-06-13_15-50-26_094959634447_rgbf000075-resize,-4.1866363545985665,4.1866363545985665,4.7495,16.725954086732166
581739.0,2.5,-1.4952008843835765,1.4952008843835765,001167_2014-06-17_15-38-07_260595134347_rgbf000108-resize,-3.978828159174173,3.978828159174173,1.8505,12.019050657019696
581739.0,2.5,-1.236256786023,1.236256786023,003587_2014-05-23_16-48-02_094959634447_rgbf002384-resize,-3.4853281591741725,3.4853281591741725,1.357,20.788172722830538
959755.0,2.5,-0.3525400483054285,0.3525400483054285,001815_2014-06-26_20-52-55_260595134347_rgbf000020-resize,-3.5662136552503467,3.5662136552503467,3.3865,18.626322656731816
959755.0,2.5,-0.44147829485479934,0.44147829485479934,000677_2014-06-08_23-10-32_260595134347_rgbf000158-resize,-3.7357136552503465,3.7357136552503465,3.556,19.65196273325612
959755.0,2.5,-1.0026550186574978,1.0026550186574978,001417_2014-06-19_16-25-36_260595134347_rgbf000115-resize,-4.805213655250347,4.805213655250347,4.6255,49.17091269608214
959755.0,2.5,-0.4852430540184545,0.4852430540184545,003495_2014-05-21_16-01-51_094959634447_rgbf000100-resize,-2.8619299481223868,2.8619299481223868,1.6255,12.747278812179
959755.0,2.5,-0.953332333255494,0.953332333255494,001158_2014-06-17_15-32-16_260595134347_rgbf000138-resize,-4.711213655250346,4.711213655250346,4.5315,26.954451973303737
959755.0,2.5,-1.1159922531982995,1.1159922531982995,000556_2014-06-09_22-42-56_260595134347_rgbf000214-resize,-5.021213655250347,5.021213655250347,4.8415,23.88242025565649
959755.0,2.5,-0.6915023330894859,0.6915023330894859,001150_2014-06-17_15-27-34_260595134347_rgbf000108-resize,-4.212213655250347,4.212213655250347,4.0325,11.088139074292139
959755.0,2.5,-1.236364587560833,1.236364587560833,000665_2014-06-09_20-42-35_260595134347_rgbf000110-resize,-4.2934299481223865,4.2934299481223865,3.057,18.49880761375764
959755.0,2.5,-0.33811053927823514,0.33811053927823514,000788_2014-06-08_22-34-36_260595134347_rgbf000131-resize,-3.538713655250347,3.538713655250347,3.359,21.46386213810664
959755.0,2.5,-0.4963104291581058,0.4963104291581058,001235_2014-06-17_16-37-36_260595134347_rgbf000084-resize,-3.8402136552503463,3.8402136552503463,3.6605,14.547706659434104
959755.0,2.5,-1.5532890767397267,1.5532890767397267,000692_2014-06-08_13-09-42_260595134347_rgbf000199-resize,-4.897429948122388,4.897429948122388,3.661,54.80046590295557
959755.0,2.5,-0.3504412106287403,0.3504412106287403,000780_2014-06-08_22-28-29_260595134347_rgbf000126-resize,-3.5622136552503467,3.5622136552503467,3.3825,14.165390776882042
959755.0,2.5,-0.5930708396579651,0.5930708396579651,000470_2014-06-09_19-42-40_260595134347_rgbf000094-resize,-3.0674299481223875,3.0674299481223875,1.831,22.486379427626872
959755.0,2.5,-0.3430468014232897,0.3430468014232897,000109_2014-05-14_23-41-52_260595134347_rgbf000035-resize,-2.5909299481223877,2.5909299481223877,1.3545,6.620498200896815
959755.0,2.5,-0.3178607493031116,0.3178607493031116,002509_2014-06-24_13-19-22_094959634447_rgbf000077-resize,-2.5429299481223877,2.5429299481223877,1.3065,40.21868783296904
959755.0,2.5,-1.5773772326845,1.5773772326845,003338_2014-05-20_11-01-23_094959634447_rgbf000051-resize,-3.9861462409944286,3.9861462409944286,1.693,28.251495663089063
959755.0,2.5,-0.6591842264734296,0.6591842264734296,002136_2014-06-25_21-18-03_260595134347_rgbf000109-resize,-3.193429948122388,3.193429948122388,1.9569999999999999,13.297078442475444
959755.0,2.5,-0.8885307199879526,0.8885307199879526,002039_2014-06-24_20-22-38_260595134347_rgbf000084-resize,-4.587713655250346,4.587713655250346,4.408,15.524303639345458
959755.0,2.5,-0.7295437659793338,0.7295437659793338,002103_2014-06-25_20-00-40_260595134347_rgbf000049-resize,-4.284713655250346,4.284713655250346,4.105,11.598018874569219
959755.0,2.5,-1.531775990553746,1.531775990553746,002213_2014-06-28_18-37-58_260595134347_rgbf000055-resize,-4.856429948122387,4.856429948122387,3.62,11.387296889913552
959755.0,2.5,-0.7547298180995123,0.7547298180995123,000691_2014-06-08_13-08-50_260595134347_rgbf000132-resize,-4.3327136552503465,4.3327136552503465,4.1530000000000005,14.740846212587924
959755.0,2.5,-1.1371945073376295,1.1371945073376295,000929_2014-06-09_16-33-19_260595134347_rgbf000139-resize,-4.104429948122387,4.104429948122387,2.8680000000000003,19.501338012209015
959755.0,2.5,-0.4902762708376443,0.4902762708376443,000457_2014-06-08_16-52-43_260595134347_rgbf000199-resize,-3.8287136552503465,3.8287136552503465,3.6489999999999996,14.067279821032837
959755.0,2.5,-0.6657915715501321,0.6657915715501321,003621_2014-05-23_18-06-08_094959634447_rgbf000101-resize,-4.163213655250346,4.163213655250346,3.9835,23.07176470133362
959755.0,2.5,-1.8649664717269219,1.8649664717269219,001175_2014-06-17_15-45-55_260595134347_rgbf000129-resize,-5.491429948122387,5.491429948122387,4.255,15.34903910495583
959755.0,2.5,-0.4879150784513749,0.4879150784513749,003490_2014-05-21_15-50-11_094959634447_rgbf000101-resize,-3.8242136552503463,3.8242136552503463,3.6445,19.999457360175192
959755.0,2.5,-1.7330020528055756,1.7330020528055756,003048_2014-06-15_13-49-43_094959634447_rgbf000150-resize,-5.239929948122387,5.239929948122387,4.0035,24.355606534500392
959755.0,2.5,-0.5983179338496716,0.5983179338496716,000549_2014-06-08_22-10-24_260595134347_rgbf000247-resize,-3.0774299481223872,3.0774299481223872,1.841,30.99307977870557
959755.0,2.5,-0.4199652086688109,0.4199652086688109,000736_2014-06-08_18-24-15_260595134347_rgbf000206-resize,-3.6947136552503466,3.6947136552503466,3.515,33.408170606136416
959755.0,2.5,-1.6188777541360218,1.6188777541360218,000137_2014-05-20_17-04-49_260595134347_rgbf000120-resize,-5.022429948122388,5.022429948122388,3.786,14.89611111351161
959755.0,2.5,-0.6198794973727222,0.6198794973727222,002425_2014-06-28_20-27-29_260595134347_rgbf000031-resize,-4.075713655250347,4.075713655250347,3.8960000000000004,8.40495801096819
959755.0,2.5,-0.6796478938210762,0.6796478938210762,002199_2014-06-28_18-33-56_260595134347_rgbf000074-resize,-3.2324299481223875,3.2324299481223875,1.996,17.12852126070164
959755.0,2.5,-0.7723075836417204,0.7723075836417204,000917_2014-06-09_22-45-29_260595134347_rgbf000149-resize,-4.3662136552503465,4.3662136552503465,4.1865,9.740561609074897
959755.0,2.5,-0.8470786758734867,0.8470786758734867,000414_2014-06-04_19-49-13_260595134347_rgbf000044-resize,-4.508713655250347,4.508713655250347,4.329,13.241348366125557
959755.0,2.5,-2.2194076843765105,2.2194076843765105,003129_2014-05-12_10-48-10_094959634447_rgbf000100-resize,-6.166929948122388,6.166929948122388,4.9305,17.9074543760639
959755.0,2.5,-0.02018510859807543,0.02018510859807543,002988_2014-06-15_12-24-20_094959634447_rgbf000150-resize,-3.889997362378306,3.889997362378306,4.7669999999999995,14.460306569198616
959755.0,2.5,-0.7292814112697412,0.7292814112697412,001052_2014-06-08_18-24-54_260595134347_rgbf000130-resize,-4.284213655250347,4.284213655250347,4.1045,25.87613690895519
959755.0,2.5,-1.46902473762582,1.46902473762582,000810_2014-06-08_17-20-01_260595134347_rgbf000105-resize,-3.7796462409944285,3.7796462409944285,1.4865,3.0958890116960642
959755.0,2.5,-1.0262669425201625,1.0262669425201625,002748_2014-06-22_19-07-22_094959634447_rgbf000078-resize,-4.8502136552503465,4.8502136552503465,4.6705,35.71435075733748
959755.0,2.5,-0.7114412910179526,0.7114412910179526,000436_2014-06-09_22-25-11_260595134347_rgbf000137-resize,-4.250213655250347,4.250213655250347,4.0705,20.69156545677159
959755.0,2.5,-1.8421416119930127,1.8421416119930127,001133_2014-06-17_14-49-16_260595134347_rgbf000100-resize,-5.447929948122387,5.447929948122387,4.2115,26.759918254713728
959755.0,2.5,-0.1190443567746165,0.1190443567746165,003070_2014-06-15_14-58-27_094959634447_rgbf000150-resize,-3.1212136552503464,3.1212136552503464,2.9415,10.664823740812926
959755.0,2.5,-0.13242444696345596,0.13242444696345596,002057_2014-06-24_21-00-13_260595134347_rgbf000120-resize,-3.1467136552503465,3.1467136552503465,2.967,10.990036854719376
959755.0,2.5,-0.18542009829966166,0.18542009829966166,000854_2014-06-09_19-43-13_260595134347_rgbf000066-resize,-3.2477136552503465,3.2477136552503465,3.068,11.910827625938722
959755.0,2.5,-0.4519724832382127,0.4519724832382127,002660_2014-06-13_15-44-18_094959634447_rgbf001878-resize,-3.7557136552503465,3.7557136552503465,3.576,15.11997681444361
959755.0,2.5,-0.42993468763305015,0.42993468763305015,000739_2014-06-08_18-45-58_260595134347_rgbf000068-resize,-3.7137136552503462,3.7137136552503462,3.534,8.164356963721069
959755.0,2.5,-1.7825870929171772,1.7825870929171772,000734_2014-06-08_17-39-11_260595134347_rgbf000128-resize,-5.334429948122387,5.334429948122387,4.098,16.052231618370055
959755.0,2.5,-0.6248157595177749,0.6248157595177749,002949_2014-06-26_15-57-42_094959634447_rgbf000079-resize,-3.1279299481223872,3.1279299481223872,1.8915,17.99500168321199
959755.0,2.5,-1.834795680124625,1.834795680124625,002989_2014-06-15_12-25-03_094959634447_rgbf000150-resize,-5.433929948122387,5.433929948122387,4.1975,27.906783421951957
959755.0,2.5,-0.6793855391114896,0.6793855391114896,002637_2014-06-24_14-51-13_094959634447_rgbf000066-resize,-3.2319299481223878,3.2319299481223878,1.9955,10.972027795242447
959755.0,2.5,-0.8649187961252901,0.8649187961252901,002414_2014-06-28_20-24-58_260595134347_rgbf000067-resize,-4.542713655250346,4.542713655250346,4.363,31.720662178139435
959755.0,2.5,-0.2927231745199986,0.2927231745199986,001032_2014-06-08_13-23-17_260595134347_rgbf000021-resize,-3.452213655250347,3.452213655250347,3.2725,15.984983178828962
959755.0,2.5,-0.40238744312660507,0.40238744312660507,003292_2014-05-14_21-53-49_094959634447_rgbf000100-resize,-3.6612136552503465,3.6612136552503465,3.4815,33.084282711345374
959755.0,2.5,-1.7508421730573762,1.7508421730573762,002639_2014-06-24_14-51-37_094959634447_rgbf000074-resize,-5.273929948122387,5.273929948122387,4.0375,16.521406794569987
959755.0,2.5,-0.9194885757189968,0.9194885757189968,001570_2014-06-20_17-21-09_260595134347_rgbf000135-resize,-4.6467136552503465,4.6467136552503465,4.467,22.179510675592084
959755.0,2.5,-1.9825013816210888,1.9825013816210888,000447_2014-06-08_16-15-46_260595134347_rgbf000130-resize,-5.715429948122388,5.715429948122388,4.479,19.081432914605553
959755.0,2.5,-0.7467279994571543,0.7467279994571543,001447_2014-06-19_17-00-32_260595134347_rgbf000082-resize,-4.3174636552503465,4.3174636552503465,4.13775,46.830399423560245
959755.0,2.5,-0.7967065716331319,0.7967065716331319,001066_2014-06-08_22-03-20_260595134347_rgbf000066-resize,-4.4127136552503465,4.4127136552503465,4.2330000000000005,19.743449467077777
959755.0,2.5,-0.15472459727819904,0.15472459727819904,002630_2014-06-24_14-47-50_094959634447_rgbf000055-resize,-3.1892136552503465,3.1892136552503465,3.0095,10.661401196716628
959755.0,2.5,-0.8674938658840659,0.8674938658840659,002750_2014-06-22_19-08-03_094959634447_rgbf000094-resize,-3.590429948122387,3.590429948122387,2.354,8.789636111124727
959755.0,2.5,-0.3793002286831127,0.3793002286831127,001199_2014-06-17_16-03-48_260595134347_rgbf000077-resize,-3.617213655250347,3.617213655250347,3.4375,28.282249848901696
959755.0,2.5,-0.7481709503598699,0.7481709503598699,003083_2014-06-15_15-21-03_094959634447_rgbf000063-resize,-4.320213655250346,4.320213655250346,4.1405,19.172834459547143
959755.0,2.5,-1.0650469622017098,1.0650469622017098,001806_2014-06-26_20-50-20_260595134347_rgbf000091-resize,-3.9669299481223868,3.9669299481223868,2.7305,13.909869710567438
959755.0,2.5,-0.5647850083598378,0.5647850083598378,001617_2014-06-20_11-35-32_260595134347_rgbf000066-resize,-3.970713655250347,3.970713655250347,3.7910000000000004,19.974169961071475
959755.0,2.5,-0.3806120022310387,0.3806120022310387,000493_2014-06-09_21-01-18_260595134347_rgbf000196-resize,-3.619713655250347,3.619713655250347,3.44,19.629285382994567
959755.0,2.5,-0.5692450384227861,0.5692450384227861,000191_2014-05-12_17-07-38_260595134347_rgbf000199-resize,-3.9792136552503465,3.9792136552503465,3.7995,12.340757267219296
959755.0,2.5,-0.7051447779879028,0.7051447779879028,000506_2014-06-08_23-21-00_260595134347_rgbf000070-resize,-4.238213655250346,4.238213655250346,4.0585,16.716212007621664
959755.0,2.5,-1.1421792468197494,1.1421792468197494,003079_2014-06-15_15-18-20_094959634447_rgbf000152-resize,-4.1139299481223865,4.1139299481223865,2.8775,9.032134209869396
959755.0,2.5,-0.38690851526108255,0.38690851526108255,001449_2014-06-19_17-01-27_260595134347_rgbf000116-resize,-3.631713655250347,3.631713655250347,3.452,8.994872108877228
959755.0,2.5,-0.6800461774376041,0.6800461774376041,001450_2014-06-19_17-02-03_260595134347_rgbf000203-resize,-4.190380321917047,4.190380321917047,4.0106666666667,12.34882649363641
959755.0,2.5,-0.02249782364726355,0.02249782364726355,002600_2014-06-24_14-27-04_094959634447_rgbf000074-resize,-2.9372136552503467,2.9372136552503467,2.7575,44.47386082434929
959755.0,2.5,-1.7216723229563466,1.7216723229563466,003228_2014-05-14_13-42-35_094959634447_rgbf000101-resize,-4.261146240994428,4.261146240994428,1.9680000000000002,14.40337638638131
959755.0,2.5,-0.6070241166030534,0.6070241166030534,000009_2014-05-26_14-32-05_260595134347_rgbf000034-resize,-4.051213655250347,4.051213655250347,3.8715,34.796526826055185
959755.0,2.5,-1.107859257201167,1.107859257201167,001828_2014-06-26_21-40-03_260595134347_rgbf000024-resize,-5.0057136552503465,5.0057136552503465,4.8260000000000005,35.55232951340613
959755.0,2.5,-0.2252980141566137,0.2252980141566137,002805_2014-06-22_19-54-03_094959634447_rgbf000079-resize,-3.3237136552503466,3.3237136552503466,3.1439999999999997,7.377848172936663
959755.0,2.5,-0.007067373118807008,0.007067373118807008,002467_2014-06-28_20-38-07_260595134347_rgbf000026-resize,-3.8649973623783063,3.8649973623783063,4.742,15.331046216195933
959755.0,2.5,-1.0677189866346333,1.0677189866346333,002663_2014-06-13_15-50-26_094959634447_rgbf000075-resize,-4.929213655250346,4.929213655250346,4.7495,16.725954086732166
959755.0,2.5,-0.5346142167575405,0.5346142167575405,000409_2014-06-04_19-23-33_260595134347_rgbf000067-resize,-3.9132136552503463,3.9132136552503463,3.7335,12.696549983566419
639264.0,2.5,-0.5622294815941311,0.5622294815941311,001029_2014-06-08_13-17-57_260595134347_rgbf000065-resize,-3.631890042547672,3.631890042547672,3.0835,18.209734661918688
639264.0,2.5,-0.5067899777640512,0.5067899777640512,000677_2014-06-08_23-10-32_260595134347_rgbf000158-resize,-3.801025338159599,3.801025338159599,3.556,19.65196273325612
639264.0,2.5,-1.1811925272264026,1.1811925272264026,001650_2014-06-20_12-09-00_260595134347_rgbf000087-resize,-3.7123488600999646,3.7123488600999646,1.9505,47.6804595860539
639264.0,2.5,-0.3193716806258561,0.3193716806258561,001244_2014-06-17_16-47-45_260595134347_rgbf000030-resize,-2.8942547469357454,2.8942547469357454,2.0425,6.7629638807870815
639264.0,2.5,-0.7072972616079587,0.7072972616079587,003495_2014-05-21_16-01-51_094959634447_rgbf000100-resize,-3.0839841557118914,3.0839841557118914,1.6255,12.747278812179
639264.0,2.5,-0.10854990300052604,0.10854990300052604,001158_2014-06-17_15-32-16_260595134347_rgbf000138-resize,-3.8664312249953787,3.8664312249953787,4.5315,26.954451973303737
639264.0,2.5,-0.1500846072225911,0.1500846072225911,001150_2014-06-17_15-27-34_260595134347_rgbf000108-resize,-3.670795929383452,3.670795929383452,4.0325,11.088139074292139
639264.0,2.5,-0.403422222187487,0.403422222187487,000788_2014-06-08_22-34-36_260595134347_rgbf000131-resize,-3.604025338159599,3.604025338159599,3.359,21.46386213810664
639264.0,2.5,-0.11238818914991873,0.11238818914991873,000780_2014-06-08_22-28-29_260595134347_rgbf000126-resize,-3.324160633771525,3.324160633771525,3.3825,14.165390776882042
639264.0,2.5,-0.8432796612806894,0.8432796612806894,002509_2014-06-24_13-19-22_094959634447_rgbf000077-resize,-3.068348860099965,3.068348860099965,1.3065,40.21868783296904
639264.0,2.5,-0.7427151474019635,0.7427151474019635,003338_2014-05-20_11-01-23_094959634447_rgbf000051-resize,-3.1514841557118918,3.1514841557118918,1.693,28.251495663089063
639264.0,2.5,-0.19457829043318786,0.19457829043318786,002784_2014-06-22_19-26-30_094959634447_rgbf000083-resize,-2.6564214136024447,2.6564214136024447,1.8046666666667,3.0422522474895675
639264.0,2.5,-1.0297311996881515,1.0297311996881515,001100_2014-06-15_17-46-26_260595134347_rgbf000225-resize,-3.6984841557118924,3.6984841557118924,2.24,9.548860596737413
639264.0,2.5,-1.0245667656040462,1.0245667656040462,000469_2014-06-09_19-42-10_260595134347_rgbf000081-resize,-3.413848860099965,3.413848860099965,1.652,25.13136208408983
639264.0,2.5,-0.5559185941773105,0.5559185941773105,000483_2014-06-09_20-41-45_260595134347_rgbf000116-resize,-2.7954841557118915,2.7954841557118915,1.337,29.232414989368262
639264.0,2.5,-0.7416657285636208,0.7416657285636208,002964_2014-06-08_17-46-11_094959634447_rgbf000091-resize,-3.149484155711892,3.149484155711892,1.6909999999999998,28.953812917975768
639264.0,2.5,-0.5778737296748606,0.5778737296748606,002136_2014-06-25_21-18-03_260595134347_rgbf000109-resize,-3.1121194513238186,3.1121194513238186,1.9569999999999999,13.297078442475444
639264.0,2.5,-0.7525193061509877,0.7525193061509877,000929_2014-06-09_16-33-19_260595134347_rgbf000139-resize,-3.7197547469357457,3.7197547469357457,2.8680000000000003,19.501338012209015
639264.0,2.5,-0.8589526581349691,0.8589526581349691,000457_2014-06-08_16-52-43_260595134347_rgbf000199-resize,-4.197390042547672,4.197390042547672,3.6489999999999996,14.067279821032837
639264.0,2.5,-0.6437199703184707,0.6437199703184707,002279_2014-06-28_18-55-32_260595134347_rgbf000040-resize,-2.9628174890451917,2.9628174890451917,1.5043333333333,15.963772282558683
639264.0,2.5,-0.3797959239380502,0.3797959239380502,002344_2014-06-28_20-06-29_260595134347_rgbf000030-resize,-2.7346194513238182,2.7346194513238182,1.5795,37.33165518125916
639264.0,2.5,-0.8203721414391758,0.8203721414391758,000549_2014-06-08_22-10-24_260595134347_rgbf000247-resize,-3.2994841557118915,3.2994841557118915,1.841,30.99307977870557
639264.0,2.5,-0.03796211173533723,0.03796211173533723,001056_2014-06-08_18-46-44_260595134347_rgbf000068-resize,-2.9075253381595987,2.9075253381595987,2.6625,11.38594592369452
639264.0,2.5,-0.9017021014105804,0.9017021014105804,002199_2014-06-28_18-33-56_260595134347_rgbf000074-resize,-3.4544841557118917,3.4544841557118917,1.996,17.12852126070164
639264.0,2.5,-0.9715711142678404,0.9715711142678404,002953_2014-06-08_17-32-18_094959634447_rgbf000059-resize,-3.3128488600999653,3.3128488600999653,1.551,13.905027931093345
639264.0,2.5,-0.6159151625647157,0.6159151625647157,002905_2014-06-03_18-04-43_094959634447_rgbf000151-resize,-3.1846194513238184,3.1846194513238184,2.0295,12.020604335789361
639264.0,2.5,-0.30566095000659177,0.30566095000659177,000414_2014-06-04_19-49-13_260595134347_rgbf000044-resize,-3.967295929383452,3.967295929383452,4.329,13.241348366125557
639264.0,2.5,-0.317908961249502,0.317908961249502,003129_2014-05-12_10-48-10_094959634447_rgbf000100-resize,-4.265431224995379,4.265431224995379,4.9305,17.9074543760639
639264.0,2.5,-0.3309979479552102,0.3309979479552102,000810_2014-06-08_17-20-01_260595134347_rgbf000105-resize,-2.6416194513238183,2.6416194513238183,1.4865,3.0958890116960642
639264.0,2.5,-0.6383950074814392,0.6383950074814392,001214_2014-06-17_16-13-55_260595134347_rgbf000111-resize,-3.502254746935745,3.502254746935745,2.6505,18.479282579459067
639264.0,2.5,-0.5269769160153418,0.5269769160153418,001571_2014-06-20_17-21-32_260595134347_rgbf000089-resize,-3.015119451323818,3.015119451323818,1.86,4.991960350191473
639264.0,2.5,-0.18148451226519455,0.18148451226519455,002748_2014-06-22_19-07-22_094959634447_rgbf000078-resize,-4.0054312249953785,4.0054312249953785,4.6705,35.71435075733748
639264.0,2.5,-0.03377881076874811,0.03377881076874811,002444_2014-06-28_20-32-08_260595134347_rgbf000027-resize,-3.723931224995377,3.723931224995377,4.388999999999999,17.102760279009576
639264.0,2.5,-0.0034283245644638467,0.0034283245644638467,001132_2014-06-17_14-48-54_260595134347_rgbf000100-resize,-3.391295929383452,3.391295929383452,3.753,14.398279213278778
639264.0,2.5,-0.5881055633486816,0.5881055633486816,000943_2014-06-09_19-31-07_260595134347_rgbf000128-resize,-3.1316194513238185,3.1316194513238185,1.9765,15.893099149291922
639264.0,2.5,-1.160825894373133,1.160825894373133,000854_2014-06-09_19-43-13_260595134347_rgbf000066-resize,-4.223119451323819,4.223119451323819,3.068,11.910827625938722
639264.0,2.5,-0.17945396030935054,0.17945396030935054,001164_2014-06-17_15-35-46_260595134347_rgbf000085-resize,-2.902390042547672,2.902390042547672,2.354,17.325668807481115
639264.0,2.5,-0.5298628178207738,0.5298628178207738,001136_2014-06-17_15-19-41_260595134347_rgbf000076-resize,-3.0206194513238183,3.0206194513238183,1.8655,18.667799879387072
639264.0,2.5,-0.2586850826040734,0.2586850826040734,002153_2014-06-25_21-27-18_260595134347_rgbf000038-resize,-3.0533900425476714,3.0533900425476714,2.505,17.28886317575377
639264.0,2.5,-0.4878177785663153,0.4878177785663153,000734_2014-06-08_17-39-11_260595134347_rgbf000128-resize,-4.0396606337715255,4.0396606337715255,4.098,16.052231618370055
639264.0,2.5,-1.0987304883090547,1.0987304883090547,000522_2014-06-08_13-35-06_260595134347_rgbf000244-resize,-3.8299841557118923,3.8299841557118923,2.3715,25.742609854068213
639264.0,2.5,-0.8468699671072791,0.8468699671072791,002949_2014-06-26_15-57-42_094959634447_rgbf000079-resize,-3.3499841557118915,3.3499841557118915,1.8915,17.99500168321199
639264.0,2.5,-0.9348558293126952,0.9348558293126952,000866_2014-06-09_20-45-42_260595134347_rgbf000139-resize,-4.0672547469357445,4.0672547469357445,3.2155,8.082259189449621
639264.0,2.5,-1.0145972866398147,1.0145972866398147,001555_2014-06-20_17-12-10_260595134347_rgbf000065-resize,-3.3948488600999647,3.3948488600999647,1.633,7.608284543781994
639264.0,2.5,-0.6026177324834718,0.6026177324834718,003534_2014-05-22_15-06-10_094959634447_rgbf000102-resize,-2.8844841557118914,2.8844841557118914,1.426,12.376994007247625
639264.0,2.5,-0.03684440717615811,0.03684440717615811,000773_2014-06-08_22-24-54_260595134347_rgbf000093-resize,-4.004566520607305,4.004566520607305,4.973,21.45352631724976
639264.0,2.5,-0.21329771784583665,0.21329771784583665,001059_2014-06-08_21-53-27_260595134347_rgbf000061-resize,-2.9668900425476714,2.9668900425476714,2.4185,8.755513319222857
639264.0,2.5,-0.9647642662053968,0.9647642662053968,001032_2014-06-08_13-23-17_260595134347_rgbf000021-resize,-4.124254746935745,4.124254746935745,3.2725,15.984983178828962
639264.0,2.5,-0.5086749779783327,0.5086749779783327,001447_2014-06-19_17-00-32_260595134347_rgbf000082-resize,-4.079410633771525,4.079410633771525,4.13775,46.830399423560245
639264.0,2.5,-0.4646479040152088,0.4646479040152088,000742_2014-06-08_18-48-09_260595134347_rgbf000164-resize,-4.270295929383452,4.270295929383452,4.632,18.91549953899407
639264.0,2.5,-0.5882852579506695,0.5882852579506695,002758_2014-06-22_19-11-20_094959634447_rgbf000128-resize,-3.406754746935745,3.406754746935745,2.555,7.204478276142114
639264.0,2.5,-0.6288532034419918,0.6288532034419918,002549_2014-06-24_13-41-39_094959634447_rgbf000022-resize,-2.934484155711892,2.934484155711892,1.476,4.1736441355391865
639264.0,2.5,-0.21985658558546706,0.21985658558546706,000502_2014-06-08_23-02-32_260595134347_rgbf000063-resize,-2.979390042547672,2.979390042547672,2.431,13.897287578908273
639264.0,2.5,-0.3770070566269945,0.3770070566269945,001806_2014-06-26_20-50-20_260595134347_rgbf000091-resize,-3.278890042547672,3.278890042547672,2.7305,13.909869710567438
639264.0,2.5,-0.02336728249294284,0.02336728249294284,001617_2014-06-20_11-35-32_260595134347_rgbf000066-resize,-3.429295929383452,3.429295929383452,3.7910000000000004,19.974169961071475
639264.0,2.5,-0.14255898075221712,0.14255898075221712,000493_2014-06-09_21-01-18_260595134347_rgbf000196-resize,-3.381660633771525,3.381660633771525,3.44,19.629285382994567
639264.0,2.5,-0.7704564608971547,0.7704564608971547,000506_2014-06-08_23-21-00_260595134347_rgbf000070-resize,-4.3035253381596,4.3035253381596,4.0585,16.716212007621664
639264.0,2.5,-1.0589496069464808,1.0589496069464808,001449_2014-06-19_17-01-27_260595134347_rgbf000116-resize,-4.303754746935745,4.303754746935745,3.452,8.994872108877228
639264.0,2.5,-0.0878095065565154,0.0878095065565154,002600_2014-06-24_14-27-04_094959634447_rgbf000074-resize,-3.0025253381595984,3.0025253381595984,2.7575,44.47386082434929
639264.0,2.5,-0.8870102376738102,0.8870102376738102,003228_2014-05-14_13-42-35_094959634447_rgbf000101-resize,-3.426484155711892,3.426484155711892,1.9680000000000002,14.40337638638131
639264.0,2.5,-0.8554450124159816,0.8554450124159816,000368_2014-06-09_15-53-01_260595134347_rgbf000155-resize,-3.6411194513238185,3.6411194513238185,2.4859999999999998,21.090700959072958
639264.0,2.5,-0.08972864963121663,0.08972864963121663,002678_2014-06-13_16-15-32_094959634447_rgbf000151-resize,-2.7313900425476723,2.7313900425476723,2.1830000000000003,32.96558503300821
639264.0,2.5,-0.023615262815752214,0.023615262815752214,002209_2014-06-28_18-36-10_260595134347_rgbf000051-resize,-2.605390042547672,2.605390042547672,2.057,12.962068825921264
639264.0,2.5,-0.14569286288046646,0.14569286288046646,001110_2014-06-15_17-25-28_260595134347_rgbf000150-resize,-2.5632547469357454,2.5632547469357454,1.7115,9.336195527413247
639264.0,2.5,-0.9564515756062788,0.9564515756062788,000927_2014-06-09_16-32-30_260595134347_rgbf000123-resize,-3.8336194513238175,3.8336194513238175,2.6785,11.715239650325241
639264.0,2.5,-0.1524457996088492,0.1524457996088492,002570_2014-06-24_13-59-54_094959634447_rgbf000059-resize,-3.675295929383452,3.675295929383452,4.037,41.596140375002705
639264.0,2.5,-0.4295606586516311,0.4295606586516311,001810_2014-06-26_20-51-35_260595134347_rgbf000040-resize,-3.1042547469357453,3.1042547469357453,2.2525,22.411391411207674
639264.0,2.5,-0.05422810372960949,0.05422810372960949,001092_2014-06-15_17-34-58_260595134347_rgbf000171-resize,-2.9385253381595984,2.9385253381595984,2.6935,9.164038324933468
639264.0,2.5,-0.2553571314870732,0.2553571314870732,002545_2014-06-24_13-38-53_094959634447_rgbf000080-resize,-2.772254746935745,2.772254746935745,1.9205,12.083824048628237
639264.0,2.5,-0.521992176533222,0.521992176533222,001167_2014-06-17_15-38-07_260595134347_rgbf000108-resize,-3.0056194513238186,3.0056194513238186,1.8505,12.019050657019696
639264.0,2.5,-1.1731421913368654,1.1731421913368654,003587_2014-05-23_16-48-02_094959634447_rgbf002384-resize,-3.422213564488038,3.422213564488038,1.357,20.788172722830538
602527.0,2.5,-0.25024583607948603,0.25024583607948603,001029_2014-06-08_13-17-57_260595134347_rgbf000065-resize,-3.3199063970330265,3.3199063970330265,3.0835,18.209734661918688
602527.0,2.5,-0.8478554989154965,0.8478554989154965,000677_2014-06-08_23-10-32_260595134347_rgbf000158-resize,-4.142090859311044,4.142090859311044,3.556,19.65196273325612
602527.0,2.5,-0.061612799887735735,0.061612799887735735,000682_2014-06-08_23-14-58_260595134347_rgbf000041-resize,-2.9604063970330268,2.9604063970330268,2.7239999999999998,8.707843071693064
602527.0,2.5,-1.054487913271534,1.054487913271534,001650_2014-06-20_12-09-00_260595134347_rgbf000087-resize,-3.5856442461450966,3.5856442461450966,1.9505,47.6804595860539
602527.0,2.5,-0.4033922552791725,0.4033922552791725,001244_2014-06-17_16-47-45_260595134347_rgbf000030-resize,-2.9782753215890616,2.9782753215890616,2.0425,6.7629638807870815
602527.0,2.5,-0.18458842748512885,0.18458842748512885,003495_2014-05-21_16-01-51_094959634447_rgbf000100-resize,-2.5612753215890613,2.5612753215890613,1.6255,12.747278812179
602527.0,2.5,-0.12363160814692685,0.12363160814692685,000556_2014-06-09_22-42-56_260595134347_rgbf000214-resize,-4.028853010198973,4.028853010198973,4.8415,23.88242025565649
602527.0,2.5,-0.3985106125941482,0.3985106125941482,001150_2014-06-17_15-27-34_260595134347_rgbf000108-resize,-3.919221934755009,3.919221934755009,4.0325,11.088139074292139
602527.0,2.5,-0.2363410364714721,0.2363410364714721,000665_2014-06-09_20-42-35_260595134347_rgbf000110-resize,-3.2934063970330265,3.2934063970330265,3.057,18.49880761375764
602527.0,2.5,-0.3906399713065865,0.3906399713065865,002375_2014-06-28_20-13-44_260595134347_rgbf000032-resize,-3.9042219347550087,3.9042219347550087,4.0175,48.76103649676905
602527.0,2.5,-0.7444877433389323,0.7444877433389323,000788_2014-06-08_22-34-36_260595134347_rgbf000131-resize,-3.945090859311044,3.945090859311044,3.359,21.46386213810664
602527.0,2.5,-0.902687633218803,0.902687633218803,001235_2014-06-17_16-37-36_260595134347_rgbf000084-resize,-4.246590859311044,4.246590859311044,3.6605,14.547706659434104
602527.0,2.5,-0.057449490133402385,0.057449490133402385,000780_2014-06-08_22-28-29_260595134347_rgbf000126-resize,-3.269221934755009,3.269221934755009,3.3825,14.165390776882042
602527.0,2.5,-0.3920766371679816,0.3920766371679816,000109_2014-05-14_23-41-52_260595134347_rgbf000035-resize,-2.639959783867079,2.639959783867079,1.3545,6.620498200896815
602527.0,2.5,-0.017206122769785948,0.017206122769785948,002509_2014-06-24_13-19-22_094959634447_rgbf000077-resize,-2.2422753215890614,2.2422753215890614,1.3065,40.21868783296904
602527.0,2.5,-0.1984932270931428,0.1984932270931428,000469_2014-06-09_19-42-10_260595134347_rgbf000081-resize,-2.5877753215890618,2.5877753215890618,1.652,25.13136208408983
602527.0,2.5,-0.38289422233249815,0.38289422233249815,000483_2014-06-09_20-41-45_260595134347_rgbf000116-resize,-2.622459783867079,2.622459783867079,1.337,29.232414989368262
602527.0,2.5,-0.21895689444079086,0.21895689444079086,002964_2014-06-08_17-46-11_094959634447_rgbf000091-resize,-2.626775321589061,2.626775321589061,1.6909999999999998,28.953812917975768
602527.0,2.5,-0.008845137662086389,0.008845137662086389,002136_2014-06-25_21-18-03_260595134347_rgbf000109-resize,-2.543090859311044,2.543090859311044,1.9569999999999999,13.297078442475444
602527.0,2.5,-0.2458545372145977,0.2458545372145977,002039_2014-06-24_20-22-38_260595134347_rgbf000084-resize,-3.945037472476992,3.945037472476992,4.408,15.524303639345458
602527.0,2.5,-0.11205363532615736,0.11205363532615736,000691_2014-06-08_13-08-50_260595134347_rgbf000132-resize,-3.690037472476992,3.690037472476992,4.1530000000000005,14.740846212587924
602527.0,2.5,-0.13717095624826914,0.13717095624826914,000929_2014-06-09_16-33-19_260595134347_rgbf000139-resize,-3.104406397033027,3.104406397033027,2.8680000000000003,19.501338012209015
602527.0,2.5,-0.8966534748983415,0.8966534748983415,000457_2014-06-08_16-52-43_260595134347_rgbf000199-resize,-4.235090859311044,4.235090859311044,3.6489999999999996,14.067279821032837
602527.0,2.5,-0.4845285917390437,0.4845285917390437,001584_2014-06-20_11-07-43_260595134347_rgbf000002-resize,-3.7664063970330255,3.7664063970330255,3.53,17.602834139105468
602527.0,2.5,-0.894292282512072,0.894292282512072,003490_2014-05-21_15-50-11_094959634447_rgbf000101-resize,-4.230590859311044,4.230590859311044,3.6445,19.999457360175192
602527.0,2.5,-0.12101113619564086,0.12101113619564086,002279_2014-06-28_18-55-32_260595134347_rgbf000040-resize,-2.4401086549223616,2.4401086549223616,1.5043333333333,15.963772282558683
602527.0,2.5,-0.07023613970502485,0.07023613970502485,000635_2014-06-08_16-38-42_260595134347_rgbf000106-resize,-2.660090859311044,2.660090859311044,2.074,10.796976226722654
602527.0,2.5,-0.4740000377566176,0.4740000377566176,002043_2014-06-24_20-29-38_260595134347_rgbf000039-resize,-3.429590859311044,3.429590859311044,2.8435,8.475049543704081
602527.0,2.5,-0.3832940394381974,0.3832940394381974,003048_2014-06-15_13-49-43_094959634447_rgbf000150-resize,-3.890221934755009,3.890221934755009,4.0035,24.355606534500392
602527.0,2.5,-0.13372597942463216,0.13372597942463216,002725_2014-06-22_11-47-51_094959634447_rgbf000070-resize,-2.7810908593110444,2.7810908593110444,2.195,3.938570017428758
602527.0,2.5,-0.510136256481311,0.510136256481311,002344_2014-06-28_20-06-29_260595134347_rgbf000030-resize,-2.8649597838670786,2.8649597838670786,1.5795,37.33165518125916
602527.0,2.5,-0.6473477695943635,0.6473477695943635,000549_2014-06-08_22-10-24_260595134347_rgbf000247-resize,-3.12645978386708,3.12645978386708,1.841,30.99307977870557
602527.0,2.5,-0.12697348817347298,0.12697348817347298,000736_2014-06-08_18-24-15_260595134347_rgbf000206-resize,-3.4017219347550087,3.4017219347550087,3.515,33.408170606136416
602527.0,2.5,-0.6188542030466612,0.6188542030466612,000137_2014-05-20_17-04-49_260595134347_rgbf000120-resize,-4.022406397033027,4.022406397033027,3.786,14.89611111351161
602527.0,2.5,-0.02934317060876515,0.02934317060876515,001056_2014-06-08_18-46-44_260595134347_rgbf000068-resize,-2.8989063970330267,2.8989063970330267,2.6625,11.38594592369452
602527.0,2.5,-0.7286777295657679,0.7286777295657679,002199_2014-06-28_18-33-56_260595134347_rgbf000074-resize,-3.2814597838670783,3.2814597838670783,1.996,17.12852126070164
602527.0,2.5,-0.8290003254244002,0.8290003254244002,000917_2014-06-09_22-45-29_260595134347_rgbf000149-resize,-4.422906397033026,4.422906397033026,4.1865,9.740561609074897
602527.0,2.5,-0.9396796472703088,0.9396796472703088,002323_2014-06-28_20-01-54_260595134347_rgbf000051-resize,-4.317090859311044,4.317090859311044,3.7310000000000003,18.09172628388976
602527.0,2.5,-0.4293653715281063,0.4293653715281063,000878_2014-06-08_22-52-45_260595134347_rgbf000045-resize,-3.0277753215890617,3.0277753215890617,2.092,5.576511521775202
602527.0,2.5,-0.4951820380349545,0.4951820380349545,002953_2014-06-08_17-32-18_094959634447_rgbf000059-resize,-2.8364597838670798,2.8364597838670798,1.551,13.905027931093345
602527.0,2.5,-0.04688657055194145,0.04688657055194145,002905_2014-06-03_18-04-43_094959634447_rgbf000151-resize,-2.6155908593110437,2.6155908593110437,2.0295,12.020604335789361
602527.0,2.5,-0.08454075641874302,0.08454075641874302,002988_2014-06-15_12-24-20_094959634447_rgbf000150-resize,-3.9543530101989743,3.9543530101989743,4.7669999999999995,14.460306569198616
602527.0,2.5,-0.4362896907744034,0.4362896907744034,001052_2014-06-08_18-24-54_260595134347_rgbf000130-resize,-3.991221934755009,3.991221934755009,4.1045,25.87613690895519
602527.0,2.5,-0.7224155821347555,0.7224155821347555,001214_2014-06-17_16-13-55_260595134347_rgbf000111-resize,-3.5862753215890617,3.5862753215890617,2.6505,18.479282579459067
602527.0,2.5,-0.2954052117271693,0.2954052117271693,002995_2014-06-15_12-31-26_094959634447_rgbf000150-resize,-3.722721934755009,3.722721934755009,3.8360000000000003,27.231594395483473
602527.0,2.5,-0.9352539828063958,0.9352539828063958,002444_2014-06-28_20-32-08_260595134347_rgbf000027-resize,-4.625406397033026,4.625406397033026,4.388999999999999,17.102760279009576
602527.0,2.5,-0.17573709855729627,0.17573709855729627,003070_2014-06-15_14-58-27_094959634447_rgbf000150-resize,-3.1779063970330266,3.1779063970330266,2.9415,10.664823740812926
602527.0,2.5,-0.01907697133590736,0.01907697133590736,000943_2014-06-09_19-31-07_260595134347_rgbf000128-resize,-2.562590859311044,2.562590859311044,1.9765,15.893099149291922
602527.0,2.5,-0.5917973023603589,0.5917973023603589,000854_2014-06-09_19-43-13_260595134347_rgbf000066-resize,-3.654090859311044,3.654090859311044,3.068,11.910827625938722
602527.0,2.5,-0.2171547770727229,0.2171547770727229,001164_2014-06-17_15-35-46_260595134347_rgbf000085-resize,-2.940090859311044,2.940090859311044,2.354,17.325668807481115
602527.0,2.5,-0.13694296713771226,0.13694296713771226,000739_2014-06-08_18-45-58_260595134347_rgbf000068-resize,-3.420721934755009,3.420721934755009,3.534,8.164356963721069
602527.0,2.5,-0.7825635418278166,0.7825635418278166,000734_2014-06-08_17-39-11_260595134347_rgbf000128-resize,-4.334406397033026,4.334406397033026,4.098,16.052231618370055
602527.0,2.5,-0.3241611329844493,0.3241611329844493,002949_2014-06-26_15-57-42_094959634447_rgbf000079-resize,-2.8272753215890614,2.8272753215890614,1.8915,17.99500168321199
602527.0,2.5,-0.3195074794099765,0.3195074794099765,000866_2014-06-09_20-45-42_260595134347_rgbf000139-resize,-3.4519063970330266,3.4519063970330266,3.2155,8.082259189449621
602527.0,2.5,-0.5382082104069287,0.5382082104069287,001555_2014-06-20_17-12-10_260595134347_rgbf000065-resize,-2.9184597838670783,2.9184597838670783,1.633,7.608284543781994
602527.0,2.5,-0.4295933606386595,0.4295933606386595,003534_2014-05-22_15-06-10_094959634447_rgbf000102-resize,-2.7114597838670798,2.7114597838670798,1.426,12.376994007247625
602527.0,2.5,-0.8919998213238616,0.8919998213238616,000773_2014-06-08_22-24-54_260595134347_rgbf000093-resize,-4.859721934755009,4.859721934755009,4.973,21.45352631724976
602527.0,2.5,-0.6991003785806957,0.6991003785806957,001032_2014-06-08_13-23-17_260595134347_rgbf000021-resize,-3.858590859311044,3.858590859311044,3.2725,15.984983178828962
602527.0,2.5,-0.4590801849092848,0.4590801849092848,003292_2014-05-14_21-53-49_094959634447_rgbf000100-resize,-3.7179063970330266,3.7179063970330266,3.4815,33.084282711345374
602527.0,2.5,-0.6327933682537106,0.6327933682537106,000447_2014-06-08_16-15-46_260595134347_rgbf000130-resize,-4.365721934755009,4.365721934755009,4.479,19.081432914605553
602527.0,2.5,-1.1531052035178515,1.1531052035178515,001447_2014-06-19_17-00-32_260595134347_rgbf000082-resize,-4.723840859311045,4.723840859311045,4.13775,46.830399423560245
602527.0,2.5,-0.10614436931916194,0.10614436931916194,002549_2014-06-24_13-41-39_094959634447_rgbf000022-resize,-2.4117753215890616,2.4117753215890616,1.476,4.1736441355391865
602527.0,2.5,-0.21715477707272268,0.21715477707272268,002750_2014-06-22_19-08-03_094959634447_rgbf000094-resize,-2.940090859311044,2.940090859311044,2.354,8.789636111124727
602527.0,2.5,-0.2575574023488394,0.2575574023488394,000502_2014-06-08_23-02-32_260595134347_rgbf000063-resize,-3.017090859311044,3.017090859311044,2.431,13.897287578908273
602527.0,2.5,-0.7643923356683844,0.7643923356683844,001806_2014-06-26_20-50-20_260595134347_rgbf000091-resize,-3.6662753215890618,3.6662753215890618,2.7305,13.909869710567438
602527.0,2.5,-0.6214777501425176,0.6214777501425176,001617_2014-06-20_11-35-32_260595134347_rgbf000066-resize,-4.027406397033027,4.027406397033027,3.7910000000000004,19.974169961071475
602527.0,2.5,-0.4373047440137184,0.4373047440137184,000493_2014-06-09_21-01-18_260595134347_rgbf000196-resize,-3.6764063970330265,3.6764063970330265,3.44,19.629285382994567
602527.0,2.5,-0.09391679476574466,0.09391679476574466,001449_2014-06-19_17-01-27_260595134347_rgbf000116-resize,-3.338721934755009,3.338721934755009,3.452,8.994872108877228
602527.0,2.5,-0.07919056542994332,0.07919056542994332,002600_2014-06-24_14-27-04_094959634447_rgbf000074-resize,-2.9939063970330264,2.9939063970330264,2.7575,44.47386082434929
602527.0,2.5,-0.3643014035509802,0.3643014035509802,003228_2014-05-14_13-42-35_094959634447_rgbf000101-resize,-2.9037753215890616,2.9037753215890616,1.9680000000000002,14.40337638638131
602527.0,2.5,-0.21515275115180646,0.21515275115180646,002763_2014-06-22_19-13-10_094959634447_rgbf000075-resize,-2.619525321589061,2.619525321589061,1.68375,5.5919783591245595
602527.0,2.5,-0.06131607957912455,0.06131607957912455,002209_2014-06-28_18-36-10_260595134347_rgbf000051-resize,-2.643090859311044,2.643090859311044,2.057,12.962068825921264
602527.0,2.5,-1.5142364612618642,1.5142364612618642,001828_2014-06-26_21-40-03_260595134347_rgbf000024-resize,-5.4120908593110455,5.4120908593110455,4.8260000000000005,35.55232951340613
602527.0,2.5,-0.28199075593929346,0.28199075593929346,002805_2014-06-22_19-54-03_094959634447_rgbf000079-resize,-3.3804063970330267,3.3804063970330267,3.1439999999999997,7.377848172936663
602527.0,2.5,-0.2297134375337828,0.2297134375337828,001110_2014-06-15_17-25-28_260595134347_rgbf000150-resize,-2.6472753215890616,2.6472753215890616,1.7115,9.336195527413247
602527.0,2.5,-0.7505562672584241,0.7505562672584241,002570_2014-06-24_13-59-54_094959634447_rgbf000059-resize,-4.2734063970330265,4.2734063970330265,4.037,41.596140375002705
602527.0,2.5,-1.1204764077735272,1.1204764077735272,002467_2014-06-28_20-38-07_260595134347_rgbf000026-resize,-4.9784063970330275,4.9784063970330275,4.742,15.331046216195933
602527.0,2.5,-0.1638967710269299,0.1638967710269299,001810_2014-06-26_20-51-35_260595134347_rgbf000040-resize,-2.838590859311044,2.838590859311044,2.2525,22.411391411207674
602527.0,2.5,-0.0753583415832606,0.0753583415832606,002663_2014-06-13_15-50-26_094959634447_rgbf000075-resize,-3.9368530101989743,3.9368530101989743,4.7495,16.725954086732166
602527.0,2.5,-0.3640390488413936,0.3640390488413936,002875_2014-06-01_15-19-00_094959634447_rgbf000151-resize,-2.9032753215890623,2.9032753215890623,1.9675,11.625680938349673
602527.0,2.5,-0.7449780871590723,0.7449780871590723,001092_2014-06-15_17-34-58_260595134347_rgbf000171-resize,-3.629275321589061,3.629275321589061,2.6935,9.164038324933468
602527.0,2.5,-0.3026480467984653,0.3026480467984653,001167_2014-06-17_15-38-07_260595134347_rgbf000108-resize,-2.7862753215890623,2.7862753215890623,1.8505,12.019050657019696
602527.0,2.5,-0.3933884107159065,0.3933884107159065,003587_2014-05-23_16-48-02_094959634447_rgbf002384-resize,-2.64245978386708,2.64245978386708,1.357,20.788172722830538
481307.0,2.5,-0.2286801824034609,0.2286801824034609,001808_2014-06-26_20-50-58_260595134347_rgbf000029-resize,-3.852291915313939,3.852291915313939,4.249,20.030651550568866
481307.0,2.5,-1.087864145499008,1.087864145499008,000677_2014-06-08_23-10-32_260595134347_rgbf000158-resize,-4.382099505894556,4.382099505894556,3.556,19.65196273325612
481307.0,2.5,-0.31203983132627033,0.31203983132627033,001516_2014-06-20_16-25-09_260595134347_rgbf000076-resize,-2.7452863045489293,2.7452863045489293,1.7445,3.8622659094666254
481307.0,2.5,-0.8259927074036386,0.8259927074036386,000682_2014-06-08_23-14-58_260595134347_rgbf000041-resize,-3.72478630454893,3.72478630454893,2.7239999999999998,8.707843071693064
481307.0,2.5,-0.9441903676384884,0.9441903676384884,001650_2014-06-20_12-09-00_260595134347_rgbf000087-resize,-3.475346700512051,3.475346700512051,1.9505,47.6804595860539
481307.0,2.5,-0.4684032382390404,0.4684032382390404,001244_2014-06-17_16-47-45_260595134347_rgbf000030-resize,-3.0432863045489293,3.0432863045489293,2.0425,6.7629638807870815
481307.0,2.5,-0.5989730077537443,0.5989730077537443,003495_2014-05-21_16-01-51_094959634447_rgbf000100-resize,-2.9756599018576764,2.9756599018576764,1.6255,12.747278812179
481307.0,2.5,-0.5515973919734601,0.5515973919734601,001158_2014-06-17_15-32-16_260595134347_rgbf000138-resize,-4.309478713968312,4.309478713968312,4.5315,26.954451973303737
481307.0,2.5,-0.1150805931530784,0.1150805931530784,001150_2014-06-17_15-27-34_260595134347_rgbf000108-resize,-3.6357919153139386,3.6357919153139386,4.0325,11.088139074292139
481307.0,2.5,-0.8059571464830118,0.8059571464830118,002375_2014-06-28_20-13-44_260595134347_rgbf000032-resize,-4.3195391099314335,4.3195391099314335,4.0175,48.76103649676905
481307.0,2.5,-0.4604359939593225,0.4604359939593225,000788_2014-06-08_22-34-36_260595134347_rgbf000131-resize,-3.6610391099314334,3.6610391099314334,3.359,21.46386213810664
481307.0,2.5,-0.09457548787607198,0.09457548787607198,001235_2014-06-17_16-37-36_260595134347_rgbf000084-resize,-3.438478713968313,3.438478713968313,3.6605,14.547706659434104
481307.0,2.5,-0.9108990303170744,0.9108990303170744,001094_2014-06-15_17-36-00_260595134347_rgbf000205-resize,-4.519539109931435,4.519539109931435,4.2175,17.196771274488466
481307.0,2.5,-0.7068007933932551,0.7068007933932551,000470_2014-06-09_19-42-40_260595134347_rgbf000094-resize,-3.1811599018576766,3.1811599018576766,1.831,22.486379427626872
481307.0,2.5,-0.4567767551585795,0.4567767551585795,000109_2014-05-14_23-41-52_260595134347_rgbf000035-resize,-2.7046599018576765,2.7046599018576765,1.3545,6.620498200896815
481307.0,2.5,-0.6062775016927753,0.6062775016927753,002509_2014-06-24_13-19-22_094959634447_rgbf000077-resize,-2.831346700512051,2.831346700512051,1.3065,40.21868783296904
481307.0,2.5,-0.2850172962390016,0.2850172962390016,003338_2014-05-20_11-01-23_094959634447_rgbf000051-resize,-2.693786304548929,2.693786304548929,1.693,28.251495663089063
481307.0,2.5,-0.6929834453551197,0.6929834453551197,002784_2014-06-22_19-26-30_094959634447_rgbf000083-resize,-3.154826568524377,3.154826568524377,1.8046666666667,3.0422522474895675
481307.0,2.5,-0.7467201471795635,0.7467201471795635,001100_2014-06-15_17-46-26_260595134347_rgbf000225-resize,-3.415473103203304,3.415473103203304,2.24,9.548860596737413
481307.0,2.5,-0.6128778073617582,0.6128778073617582,000469_2014-06-09_19-42-10_260595134347_rgbf000081-resize,-3.002159901857677,3.002159901857677,1.652,25.13136208408983
481307.0,2.5,-0.09822074301434858,0.09822074301434858,000483_2014-06-09_20-41-45_260595134347_rgbf000116-resize,-2.3377863045489296,2.3377863045489296,1.337,29.232414989368262
481307.0,2.5,-0.6333414747094064,0.6333414747094064,002964_2014-06-08_17-46-11_094959634447_rgbf000091-resize,-3.0411599018576765,3.0411599018576765,1.6909999999999998,28.953812917975768
481307.0,2.5,-0.4235405828999719,0.4235405828999719,002136_2014-06-25_21-18-03_260595134347_rgbf000109-resize,-2.9577863045489297,2.9577863045489297,1.9569999999999999,13.297078442475444
481307.0,2.5,-0.15312202604292613,0.15312202604292613,002103_2014-06-25_20-00-40_260595134347_rgbf000049-resize,-3.70829191531394,3.70829191531394,4.105,11.598018874569219
481307.0,2.5,-0.20280366914667675,0.20280366914667675,000929_2014-06-09_16-33-19_260595134347_rgbf000139-resize,-3.1700391099314347,3.1700391099314347,2.8680000000000003,19.501338012209015
481307.0,2.5,-0.08618013716934106,0.08618013716934106,003490_2014-05-21_15-50-11_094959634447_rgbf000101-resize,-3.422478713968313,3.422478713968313,3.6445,19.999457360175192
481307.0,2.5,-0.5353957164642563,0.5353957164642563,002279_2014-06-28_18-55-32_260595134347_rgbf000040-resize,-2.8544932351909766,2.8544932351909766,1.5043333333333,15.963772282558683
481307.0,2.5,-0.3102447862885365,0.3102447862885365,000635_2014-06-08_16-38-42_260595134347_rgbf000106-resize,-2.900099505894556,2.900099505894556,2.074,10.796976226722654
481307.0,2.5,-0.09986401999712756,0.09986401999712756,003048_2014-06-15_13-49-43_094959634447_rgbf000150-resize,-3.6067919153139387,3.6067919153139387,4.0035,24.355606534500392
481307.0,2.5,-0.5748363744719089,0.5748363744719089,002344_2014-06-28_20-06-29_260595134347_rgbf000030-resize,-2.9296599018576766,2.9296599018576766,1.5795,37.33165518125916
481307.0,2.5,-0.3626742902762139,0.3626742902762139,000549_2014-06-08_22-10-24_260595134347_rgbf000247-resize,-2.8417863045489296,2.8417863045489296,1.841,30.99307977870557
481307.0,2.5,-0.01823026738677705,0.01823026738677705,000736_2014-06-08_18-24-15_260595134347_rgbf000206-resize,-3.2929787139683127,3.2929787139683127,3.515,33.408170606136416
481307.0,2.5,-0.1604265199819476,0.1604265199819476,000137_2014-05-20_17-04-49_260595134347_rgbf000120-resize,-3.5639787139683126,3.5639787139683126,3.786,14.89611111351161
481307.0,2.5,-0.5592608436142288,0.5592608436142288,000642_2014-06-08_16-59-25_260595134347_rgbf000098-resize,-3.5329127072401816,3.5329127072401816,2.8815,31.36214301237791
481307.0,2.5,-0.2181445560906884,0.2181445560906884,002425_2014-06-28_20-27-29_260595134347_rgbf000031-resize,-3.673978713968313,3.673978713968313,3.8960000000000004,8.40495801096819
481307.0,2.5,-0.09497588350717273,0.09497588350717273,001056_2014-06-08_18-46-44_260595134347_rgbf000068-resize,-2.9645391099314344,2.9645391099314344,2.6625,11.38594592369452
481307.0,2.5,-0.793377847556366,0.793377847556366,002199_2014-06-28_18-33-56_260595134347_rgbf000074-resize,-3.3461599018576766,3.3461599018576766,1.996,17.12852126070164
481307.0,2.5,-0.8946330383228078,0.8946330383228078,000917_2014-06-09_22-45-29_260595134347_rgbf000149-resize,-4.488539109931434,4.488539109931434,4.1865,9.740561609074897
481307.0,2.5,-0.830314696545073,0.830314696545073,002323_2014-06-28_20-01-54_260595134347_rgbf000051-resize,-4.207725908585808,4.207725908585808,3.7310000000000003,18.09172628388976
481307.0,2.5,-0.5598821560255525,0.5598821560255525,002953_2014-06-08_17-32-18_094959634447_rgbf000059-resize,-2.901159901857677,2.901159901857677,1.551,13.905027931093345
481307.0,2.5,-0.2868952171354531,0.2868952171354531,002905_2014-06-03_18-04-43_094959634447_rgbf000151-resize,-2.8555995058945562,2.8555995058945562,2.0295,12.020604335789361
481307.0,2.5,-0.9694041305545742,0.9694041305545742,000414_2014-06-04_19-49-13_260595134347_rgbf000044-resize,-4.631039109931434,4.631039109931434,4.329,13.241348366125557
481307.0,2.5,-0.001978002525947597,0.001978002525947597,000810_2014-06-08_17-20-01_260595134347_rgbf000105-resize,-2.312599505894556,2.312599505894556,1.4865,3.0958890116960642
481307.0,2.5,-0.7874265650946235,0.7874265650946235,001214_2014-06-17_16-13-55_260595134347_rgbf000111-resize,-3.65128630454893,3.65128630454893,2.6505,18.479282579459067
481307.0,2.5,-0.5178639645625707,0.5178639645625707,002272_2014-06-28_18-53-56_260595134347_rgbf000067-resize,-2.6628467005120506,2.6628467005120506,1.138,10.409245808146235
481307.0,2.5,-0.7220173665492006,0.7220173665492006,001571_2014-06-20_17-21-32_260595134347_rgbf000089-resize,-3.2101599018576774,3.2101599018576774,1.86,4.991960350191473
481307.0,2.5,-0.24136981145570385,0.24136981145570385,003070_2014-06-15_14-58-27_094959634447_rgbf000150-resize,-3.2435391099314343,3.2435391099314343,2.9415,10.664823740812926
481307.0,2.5,-0.9578328125369142,0.9578328125369142,000943_2014-06-09_19-31-07_260595134347_rgbf000128-resize,-3.501346700512051,3.501346700512051,1.9765,15.893099149291922
481307.0,2.5,-0.34273533234773745,0.34273533234773745,000709_2014-06-08_13-51-55_260595134347_rgbf000068-resize,-2.8037863045489297,2.8037863045489297,1.8030000000000002,14.429351101546246
481307.0,2.5,-1.0064927475982444,1.0064927475982444,000854_2014-06-09_19-43-13_260595134347_rgbf000066-resize,-4.0687863045489285,4.0687863045489285,3.068,11.910827625938722
481307.0,2.5,-0.981223819619356,0.981223819619356,001164_2014-06-17_15-35-46_260595134347_rgbf000085-resize,-3.7041599018576763,3.7041599018576763,2.354,17.325668807481115
481307.0,2.5,-0.3755296710458851,0.3755296710458851,001136_2014-06-17_15-19-41_260595134347_rgbf000076-resize,-2.8662863045489297,2.8662863045489297,1.8655,18.667799879387072
481307.0,2.5,-0.7110813446053312,0.7110813446053312,002153_2014-06-25_21-27-18_260595134347_rgbf000038-resize,-3.5057863045489297,3.5057863045489297,2.505,17.28886317575377
481307.0,2.5,-0.050237541956178834,0.050237541956178834,002660_2014-06-13_15-44-18_094959634447_rgbf001878-resize,-3.3539787139683126,3.3539787139683126,3.576,15.11997681444361
481307.0,2.5,-0.6410326371460928,0.6410326371460928,000522_2014-06-08_13-35-06_260595134347_rgbf000244-resize,-3.37228630454893,3.37228630454893,2.3715,25.742609854068213
481307.0,2.5,-0.3891721159443172,0.3891721159443172,002949_2014-06-26_15-57-42_094959634447_rgbf000079-resize,-2.892286304548929,2.892286304548929,1.8915,17.99500168321199
481307.0,2.5,-1.0838873869258794,1.0838873869258794,000866_2014-06-09_20-45-42_260595134347_rgbf000139-resize,-4.2162863045489285,4.2162863045489285,3.2155,8.082259189449621
481307.0,2.5,-0.4282215297431529,0.4282215297431529,001555_2014-06-20_17-12-10_260595134347_rgbf000065-resize,-2.8084731032033035,2.8084731032033035,1.633,7.608284543781994
481307.0,2.5,-0.4942934786292574,0.4942934786292574,003534_2014-05-22_15-06-10_094959634447_rgbf000102-resize,-2.776159901857677,2.776159901857677,1.426,12.376994007247625
481307.0,2.5,-0.26905509688365803,0.26905509688365803,002637_2014-06-24_14-51-13_094959634447_rgbf000066-resize,-2.8215995058945555,2.8215995058945555,1.9955,10.972027795242447
481307.0,2.5,-0.0911786037849046,0.0911786037849046,001016_2014-06-09_16-16-10_260595134347_rgbf000112-resize,-2.482599505894556,2.482599505894556,1.6565,7.049977084494088
481307.0,2.5,-0.4631838548432562,0.4631838548432562,002414_2014-06-28_20-24-58_260595134347_rgbf000067-resize,-4.1409787139683125,4.1409787139683125,4.363,31.720662178139435
481307.0,2.5,-0.4910071811927206,0.4910071811927206,001059_2014-06-08_21-53-27_260595134347_rgbf000061-resize,-3.244599505894556,3.244599505894556,2.4185,8.755513319222857
481307.0,2.5,-0.4150486292010859,0.4150486292010859,001032_2014-06-08_13-23-17_260595134347_rgbf000021-resize,-3.5745391099314343,3.5745391099314343,3.2725,15.984983178828962
481307.0,2.5,-0.000652501844571246,0.000652501844571246,003292_2014-05-14_21-53-49_094959634447_rgbf000100-resize,-3.2594787139683126,3.2594787139683126,3.4815,33.084282711345374
481307.0,2.5,-0.3449930581751205,0.3449930581751205,001447_2014-06-19_17-00-32_260595134347_rgbf000082-resize,-3.915728713968313,3.915728713968313,4.13775,46.830399423560245
481307.0,2.5,-0.7373168155638539,0.7373168155638539,002758_2014-06-22_19-11-20_094959634447_rgbf000128-resize,-3.555786304548929,3.555786304548929,2.555,7.204478276142114
481307.0,2.5,-0.6952157482421513,0.6952157482421513,002549_2014-06-24_13-41-39_094959634447_rgbf000022-resize,-3.000846700512051,3.000846700512051,1.476,4.1736441355391865
481307.0,2.5,-0.6722528475867249,0.6722528475867249,000502_2014-06-08_23-02-32_260595134347_rgbf000063-resize,-3.43178630454893,3.43178630454893,2.431,13.897287578908273
481307.0,2.5,-0.8294033186282523,0.8294033186282523,001806_2014-06-26_20-50-20_260595134347_rgbf000091-resize,-3.73128630454893,3.73128630454893,2.7305,13.909869710567438
481307.0,2.5,-0.1675100971407523,0.1675100971407523,000191_2014-05-12_17-07-38_260595134347_rgbf000199-resize,-3.5774787139683126,3.5774787139683126,3.7995,12.340757267219296
481307.0,2.5,-0.4293123865108481,0.4293123865108481,003228_2014-05-14_13-42-35_094959634447_rgbf000101-resize,-2.9687863045489298,2.9687863045489298,1.9680000000000002,14.40337638638131
481307.0,2.5,-0.3517382683323453,0.3517382683323453,000368_2014-06-09_15-53-01_260595134347_rgbf000155-resize,-3.1374127072401823,3.1374127072401823,2.4859999999999998,21.090700959072958
481307.0,2.5,-0.10547693545730052,0.10547693545730052,002763_2014-06-22_19-13-10_094959634447_rgbf000075-resize,-2.509849505894556,2.509849505894556,1.68375,5.5919783591245595
481307.0,2.5,-0.6506983234713839,0.6506983234713839,002209_2014-06-28_18-36-10_260595134347_rgbf000051-resize,-3.2324731032033034,3.2324731032033034,2.057,12.962068825921264
481307.0,2.5,-1.2301847118822544,1.2301847118822544,001828_2014-06-26_21-40-03_260595134347_rgbf000024-resize,-5.128039109931434,5.128039109931434,4.8260000000000005,35.55232951340613
481307.0,2.5,-0.10337123421389477,0.10337123421389477,000927_2014-06-09_16-32-30_260595134347_rgbf000123-resize,-2.9805391099314344,2.9805391099314344,2.6785,11.715239650325241
481307.0,2.5,-0.4668153828480842,0.4668153828480842,002570_2014-06-24_13-59-54_094959634447_rgbf000059-resize,-3.9896655126226874,3.9896655126226874,4.037,41.596140375002705
481307.0,2.5,-0.4039054176104415,0.4039054176104415,001810_2014-06-26_20-51-35_260595134347_rgbf000040-resize,-3.078599505894556,3.078599505894556,2.2525,22.411391411207674
481307.0,2.5,-0.2543632331468877,0.2543632331468877,002875_2014-06-01_15-19-00_094959634447_rgbf000151-resize,-2.793599505894556,2.793599505894556,1.9675,11.625680938349673
481307.0,2.5,-0.6353022714645664,0.6353022714645664,001092_2014-06-15_17-34-58_260595134347_rgbf000171-resize,-3.5195995058945555,3.5195995058945555,2.6935,9.164038324933468
481307.0,2.5,-0.3676590297583333,0.3676590297583333,001167_2014-06-17_15-38-07_260595134347_rgbf000108-resize,-2.8512863045489296,2.8512863045489296,1.8505,12.019050657019696
481307.0,2.5,-0.4580885287065044,0.4580885287065044,003587_2014-05-23_16-48-02_094959634447_rgbf002384-resize,-2.7071599018576773,2.7071599018576773,1.357,20.788172722830538
715777.0,2.5,-0.9208175982763298,0.9208175982763298,001808_2014-06-26_20-50-58_260595134347_rgbf000029-resize,-4.544429331186809,4.544429331186809,4.249,20.030651550568866
715777.0,2.5,-0.30926877023326754,0.30926877023326754,001029_2014-06-08_13-17-57_260595134347_rgbf000065-resize,-3.3789293311868085,3.3789293311868085,3.0835,18.209734661918688
715777.0,2.5,-0.04199403957524245,0.04199403957524245,000677_2014-06-08_23-10-32_260595134347_rgbf000158-resize,-3.33622939997079,3.33622939997079,3.556,19.65196273325612
715777.0,2.5,-1.118370694593959,1.118370694593959,001417_2014-06-19_16-25-36_260595134347_rgbf000115-resize,-4.920929331186809,4.920929331186809,4.6255,49.17091269608214
715777.0,2.5,-0.2290529475094835,0.2290529475094835,003081_2014-06-15_15-19-16_094959634447_rgbf000150-resize,-3.69272939997079,3.69272939997079,3.9125,16.632991649560594
715777.0,2.5,-0.12063573404151726,0.12063573404151726,000682_2014-06-08_23-14-58_260595134347_rgbf000041-resize,-3.0194293311868083,3.0194293311868083,2.7239999999999998,8.707843071693064
715777.0,2.5,-0.229972929529264,0.229972929529264,001650_2014-06-20_12-09-00_260595134347_rgbf000087-resize,-2.7611292624028265,2.7611292624028265,1.9505,47.6804595860539
715777.0,2.5,-0.05944236829889371,0.05944236829889371,003495_2014-05-21_16-01-51_094959634447_rgbf000100-resize,-2.4361292624028263,2.4361292624028263,1.6255,12.747278812179
715777.0,2.5,-0.5538480779759372,0.5538480779759372,001158_2014-06-17_15-32-16_260595134347_rgbf000138-resize,-4.31172939997079,4.31172939997079,4.5315,26.954451973303737
715777.0,2.5,-1.7469078603507793,1.7469078603507793,000556_2014-06-09_22-42-56_260595134347_rgbf000214-resize,-5.652129262402827,5.652129262402827,4.8415,23.88242025565649
715777.0,2.5,-0.8072180090259473,0.8072180090259473,001150_2014-06-17_15-27-34_260595134347_rgbf000108-resize,-4.327929331186809,4.327929331186809,4.0325,11.088139074292139
715777.0,2.5,-0.2953639706252536,0.2953639706252536,000665_2014-06-09_20-42-35_260595134347_rgbf000110-resize,-3.3524293311868085,3.3524293311868085,3.057,18.49880761375764
715777.0,2.5,-0.612026105094567,0.612026105094567,001235_2014-06-17_16-37-36_260595134347_rgbf000084-resize,-3.9559293311868085,3.9559293311868085,3.6605,14.547706659434104
715777.0,2.5,-0.09708852858812972,0.09708852858812972,000692_2014-06-08_13-09-42_260595134347_rgbf000199-resize,-3.44122939997079,3.44122939997079,3.661,54.80046590295557
715777.0,2.5,-0.4661568865652016,0.4661568865652016,000780_2014-06-08_22-28-29_260595134347_rgbf000126-resize,-3.6779293311868084,3.6779293311868084,3.3825,14.165390776882042
715777.0,2.5,-0.1672701539384044,0.1672701539384044,000470_2014-06-09_19-42-40_260595134347_rgbf000094-resize,-2.6416292624028266,2.6416292624028266,1.831,22.486379427626872
715777.0,2.5,-0.4072599947995692,0.4072599947995692,002509_2014-06-24_13-19-22_094959634447_rgbf000077-resize,-2.6323291936188453,2.6323291936188453,1.3065,40.21868783296904
715777.0,2.5,-0.09486025409289857,0.09486025409289857,003338_2014-05-20_11-01-23_094959634447_rgbf000051-resize,-2.5036292624028267,2.5036292624028267,1.693,28.251495663089063
715777.0,2.5,-0.1534528059002691,0.1534528059002691,002784_2014-06-22_19-26-30_094959634447_rgbf000083-resize,-2.6152959290695263,2.6152959290695263,1.8046666666667,3.0422522474895675
715777.0,2.5,-0.38187630637908654,0.38187630637908654,001100_2014-06-15_17-46-26_260595134347_rgbf000225-resize,-3.0506292624028264,3.0506292624028264,2.24,9.548860596737413
715777.0,2.5,-1.0042463959244141,1.0042463959244141,002039_2014-06-24_20-22-38_260595134347_rgbf000084-resize,-4.7034293311868085,4.7034293311868085,4.408,15.524303639345458
715777.0,2.5,-0.33005951069977696,0.33005951069977696,002103_2014-06-25_20-00-40_260595134347_rgbf000049-resize,-3.8852293999707914,3.8852293999707914,4.105,11.598018874569219
715777.0,2.5,-1.385645425251992,1.385645425251992,000691_2014-06-08_13-08-50_260595134347_rgbf000132-resize,-4.9636292624028275,4.9636292624028275,4.1530000000000005,14.740846212587924
715777.0,2.5,-0.19619389040205065,0.19619389040205065,000929_2014-06-09_16-33-19_260595134347_rgbf000139-resize,-3.1634293311868085,3.1634293311868085,2.8680000000000003,19.501338012209015
715777.0,2.5,-0.5435515258928252,0.5435515258928252,001584_2014-06-20_11-07-43_260595134347_rgbf000002-resize,-3.8254293311868084,3.8254293311868084,3.53,17.602834139105468
715777.0,2.5,-0.4087659235753249,0.4087659235753249,001175_2014-06-17_15-45-55_260595134347_rgbf000129-resize,-4.03522939997079,4.03522939997079,4.255,15.34903910495583
715777.0,2.5,-0.5110650082254241,0.5110650082254241,002279_2014-06-28_18-55-32_260595134347_rgbf000040-resize,-2.8301625269521447,2.8301625269521447,1.5043333333333,15.963772282558683
715777.0,2.5,-0.03530573501705836,0.03530573501705836,002344_2014-06-28_20-06-29_260595134347_rgbf000030-resize,-2.3901292624028265,2.3901292624028265,1.5795,37.33165518125916
715777.0,2.5,-0.17251724813011082,0.17251724813011082,000549_2014-06-08_22-10-24_260595134347_rgbf000247-resize,-2.6516292624028264,2.6516292624028264,1.841,30.99307977870557
715777.0,2.5,-0.5356808846052721,0.5356808846052721,000736_2014-06-08_18-24-15_260595134347_rgbf000206-resize,-3.810429331186808,3.810429331186808,3.515,33.408170606136416
715777.0,2.5,-0.16267720598442453,0.16267720598442453,000137_2014-05-20_17-04-49_260595134347_rgbf000120-resize,-3.56622939997079,3.56622939997079,3.786,14.89611111351161
715777.0,2.5,-0.7184773987768732,0.7184773987768732,000642_2014-06-08_16-59-25_260595134347_rgbf000098-resize,-3.6921292624028266,3.6921292624028266,2.8815,31.36214301237791
715777.0,2.5,-0.22039524209316536,0.22039524209316536,002425_2014-06-28_20-27-29_260595134347_rgbf000031-resize,-3.67622939997079,3.67622939997079,3.8960000000000004,8.40495801096819
715777.0,2.5,-0.603566035978565,0.603566035978565,001056_2014-06-08_18-46-44_260595134347_rgbf000068-resize,-3.4731292624028267,3.4731292624028267,2.6625,11.38594592369452
715777.0,2.5,-0.8880232595781816,0.8880232595781816,000917_2014-06-09_22-45-29_260595134347_rgbf000149-resize,-4.481929331186809,4.481929331186809,4.1865,9.740561609074897
715777.0,2.5,-0.1338181879300548,0.1338181879300548,002323_2014-06-28_20-01-54_260595134347_rgbf000051-resize,-3.51122939997079,3.51122939997079,3.7310000000000003,18.09172628388976
715777.0,2.5,-0.4005682091689061,0.4005682091689061,003423_2014-05-21_10-23-26_094959634447_rgbf002665-resize,-3.5529293311868084,3.5529293311868084,3.2575,35.43119222475438
715777.0,2.5,-0.962794351809948,0.962794351809948,000414_2014-06-04_19-49-13_260595134347_rgbf000044-resize,-4.624429331186809,4.624429331186809,4.329,13.241348366125557
715777.0,2.5,-0.7632071362249131,0.7632071362249131,003129_2014-05-12_10-48-10_094959634447_rgbf000100-resize,-4.71072939997079,4.71072939997079,4.9305,17.9074543760639
715777.0,2.5,-0.16221721497454078,0.16221721497454078,002988_2014-06-15_12-24-20_094959634447_rgbf000150-resize,-4.0320294687547715,4.0320294687547715,4.7669999999999995,14.460306569198616
715777.0,2.5,-0.3297971559901844,0.3297971559901844,001052_2014-06-08_18-24-54_260595134347_rgbf000130-resize,-3.8847293999707904,3.8847293999707904,4.1045,25.87613690895519
715777.0,2.5,-0.6267826872406057,0.6267826872406057,002748_2014-06-22_19-07-22_094959634447_rgbf000078-resize,-4.45072939997079,4.45072939997079,4.6705,35.71435075733748
715777.0,2.5,-0.7041126081589684,0.7041126081589684,002995_2014-06-15_12-31-26_094959634447_rgbf000150-resize,-4.131429331186808,4.131429331186808,3.8360000000000003,27.231594395483473
715777.0,2.5,-0.3119570357383958,0.3119570357383958,000436_2014-06-09_22-25-11_260595134347_rgbf000137-resize,-3.85072939997079,3.85072939997079,4.0705,20.69156545677159
715777.0,2.5,-0.901140995057434,0.901140995057434,001133_2014-06-17_14-49-16_260595134347_rgbf000100-resize,-4.506929331186808,4.506929331186808,4.2115,26.759918254713728
715777.0,2.5,-0.23476003271107776,0.23476003271107776,003070_2014-06-15_14-58-27_094959634447_rgbf000150-resize,-3.236929331186808,3.236929331186808,2.9415,10.664823740812926
715777.0,2.5,-0.4653698224364414,0.4653698224364414,000758_2014-06-08_22-05-08_260595134347_rgbf000085-resize,-3.6764293311868084,3.6764293311868084,3.3810000000000002,11.91317737826679
715777.0,2.5,-0.4416931801645053,0.4416931801645053,001164_2014-06-17_15-35-46_260595134347_rgbf000085-resize,-3.1646292624028267,3.1646292624028267,2.354,17.325668807481115
715777.0,2.5,-0.5209243024592282,0.5209243024592282,002153_2014-06-25_21-27-18_260595134347_rgbf000038-resize,-3.3156292624028265,3.3156292624028265,2.505,17.28886317575377
715777.0,2.5,-0.5676881591746739,0.5676881591746739,002660_2014-06-13_15-44-18_094959634447_rgbf001878-resize,-3.871429331186808,3.871429331186808,3.576,15.11997681444361
715777.0,2.5,-0.030450432353493262,0.030450432353493262,000739_2014-06-08_18-45-58_260595134347_rgbf000068-resize,-3.3142293999707904,3.3142293999707904,3.534,8.164356963721069
715777.0,2.5,-0.8415864759815981,0.8415864759815981,000734_2014-06-08_17-39-11_260595134347_rgbf000128-resize,-4.393429331186808,4.393429331186808,4.098,16.052231618370055
715777.0,2.5,-0.19901507379821412,0.19901507379821412,002949_2014-06-26_15-57-42_094959634447_rgbf000079-resize,-2.7021292624028264,2.7021292624028264,1.8915,17.99500168321199
715777.0,2.5,-0.3785951319730278,0.3785951319730278,002989_2014-06-15_12-25-03_094959634447_rgbf000150-resize,-3.9777293999707903,3.9777293999707903,4.1975,27.906783421951957
715777.0,2.5,-0.378530413563758,0.378530413563758,000866_2014-06-09_20-45-42_260595134347_rgbf000139-resize,-3.510929331186808,3.510929331186808,3.2155,8.082259189449621
715777.0,2.5,-1.300707217755661,1.300707217755661,000773_2014-06-08_22-24-54_260595134347_rgbf000093-resize,-5.268429331186808,5.268429331186808,4.973,21.45352631724976
715777.0,2.5,-0.9806344720617513,0.9806344720617513,002414_2014-06-28_20-24-58_260595134347_rgbf000067-resize,-4.658429331186809,4.658429331186809,4.363,31.720662178139435
715777.0,2.5,-0.5181031190630663,0.5181031190630663,003292_2014-05-14_21-53-49_094959634447_rgbf000100-resize,-3.776929331186808,3.776929331186808,3.4815,33.084282711345374
715777.0,2.5,-0.0048043892234218575,0.0048043892234218575,001570_2014-06-20_17-21-09_260595134347_rgbf000135-resize,-3.732029468754772,3.732029468754772,4.467,22.179510675592084
715777.0,2.5,-0.5263008334694916,0.5263008334694916,000447_2014-06-08_16-15-46_260595134347_rgbf000130-resize,-4.25922939997079,4.25922939997079,4.479,19.081432914605553
715777.0,2.5,-0.8624436753936155,0.8624436753936155,001447_2014-06-19_17-00-32_260595134347_rgbf000082-resize,-4.433179331186809,4.433179331186809,4.13775,46.830399423560245
715777.0,2.5,-0.39722231635357497,0.39722231635357497,001066_2014-06-08_22-03-20_260595134347_rgbf000066-resize,-4.013229399970791,4.013229399970791,4.2330000000000005,19.743449467077777
715777.0,2.5,-0.09138144338652887,0.09138144338652887,000742_2014-06-08_18-48-09_260595134347_rgbf000164-resize,-3.897029468754772,3.897029468754772,4.632,18.91549953899407
715777.0,2.5,-0.03195984220173248,0.03195984220173248,002758_2014-06-22_19-11-20_094959634447_rgbf000128-resize,-2.8504293311868083,2.8504293311868083,2.555,7.204478276142114
715777.0,2.5,-1.0102158358355924,1.0102158358355924,001199_2014-06-17_16-03-48_260595134347_rgbf000077-resize,-4.248129262402826,4.248129262402826,3.4375,28.282249848901696
715777.0,2.5,-0.6805006842962991,0.6805006842962991,001617_2014-06-20_11-35-32_260595134347_rgbf000066-resize,-4.0864293311868085,4.0864293311868085,3.7910000000000004,19.974169961071475
715777.0,2.5,-0.4963276781675,0.4963276781675,000493_2014-06-09_21-01-18_260595134347_rgbf000196-resize,-3.7354293311868085,3.7354293311868085,3.44,19.629285382994567
715777.0,2.5,-0.16976078314322926,0.16976078314322926,000191_2014-05-12_17-07-38_260595134347_rgbf000199-resize,-3.57972939997079,3.57972939997079,3.7995,12.340757267219296
715777.0,2.5,-0.5026241911975438,0.5026241911975438,001449_2014-06-19_17-01-27_260595134347_rgbf000116-resize,-3.7474293311868085,3.7474293311868085,3.452,8.994872108877228
715777.0,2.5,-0.2805619221580473,0.2805619221580473,001450_2014-06-19_17-02-03_260595134347_rgbf000203-resize,-3.79089606663749,3.79089606663749,4.0106666666667,12.34882649363641
715777.0,2.5,-0.1382134995837248,0.1382134995837248,002600_2014-06-24_14-27-04_094959634447_rgbf000074-resize,-3.0529293311868084,3.0529293311868084,2.7575,44.47386082434929
715777.0,2.5,-0.28585448267090696,0.28585448267090696,002209_2014-06-28_18-36-10_260595134347_rgbf000051-resize,-2.8676292624028266,2.8676292624028266,2.057,12.962068825921264
715777.0,2.5,-1.2379397237555332,1.2379397237555332,000009_2014-05-26_14-32-05_260595134347_rgbf000034-resize,-4.682129262402826,4.682129262402826,3.8715,34.796526826055185
715777.0,2.5,-0.1862244114378125,0.1862244114378125,000906_2014-06-08_13-35-43_260595134347_rgbf000155-resize,-3.1444293311868083,3.1444293311868083,2.8489999999999998,16.12201726422563
715777.0,2.5,-0.09676145546926868,0.09676145546926868,000927_2014-06-09_16-32-30_260595134347_rgbf000123-resize,-2.973929331186808,2.973929331186808,2.6785,11.715239650325241
715777.0,2.5,-0.8095792014122054,0.8095792014122054,002570_2014-06-24_13-59-54_094959634447_rgbf000059-resize,-4.332429331186808,4.332429331186808,4.037,41.596140375002705
715777.0,2.5,-1.1794993419273083,1.1794993419273083,002467_2014-06-28_20-38-07_260595134347_rgbf000026-resize,-5.037429331186808,5.037429331186808,4.742,15.331046216195933
715777.0,2.5,-0.6682347313550765,0.6682347313550765,002663_2014-06-13_15-50-26_094959634447_rgbf000075-resize,-4.52972939997079,4.52972939997079,4.7495,16.725954086732166
715777.0,2.5,-0.1046320967568189,0.1046320967568189,001092_2014-06-15_17-34-58_260595134347_rgbf000171-resize,-2.9889293311868084,2.9889293311868084,2.6935,9.164038324933468
390384.0,2.5,-1.7114576188532438,1.7114576188532438,001650_2014-06-20_12-09-00_260595134347_rgbf000087-resize,-4.242613951726806,4.242613951726806,1.9505,47.6804595860539
390384.0,2.5,-0.03508203824383549,0.03508203824383549,001244_2014-06-17_16-47-45_260595134347_rgbf000030-resize,-2.6099651045537247,2.6099651045537247,2.0425,6.7629638807870815
390384.0,2.5,-0.5043708333351699,0.5043708333351699,001150_2014-06-17_15-27-34_260595134347_rgbf000108-resize,-4.025082155496031,4.025082155496031,4.0325,11.088139074292139
390384.0,2.5,-0.4965001920476081,0.4965001920476081,002375_2014-06-28_20-13-44_260595134347_rgbf000032-resize,-4.010082155496031,4.010082155496031,4.0175,48.76103649676905
390384.0,2.5,-0.5453619483870076,0.5453619483870076,002568_2014-06-24_13-59-21_094959634447_rgbf000062-resize,-3.5824651045537252,3.5824651045537252,3.015,29.63840999388049
390384.0,2.5,-0.7258619885816129,0.7258619885816129,000788_2014-06-08_22-34-36_260595134347_rgbf000131-resize,-3.9264651045537247,3.9264651045537247,3.359,21.46386213810664
390384.0,2.5,-0.8840618784614835,0.8840618784614835,001235_2014-06-17_16-37-36_260595134347_rgbf000084-resize,-4.227965104553725,4.227965104553725,3.6605,14.547706659434104
390384.0,2.5,-0.02655912682397743,0.02655912682397743,001094_2014-06-15_17-36-00_260595134347_rgbf000205-resize,-3.6351992064383376,3.6351992064383376,4.2175,17.196771274488466
390384.0,2.5,-0.7381926599321179,0.7381926599321179,000780_2014-06-08_22-28-29_260595134347_rgbf000126-resize,-3.949965104553725,3.949965104553725,3.3825,14.165390776882042
390384.0,2.5,-0.4989889451469962,0.4989889451469962,000470_2014-06-09_19-42-40_260595134347_rgbf000094-resize,-2.973348053611418,2.973348053611418,1.831,22.486379427626872
390384.0,2.5,-0.8238478559700142,0.8238478559700142,000109_2014-05-14_23-41-52_260595134347_rgbf000035-resize,-3.0717310026691123,3.0717310026691123,1.3545,6.620498200896815
390384.0,2.5,-0.7986618038498361,0.7986618038498361,002509_2014-06-24_13-19-22_094959634447_rgbf000077-resize,-3.023731002669112,3.023731002669112,1.3065,40.21868783296904
390384.0,2.5,-1.0014619943591838,1.0014619943591838,003338_2014-05-20_11-01-23_094959634447_rgbf000051-resize,-3.410231002669112,3.410231002669112,1.693,28.251495663089063
390384.0,2.5,-1.0600545461665545,1.0600545461665545,002784_2014-06-22_19-26-30_094959634447_rgbf000083-resize,-3.521897669335812,3.521897669335812,1.8046666666667,3.0422522474895675
390384.0,2.5,-0.7135950975876784,0.7135950975876784,001100_2014-06-15_17-46-26_260595134347_rgbf000225-resize,-3.3823480536114188,3.3823480536114188,2.24,9.548860596737413
390384.0,2.5,-0.4050659591154995,0.4050659591154995,000469_2014-06-09_19-42-10_260595134347_rgbf000081-resize,-2.7943480536114182,2.7943480536114182,1.652,25.13136208408983
390384.0,2.5,-0.8146654411345308,0.8146654411345308,000483_2014-06-09_20-41-45_260595134347_rgbf000116-resize,-3.054231002669112,3.054231002669112,1.337,29.232414989368262
390384.0,2.5,-0.4255296264631476,0.4255296264631476,002964_2014-06-08_17-46-11_094959634447_rgbf000091-resize,-2.8333480536114184,2.8333480536114184,1.6909999999999998,28.953812917975768
390384.0,2.5,-0.5651023319624606,0.5651023319624606,002136_2014-06-25_21-18-03_260595134347_rgbf000109-resize,-3.0993480536114184,3.0993480536114184,1.9569999999999999,13.297078442475444
390384.0,2.5,-0.12651627117594322,0.12651627117594322,002039_2014-06-24_20-22-38_260595134347_rgbf000084-resize,-3.8256992064383377,3.8256992064383377,4.408,15.524303639345458
390384.0,2.5,-0.4682296637689671,0.4682296637689671,000929_2014-06-09_16-33-19_260595134347_rgbf000139-resize,-3.435465104553725,3.435465104553725,2.8680000000000003,19.501338012209015
390384.0,2.5,-0.30314477108332805,0.30314477108332805,000457_2014-06-08_16-52-43_260595134347_rgbf000199-resize,-3.6415821554960313,3.6415821554960313,3.6489999999999996,14.067279821032837
390384.0,2.5,-0.2407043502020477,0.2407043502020477,001584_2014-06-20_11-07-43_260595134347_rgbf000002-resize,-3.5225821554960306,3.5225821554960306,3.53,17.602834139105468
390384.0,2.5,-0.30078357869705863,0.30078357869705863,003490_2014-05-21_15-50-11_094959634447_rgbf000101-resize,-3.637082155496031,3.637082155496031,3.6445,19.999457360175192
390384.0,2.5,-0.9024668172756909,0.9024668172756909,002279_2014-06-28_18-55-32_260595134347_rgbf000040-resize,-3.2215643360024115,3.2215643360024115,1.5043333333333,15.963772282558683
390384.0,2.5,-0.11510022466731272,0.11510022466731272,002725_2014-06-22_11-47-51_094959634447_rgbf000070-resize,-2.7624651045537245,2.7624651045537245,2.195,3.938570017428758
390384.0,2.5,-1.5167904243410382,1.5167904243410382,002344_2014-06-28_20-06-29_260595134347_rgbf000030-resize,-3.8716139517268062,3.8716139517268062,1.5795,37.33165518125916
390384.0,2.5,-0.5042360393387026,0.5042360393387026,000549_2014-06-08_22-10-24_260595134347_rgbf000247-resize,-2.9833480536114183,2.9833480536114183,1.841,30.99307977870557
390384.0,2.5,-0.8077166579721886,0.8077166579721886,000736_2014-06-08_18-24-15_260595134347_rgbf000206-resize,-4.082465104553725,4.082465104553725,3.515,33.408170606136416
390384.0,2.5,-1.1604489483678009,1.1604489483678009,002199_2014-06-28_18-33-56_260595134347_rgbf000074-resize,-3.713231002669112,3.713231002669112,1.996,17.12852126070164
390384.0,2.5,-0.5851760838874042,0.5851760838874042,000917_2014-06-09_22-45-29_260595134347_rgbf000149-resize,-4.179082155496031,4.179082155496031,4.1865,9.740561609074897
390384.0,2.5,-0.061055154492769326,0.061055154492769326,000878_2014-06-08_22-52-45_260595134347_rgbf000045-resize,-2.6594651045537248,2.6594651045537248,2.092,5.576511521775202
390384.0,2.5,-0.9269532568369871,0.9269532568369871,002953_2014-06-08_17-32-18_094959634447_rgbf000059-resize,-3.268231002669112,3.268231002669112,1.551,13.905027931093345
390384.0,2.5,-0.02826081579462203,0.02826081579462203,002905_2014-06-03_18-04-43_094959634447_rgbf000151-resize,-2.5969651045537248,2.5969651045537248,2.0295,12.020604335789361
390384.0,2.5,-0.08506422706147733,0.08506422706147733,000414_2014-06-04_19-49-13_260595134347_rgbf000044-resize,-3.746699206438337,3.746699206438337,4.329,13.241348366125557
390384.0,2.5,-0.4006769426924605,0.4006769426924605,003129_2014-05-12_10-48-10_094959634447_rgbf000100-resize,-4.348199206438339,4.348199206438339,4.9305,17.9074543760639
390384.0,2.5,-0.3541053650994186,0.3541053650994186,001214_2014-06-17_16-13-55_260595134347_rgbf000111-resize,-3.2179651045537248,3.2179651045537248,2.6505,18.479282579459067
390384.0,2.5,-0.7102482667196315,0.7102482667196315,002272_2014-06-28_18-53-56_260595134347_rgbf000067-resize,-2.855231002669112,2.855231002669112,1.138,10.409245808146235
390384.0,2.5,-0.5142055183029418,0.5142055183029418,001571_2014-06-20_17-21-32_260595134347_rgbf000089-resize,-3.0023480536114184,3.0023480536114184,1.86,4.991960350191473
390384.0,2.5,-0.6914297412693998,0.6914297412693998,002444_2014-06-28_20-32-08_260595134347_rgbf000027-resize,-4.381582155496028,4.381582155496028,4.388999999999999,17.102760279009576
390384.0,2.5,-0.023410870308963383,0.023410870308963383,001133_2014-06-17_14-49-16_260595134347_rgbf000100-resize,-3.629199206438338,3.629199206438338,4.2115,26.759918254713728
390384.0,2.5,-0.5753341656362816,0.5753341656362816,000943_2014-06-09_19-31-07_260595134347_rgbf000128-resize,-3.1188480536114183,3.1188480536114183,1.9765,15.893099149291922
390384.0,2.5,-0.5731715476030395,0.5731715476030395,000854_2014-06-09_19-43-13_260595134347_rgbf000066-resize,-3.6354651045537247,3.6354651045537247,3.068,11.910827625938722
390384.0,2.5,-0.19852902231540348,0.19852902231540348,001164_2014-06-17_15-35-46_260595134347_rgbf000085-resize,-2.9214651045537248,2.9214651045537248,2.354,17.325668807481115
390384.0,2.5,-0.5387393002908206,0.5387393002908206,000734_2014-06-08_17-39-11_260595134347_rgbf000128-resize,-4.090582155496031,4.090582155496031,4.098,16.052231618370055
390384.0,2.5,-1.3574773352662748,1.3574773352662748,000522_2014-06-08_13-35-06_260595134347_rgbf000244-resize,-4.088731002669112,4.088731002669112,2.3715,25.742609854068213
390384.0,2.5,-0.5307338650068061,0.5307338650068061,002949_2014-06-26_15-57-42_094959634447_rgbf000079-resize,-3.0338480536114183,3.0338480536114183,1.8915,17.99500168321199
390384.0,2.5,-0.3950964801512679,0.3950964801512679,001555_2014-06-20_17-12-10_260595134347_rgbf000065-resize,-2.7753480536114186,2.7753480536114186,1.633,7.608284543781994
390384.0,2.5,-0.8613645794406921,0.8613645794406921,003534_2014-05-22_15-06-10_094959634447_rgbf000102-resize,-3.143231002669112,3.143231002669112,1.426,12.376994007247625
390384.0,2.5,-0.6777872963709738,0.6777872963709738,002414_2014-06-28_20-24-58_260595134347_rgbf000067-resize,-4.355582155496031,4.355582155496031,4.363,31.720662178139435
390384.0,2.5,-0.1055916747656823,0.1055916747656823,001032_2014-06-08_13-23-17_260595134347_rgbf000021-resize,-3.2650821554960308,3.2650821554960308,3.2725,15.984983178828962
390384.0,2.5,-0.7901388924299828,0.7901388924299828,003292_2014-05-14_21-53-49_094959634447_rgbf000100-resize,-4.048965104553725,4.048965104553725,3.4815,33.084282711345374
390384.0,2.5,-0.15747412690698734,0.15747412690698734,001570_2014-06-20_17-21-09_260595134347_rgbf000135-resize,-3.884699206438337,3.884699206438337,4.467,22.179510675592084
390384.0,2.5,-0.163770639937039,0.163770639937039,000447_2014-06-08_16-15-46_260595134347_rgbf000130-resize,-3.8966992064383374,3.8966992064383374,4.479,19.081432914605553
390384.0,2.5,-0.03469212282112244,0.03469212282112244,001066_2014-06-08_22-03-20_260595134347_rgbf000066-resize,-3.6506992064383383,3.6506992064383383,4.2330000000000005,19.743449467077777
390384.0,2.5,-0.2440511810700944,0.2440511810700944,000742_2014-06-08_18-48-09_260595134347_rgbf000164-resize,-4.049699206438337,4.049699206438337,4.632,18.91549953899407
390384.0,2.5,-0.8788785646263426,0.8788785646263426,002758_2014-06-22_19-11-20_094959634447_rgbf000128-resize,-3.6973480536114174,3.6973480536114174,2.555,7.204478276142114
390384.0,2.5,-0.31271710134151864,0.31271710134151864,002549_2014-06-24_13-41-39_094959634447_rgbf000022-resize,-2.6183480536114185,2.6183480536114185,1.476,4.1736441355391865
390384.0,2.5,-0.9709650676907412,0.9709650676907412,001806_2014-06-26_20-50-20_260595134347_rgbf000091-resize,-3.8728480536114183,3.8728480536114183,2.7305,13.909869710567438
390384.0,2.5,-0.1934805024767224,0.1934805024767224,000493_2014-06-09_21-01-18_260595134347_rgbf000196-resize,-3.4325821554960307,3.4325821554960307,3.44,19.629285382994567
390384.0,2.5,-0.38211353866846987,0.38211353866846987,000191_2014-05-12_17-07-38_260595134347_rgbf000199-resize,-3.792082155496031,3.792082155496031,3.7995,12.340757267219296
390384.0,2.5,-0.4102492729506413,0.4102492729506413,002600_2014-06-24_14-27-04_094959634447_rgbf000074-resize,-3.3249651045537245,3.3249651045537245,2.7575,44.47386082434929
390384.0,2.5,-1.1457570846310303,1.1457570846310303,003228_2014-05-14_13-42-35_094959634447_rgbf000101-resize,-3.685231002669112,3.685231002669112,1.9680000000000002,14.40337638638131
390384.0,2.5,-1.4175565637612748,1.4175565637612748,000368_2014-06-09_15-53-01_260595134347_rgbf000155-resize,-4.203231002669112,4.203231002669112,2.4859999999999998,21.090700959072958
390384.0,2.5,-0.6175732738794988,0.6175732738794988,002209_2014-06-28_18-36-10_260595134347_rgbf000051-resize,-3.199348053611418,3.199348053611418,2.057,12.962068825921264
390384.0,2.5,-0.34584480838915754,0.34584480838915754,001828_2014-06-26_21-40-03_260595134347_rgbf000024-resize,-4.243699206438338,4.243699206438338,4.8260000000000005,35.55232951340613
390384.0,2.5,-0.4362861695561395,0.4362861695561395,001110_2014-06-15_17-25-28_260595134347_rgbf000150-resize,-2.8538480536114186,2.8538480536114186,1.7115,9.336195527413247
390384.0,2.5,-1.081614974779122,1.081614974779122,002570_2014-06-24_13-59-54_094959634447_rgbf000059-resize,-4.604465104553724,4.604465104553724,4.037,41.596140375002705
390384.0,2.5,-0.8766521662365311,0.8766521662365311,002467_2014-06-28_20-38-07_260595134347_rgbf000026-resize,-4.734582155496031,4.734582155496031,4.742,15.331046216195933
390384.0,2.5,-0.14527101626961048,0.14527101626961048,001810_2014-06-26_20-51-35_260595134347_rgbf000040-resize,-2.8199651045537246,2.8199651045537246,2.2525,22.411391411207674
390384.0,2.5,-0.30570453782262386,0.30570453782262386,002663_2014-06-13_15-50-26_094959634447_rgbf000075-resize,-4.1671992064383385,4.1671992064383385,4.7495,16.725954086732166
390384.0,2.5,-0.37666787012373537,0.37666787012373537,001092_2014-06-15_17-34-58_260595134347_rgbf000171-resize,-3.2609651045537245,3.2609651045537245,2.6935,9.164038324933468
390384.0,2.5,-1.0841037278785155,1.0841037278785155,001167_2014-06-17_15-38-07_260595134347_rgbf000108-resize,-3.5677310026691123,3.5677310026691123,1.8505,12.019050657019696
390384.0,2.5,-0.8251596295179391,0.8251596295179391,003587_2014-05-23_16-48-02_094959634447_rgbf002384-resize,-3.074231002669112,3.074231002669112,1.357,20.788172722830538
227673.0,2.5,-0.08775480455247724,0.08775480455247724,001029_2014-06-08_13-17-57_260595134347_rgbf000065-resize,-3.1574153655060178,3.1574153655060178,3.0835,18.209734661918688
227673.0,2.5,-0.7028724660113332,0.7028724660113332,000677_2014-06-08_23-10-32_260595134347_rgbf000158-resize,-3.9971078264068813,3.9971078264068813,3.556,19.65196273325612
227673.0,2.5,-0.529664268012306,0.529664268012306,001417_2014-06-19_16-25-36_260595134347_rgbf000115-resize,-4.332222904605155,4.332222904605155,4.6255,49.17091269608214
227673.0,2.5,-0.2276439544341815,0.2276439544341815,001650_2014-06-20_12-09-00_260595134347_rgbf000087-resize,-2.758800287307744,2.758800287307744,1.9505,47.6804595860539
227673.0,2.5,-0.8475340435111649,0.8475340435111649,001158_2014-06-17_15-32-16_260595134347_rgbf000138-resize,-4.605415365506018,4.605415365506018,4.5315,26.954451973303737
227673.0,2.5,-0.6430015025531075,0.6430015025531075,000556_2014-06-09_22-42-56_260595134347_rgbf000214-resize,-4.548222904605153,4.548222904605153,4.8415,23.88242025565649
227673.0,2.5,-0.95289650424602,0.95289650424602,001150_2014-06-17_15-27-34_260595134347_rgbf000108-resize,-4.473607826406881,4.473607826406881,4.0325,11.088139074292139
227673.0,2.5,-0.4410424658453263,0.4410424658453263,000665_2014-06-09_20-42-35_260595134347_rgbf000110-resize,-3.4981078264068812,3.4981078264068812,3.057,18.49880761375764
227673.0,2.5,-0.9450258629584584,0.9450258629584584,002375_2014-06-28_20-13-44_260595134347_rgbf000032-resize,-4.4586078264068805,4.4586078264068805,4.0175,48.76103649676905
227673.0,2.5,-0.0518122093393008,0.0518122093393008,002568_2014-06-24_13-59-21_094959634447_rgbf000062-resize,-3.088915365506018,3.088915365506018,3.015,29.63840999388049
227673.0,2.5,-0.2323122495339061,0.2323122495339061,000788_2014-06-08_22-34-36_260595134347_rgbf000131-resize,-3.432915365506018,3.432915365506018,3.359,21.46386213810664
227673.0,2.5,-0.3905121394137768,0.3905121394137768,001235_2014-06-17_16-37-36_260595134347_rgbf000084-resize,-3.7344153655060177,3.7344153655060177,3.6605,14.547706659434104
227673.0,2.5,-0.023582033222494525,0.023582033222494525,000692_2014-06-08_13-09-42_260595134347_rgbf000199-resize,-3.367722904605155,3.367722904605155,3.661,54.80046590295557
227673.0,2.5,-0.3155828249907948,0.3155828249907948,001094_2014-06-15_17-36-00_260595134347_rgbf000205-resize,-3.924222904605155,3.924222904605155,4.2175,17.196771274488466
227673.0,2.5,-0.24464292088441125,0.24464292088441125,000780_2014-06-08_22-28-29_260595134347_rgbf000126-resize,-3.4564153655060177,3.4564153655060177,3.3825,14.165390776882042
227673.0,2.5,-0.15112383080518665,0.15112383080518665,002784_2014-06-22_19-26-30_094959634447_rgbf000083-resize,-2.612966953974444,2.612966953974444,1.8046666666667,3.0422522474895675
227673.0,2.5,-0.3795473312840041,0.3795473312840041,001100_2014-06-15_17-46-26_260595134347_rgbf000225-resize,-3.0483002873077436,3.0483002873077436,2.24,9.548860596737413
227673.0,2.5,-0.0710181928118252,0.0710181928118252,000469_2014-06-09_19-42-10_260595134347_rgbf000081-resize,-2.460300287307744,2.460300287307744,1.652,25.13136208408983
227673.0,2.5,-0.09148186015947336,0.09148186015947336,002964_2014-06-08_17-46-11_094959634447_rgbf000091-resize,-2.499300287307744,2.499300287307744,1.6909999999999998,28.953812917975768
227673.0,2.5,-0.0020689470365136127,0.0020689470365136127,002213_2014-06-28_18-37-58_260595134347_rgbf000055-resize,-3.326722904605155,3.326722904605155,3.62,11.387296889913552
227673.0,2.5,-0.2817390674543203,0.2817390674543203,000691_2014-06-08_13-08-50_260595134347_rgbf000132-resize,-3.8597229046051553,3.8597229046051553,4.1530000000000005,14.740846212587924
227673.0,2.5,-0.3844779810933153,0.3844779810933153,000457_2014-06-08_16-52-43_260595134347_rgbf000199-resize,-3.722915365506018,3.722915365506018,3.6489999999999996,14.067279821032837
227673.0,2.5,-0.1928008209049401,0.1928008209049401,003621_2014-05-23_18-06-08_094959634447_rgbf000101-resize,-3.6902229046051542,3.6902229046051542,3.9835,23.07176470133362
227673.0,2.5,-0.6892300211128979,0.6892300211128979,001584_2014-06-20_11-07-43_260595134347_rgbf000002-resize,-3.9711078264068806,3.9711078264068806,3.53,17.602834139105468
227673.0,2.5,-0.7024518891105527,0.7024518891105527,001175_2014-06-17_15-45-55_260595134347_rgbf000129-resize,-4.328915365506018,4.328915365506018,4.255,15.34903910495583
227673.0,2.5,-0.38211678870704585,0.38211678870704585,003490_2014-05-21_15-50-11_094959634447_rgbf000101-resize,-3.7184153655060177,3.7184153655060177,3.6445,19.999457360175192
227673.0,2.5,-0.032976759921975914,0.032976759921975914,002344_2014-06-28_20-06-29_260595134347_rgbf000030-resize,-2.387800287307744,2.387800287307744,1.5795,37.33165518125916
227673.0,2.5,-0.31416691892448184,0.31416691892448184,000736_2014-06-08_18-24-15_260595134347_rgbf000206-resize,-3.588915365506018,3.588915365506018,3.515,33.408170606136416
227673.0,2.5,-0.08917071061878934,0.08917071061878934,000137_2014-05-20_17-04-49_260595134347_rgbf000120-resize,-3.492722904605155,3.492722904605155,3.786,14.89611111351161
227673.0,2.5,-0.2515182330064329,0.2515182330064329,002199_2014-06-28_18-33-56_260595134347_rgbf000074-resize,-2.8043002873077443,2.8043002873077443,1.996,17.12852126070164
227673.0,2.5,-0.01802254147561944,0.01802254147561944,002953_2014-06-08_17-32-18_094959634447_rgbf000059-resize,-2.359300287307744,2.359300287307744,1.551,13.905027931093345
227673.0,2.5,-0.17905424348811574,0.17905424348811574,003423_2014-05-21_10-23-26_094959634447_rgbf002665-resize,-3.3314153655060177,3.3314153655060177,3.2575,35.43119222475438
227673.0,2.5,-0.3740879252282947,0.3740879252282947,000414_2014-06-04_19-49-13_260595134347_rgbf000044-resize,-4.035722904605155,4.035722904605155,4.329,13.241348366125557
227673.0,2.5,-0.32250817995841485,0.32250817995841485,003129_2014-05-12_10-48-10_094959634447_rgbf000100-resize,-4.270030443704292,4.270030443704292,4.9305,17.9074543760639
227673.0,2.5,-0.9711031117257868,0.9711031117257868,002988_2014-06-15_12-24-20_094959634447_rgbf000150-resize,-4.840915365506018,4.840915365506018,4.7669999999999995,14.460306569198616
227673.0,2.5,-0.2562906606245492,0.2562906606245492,001052_2014-06-08_18-24-54_260595134347_rgbf000130-resize,-3.8112229046051542,3.8112229046051542,4.1045,25.87613690895519
227673.0,2.5,-0.2277480869525748,0.2277480869525748,001214_2014-06-17_16-13-55_260595134347_rgbf000111-resize,-3.0916078264068814,3.0916078264068814,2.6505,18.479282579459067
227673.0,2.5,-0.18015775199926756,0.18015775199926756,001571_2014-06-20_17-21-32_260595134347_rgbf000089-resize,-2.668300287307744,2.668300287307744,1.86,4.991960350191473
227673.0,2.5,-0.6056430012736236,0.6056430012736236,000436_2014-06-09_22-25-11_260595134347_rgbf000137-resize,-4.144415365506018,4.144415365506018,4.0705,20.69156545677159
227673.0,2.5,-0.405570490378524,0.405570490378524,002444_2014-06-28_20-32-08_260595134347_rgbf000027-resize,-4.095722904605154,4.095722904605154,4.388999999999999,17.102760279009576
227673.0,2.5,-0.6796270293766438,0.6796270293766438,001133_2014-06-17_14-49-16_260595134347_rgbf000100-resize,-4.285415365506018,4.285415365506018,4.2115,26.759918254713728
227673.0,2.5,-0.8062402215878928,0.8062402215878928,001132_2014-06-17_14-48-54_260595134347_rgbf000100-resize,-4.194107826406881,4.194107826406881,3.753,14.398279213278778
227673.0,2.5,-0.02662615721912691,0.02662615721912691,002057_2014-06-24_21-00-13_260595134347_rgbf000120-resize,-3.040915365506018,3.040915365506018,2.967,10.990036854719376
227673.0,2.5,-0.4468142694561957,0.4468142694561957,000854_2014-06-09_19-43-13_260595134347_rgbf000066-resize,-3.5091078264068813,3.5091078264068813,3.068,11.910827625938722
227673.0,2.5,-0.0721717441685597,0.0721717441685597,001164_2014-06-17_15-35-46_260595134347_rgbf000085-resize,-2.7951078264068805,2.7951078264068805,2.354,17.325668807481115
227673.0,2.5,-0.15140286646328255,0.15140286646328255,002153_2014-06-25_21-27-18_260595134347_rgbf000038-resize,-2.9461078264068807,2.9461078264068807,2.505,17.28886317575377
227673.0,2.5,-0.3461741934938836,0.3461741934938836,002660_2014-06-13_15-44-18_094959634447_rgbf001878-resize,-3.649915365506018,3.649915365506018,3.576,15.11997681444361
227673.0,2.5,-1.3544574321025342,1.3544574321025342,000734_2014-06-08_17-39-11_260595134347_rgbf000128-resize,-4.906300287307744,4.906300287307744,4.098,16.052231618370055
227673.0,2.5,-0.4485466199049073,0.4485466199049073,000522_2014-06-08_13-35-06_260595134347_rgbf000244-resize,-3.1798002873077436,3.1798002873077436,2.3715,25.742609854068213
227673.0,2.5,-0.1966860987031317,0.1966860987031317,002949_2014-06-26_15-57-42_094959634447_rgbf000079-resize,-2.699800287307744,2.699800287307744,1.8915,17.99500168321199
227673.0,2.5,-0.1570164478829677,0.1570164478829677,000866_2014-06-09_20-45-42_260595134347_rgbf000139-resize,-3.289415365506018,3.289415365506018,3.2155,8.082259189449621
227673.0,2.5,-0.061048713847593576,0.061048713847593576,001555_2014-06-20_17-12-10_260595134347_rgbf000065-resize,-2.441300287307744,2.441300287307744,1.633,7.608284543781994
227673.0,2.5,-0.2512558782968464,0.2512558782968464,002637_2014-06-24_14-51-13_094959634447_rgbf000066-resize,-2.803800287307744,2.803800287307744,1.9955,10.972027795242447
227673.0,2.5,-1.0791932520748704,1.0791932520748704,000773_2014-06-08_22-24-54_260595134347_rgbf000093-resize,-5.046915365506019,5.046915365506019,4.973,21.45352631724976
227673.0,2.5,-0.759120506380961,0.759120506380961,002414_2014-06-28_20-24-58_260595134347_rgbf000067-resize,-4.436915365506018,4.436915365506018,4.363,31.720662178139435
227673.0,2.5,-0.10601550170504576,0.10601550170504576,001059_2014-06-08_21-53-27_260595134347_rgbf000061-resize,-2.8596078264068807,2.8596078264068807,2.4185,8.755513319222857
227673.0,2.5,-0.18692488477566954,0.18692488477566954,001032_2014-06-08_13-23-17_260595134347_rgbf000021-resize,-3.346415365506018,3.346415365506018,3.2725,15.984983178828962
227673.0,2.5,-0.6637816142831391,0.6637816142831391,003292_2014-05-14_21-53-49_094959634447_rgbf000100-resize,-3.9226078264068813,3.9226078264068813,3.4815,33.084282711345374
227673.0,2.5,-0.5883275904410068,0.5883275904410068,002639_2014-06-24_14-51-37_094959634447_rgbf000074-resize,-4.1114153655060175,4.1114153655060175,4.0375,16.521406794569987
227673.0,2.5,-0.8136902859746677,0.8136902859746677,001570_2014-06-20_17-21-09_260595134347_rgbf000135-resize,-4.5409153655060175,4.5409153655060175,4.467,22.179510675592084
227673.0,2.5,-0.08560187720299339,0.08560187720299339,000447_2014-06-08_16-15-46_260595134347_rgbf000130-resize,-3.8185304437042924,3.8185304437042924,4.479,19.081432914605553
227673.0,2.5,-0.32371582098793983,0.32371582098793983,001066_2014-06-08_22-03-20_260595134347_rgbf000066-resize,-3.9397229046051554,3.9397229046051554,4.2330000000000005,19.743449467077777
227673.0,2.5,-0.5330748792369118,0.5330748792369118,000742_2014-06-08_18-48-09_260595134347_rgbf000164-resize,-4.338722904605154,4.338722904605154,4.632,18.91549953899407
227673.0,2.5,-0.416118768434733,0.416118768434733,002630_2014-06-24_14-47-50_094959634447_rgbf000055-resize,-3.4506078264068814,3.4506078264068814,3.0095,10.661401196716628
227673.0,2.5,-0.17763833742180518,0.17763833742180518,002758_2014-06-22_19-11-20_094959634447_rgbf000128-resize,-2.996107826406881,2.996107826406881,2.555,7.204478276142114
227673.0,2.5,-0.07217174416855948,0.07217174416855948,002750_2014-06-22_19-08-03_094959634447_rgbf000094-resize,-2.7951078264068805,2.7951078264068805,2.354,8.789636111124727
227673.0,2.5,-0.1125743694446762,0.1125743694446762,000502_2014-06-08_23-02-32_260595134347_rgbf000063-resize,-2.8721078264068813,2.8721078264068813,2.431,13.897287578908273
227673.0,2.5,-0.2751801997146779,0.2751801997146779,003083_2014-06-15_15-21-03_094959634447_rgbf000063-resize,-3.847222904605155,3.847222904605155,4.1405,19.172834459547143
227673.0,2.5,-0.26972484048620365,0.26972484048620365,001806_2014-06-26_20-50-20_260595134347_rgbf000091-resize,-3.171607826406881,3.171607826406881,2.7305,13.909869710567438
227673.0,2.5,-1.193371640417235,1.193371640417235,001617_2014-06-20_11-35-32_260595134347_rgbf000066-resize,-4.599300287307744,4.599300287307744,3.7910000000000004,19.974169961071475
227673.0,2.5,-0.6483026864176165,0.6483026864176165,001449_2014-06-19_17-01-27_260595134347_rgbf000116-resize,-3.8931078264068812,3.8931078264068812,3.452,8.994872108877228
227673.0,2.5,-0.20705542679241207,0.20705542679241207,001450_2014-06-19_17-02-03_260595134347_rgbf000203-resize,-3.7173895712718554,3.7173895712718554,4.0106666666667,12.34882649363641
227673.0,2.5,-0.2368263692696626,0.2368263692696626,003228_2014-05-14_13-42-35_094959634447_rgbf000101-resize,-2.776300287307744,2.776300287307744,1.9680000000000002,14.40337638638131
227673.0,2.5,-0.14143338749904416,0.14143338749904416,000368_2014-06-09_15-53-01_260595134347_rgbf000155-resize,-2.927107826406881,2.927107826406881,2.4859999999999998,21.090700959072958
227673.0,2.5,-0.13403336595786142,0.13403336595786142,000009_2014-05-26_14-32-05_260595134347_rgbf000034-resize,-3.578222904605155,3.578222904605155,3.8715,34.796526826055185
227673.0,2.5,-1.0020609674568381,1.0020609674568381,001828_2014-06-26_21-40-03_260595134347_rgbf000024-resize,-4.899915365506018,4.899915365506018,4.8260000000000005,35.55232951340613
227673.0,2.5,-0.11949972441228468,0.11949972441228468,002805_2014-06-22_19-54-03_094959634447_rgbf000079-resize,-3.217915365506018,3.217915365506018,3.1439999999999997,7.377848172936663
227673.0,2.5,-0.24243995068934135,0.24243995068934135,000927_2014-06-09_16-32-30_260595134347_rgbf000123-resize,-3.1196078264068814,3.1196078264068814,2.6785,11.715239650325241
227673.0,2.5,-0.22087277483055207,0.22087277483055207,002570_2014-06-24_13-59-54_094959634447_rgbf000059-resize,-3.7437229046051543,3.7437229046051543,4.037,41.596140375002705
227673.0,2.5,-0.22360045444479226,0.22360045444479226,002467_2014-06-28_20-38-07_260595134347_rgbf000026-resize,-4.081530443704292,4.081530443704292,4.742,15.331046216195933
227673.0,2.5,-0.0189137381227667,0.0189137381227667,001810_2014-06-26_20-51-35_260595134347_rgbf000040-resize,-2.693607826406881,2.693607826406881,2.2525,22.411391411207674
227673.0,2.5,-0.10611963422343587,0.10611963422343587,003010_2014-06-15_12-54-35_094959634447_rgbf000112-resize,-3.192415365506018,3.192415365506018,3.1185,6.696951333567531
227673.0,2.5,-0.22753577508857825,0.22753577508857825,002663_2014-06-13_15-50-26_094959634447_rgbf000075-resize,-4.089030443704292,4.089030443704292,4.7495,16.725954086732166
227673.0,2.5,-0.06162346611234847,0.06162346611234847,000409_2014-06-04_19-23-33_260595134347_rgbf000067-resize,-3.4402229046051547,3.4402229046051547,3.7335,12.696549983566419
227673.0,2.5,-0.2503105919768916,0.2503105919768916,001092_2014-06-15_17-34-58_260595134347_rgbf000171-resize,-3.1346078264068806,3.1346078264068806,2.6935,9.164038324933468
227673.0,2.5,-0.1751730125171478,0.1751730125171478,001167_2014-06-17_15-38-07_260595134347_rgbf000108-resize,-2.658800287307744,2.658800287307744,1.8505,12.019050657019696
236755.0,2.5,-0.06779842262253066,0.06779842262253066,001516_2014-06-20_16-25-09_260595134347_rgbf000076-resize,-2.50104489584519,2.50104489584519,1.7445,3.8622659094666254
236755.0,2.5,-1.1249492048937393,1.1249492048937393,001417_2014-06-19_16-25-36_260595134347_rgbf000115-resize,-4.927507841486588,4.927507841486588,4.6255,49.17091269608214
236755.0,2.5,-0.29629433466668,0.29629433466668,003081_2014-06-15_15-19-16_094959634447_rgbf000150-resize,-3.7599707871279864,3.7599707871279864,3.9125,16.632991649560594
236755.0,2.5,-0.4681170351102486,0.4681170351102486,000682_2014-06-08_23-14-58_260595134347_rgbf000041-resize,-3.36691063225554,3.36691063225554,2.7239999999999998,8.707843071693064
236755.0,2.5,-0.630425617330229,0.630425617330229,001650_2014-06-20_12-09-00_260595134347_rgbf000087-resize,-3.161581950203791,3.161581950203791,1.9505,47.6804595860539
236755.0,2.5,-0.3377960931249512,0.3377960931249512,001244_2014-06-17_16-47-45_260595134347_rgbf000030-resize,-2.91267915943484,2.91267915943484,2.0425,6.7629638807870815
236755.0,2.5,-0.3462607925102084,0.3462607925102084,003495_2014-05-21_16-01-51_094959634447_rgbf000100-resize,-2.7229476866141407,2.7229476866141407,1.6255,12.747278812179
236755.0,2.5,-1.0331944052174664,1.0331944052174664,002375_2014-06-28_20-13-44_260595134347_rgbf000032-resize,-4.546776368665889,4.546776368665889,4.0175,48.76103649676905
236755.0,2.5,-0.5071732124991719,0.5071732124991719,002568_2014-06-24_13-59-21_094959634447_rgbf000062-resize,-3.544276368665889,3.544276368665889,3.015,29.63840999388049
236755.0,2.5,-0.6876732526937772,0.6876732526937772,000788_2014-06-08_22-34-36_260595134347_rgbf000131-resize,-3.8882763686658888,3.8882763686658888,3.359,21.46386213810664
236755.0,2.5,-1.3004101969322497,1.3004101969322497,001235_2014-06-17_16-37-36_260595134347_rgbf000084-resize,-4.6443134230244905,4.6443134230244905,3.6605,14.547706659434104
236755.0,2.5,-0.1131857873807678,0.1131857873807678,000470_2014-06-09_19-42-40_260595134347_rgbf000094-resize,-2.58754489584519,2.58754489584519,1.831,22.486379427626872
236755.0,2.5,-0.09043027632539324,0.09043027632539324,000109_2014-05-14_23-41-52_260595134347_rgbf000035-resize,-2.338313423024491,2.338313423024491,1.3545,6.620498200896815
236755.0,2.5,-0.2925127513845158,0.2925127513845158,002509_2014-06-24_13-19-22_094959634447_rgbf000077-resize,-2.5175819502037915,2.5175819502037915,1.3065,40.21868783296904
236755.0,2.5,-0.2680444147145629,0.2680444147145629,003338_2014-05-20_11-01-23_094959634447_rgbf000051-resize,-2.6768134230244907,2.6768134230244907,1.693,28.251495663089063
236755.0,2.5,-0.3266369665219334,0.3266369665219334,002784_2014-06-22_19-26-30_094959634447_rgbf000083-resize,-2.7884800896911908,2.7884800896911908,1.8046666666667,3.0422522474895675
236755.0,2.5,-0.6686947305904012,0.6686947305904012,001100_2014-06-15_17-46-26_260595134347_rgbf000225-resize,-3.3374476866141416,3.3374476866141416,2.24,9.548860596737413
236755.0,2.5,-0.4737998557078726,0.4737998557078726,000469_2014-06-09_19-42-10_260595134347_rgbf000081-resize,-2.8630819502037914,2.8630819502037914,1.652,25.13136208408983
236755.0,2.5,-0.3085163886692105,0.3085163886692105,000483_2014-06-09_20-41-45_260595134347_rgbf000116-resize,-2.5480819502037915,2.5480819502037915,1.337,29.232414989368262
236755.0,2.5,-0.6078977866451714,0.6078977866451714,002964_2014-06-08_17-46-11_094959634447_rgbf000091-resize,-3.0157162137934415,3.0157162137934415,1.6909999999999998,28.953812917975768
236755.0,2.5,-0.5202019649651834,0.5202019649651834,002136_2014-06-25_21-18-03_260595134347_rgbf000109-resize,-3.054447686614141,3.054447686614141,1.9569999999999999,13.297078442475444
236755.0,2.5,-1.3063750065741768,1.3063750065741768,002103_2014-06-25_20-00-40_260595134347_rgbf000049-resize,-4.86154489584519,4.86154489584519,4.105,11.598018874569219
236755.0,2.5,-0.6573094550604324,0.6573094550604324,000929_2014-06-09_16-33-19_260595134347_rgbf000139-resize,-3.6245448958451902,3.6245448958451902,2.8680000000000003,19.501338012209015
236755.0,2.5,-0.38530192989458456,0.38530192989458456,000457_2014-06-08_16-52-43_260595134347_rgbf000199-resize,-3.723739314307288,3.723739314307288,3.6489999999999996,14.067279821032837
236755.0,2.5,-0.3829407375083152,0.3829407375083152,003490_2014-05-21_15-50-11_094959634447_rgbf000101-resize,-3.7192393143072873,3.7192393143072873,3.6445,19.999457360175192
236755.0,2.5,-0.2826835012207204,0.2826835012207204,002279_2014-06-28_18-55-32_260595134347_rgbf000040-resize,-2.601781019947441,2.601781019947441,1.5043333333333,15.963772282558683
236755.0,2.5,-0.11677436463187385,0.11677436463187385,003048_2014-06-15_13-49-43_094959634447_rgbf000150-resize,-3.623702259948685,3.623702259948685,4.0035,24.355606534500392
236755.0,2.5,-0.5314485431380789,0.5314485431380789,002725_2014-06-22_11-47-51_094959634447_rgbf000070-resize,-3.178813423024491,3.178813423024491,2.195,3.938570017428758
236755.0,2.5,-0.43575842281802335,0.43575842281802335,002344_2014-06-28_20-06-29_260595134347_rgbf000030-resize,-2.790581950203792,2.790581950203792,1.5795,37.33165518125916
236755.0,2.5,-0.5729699359310758,0.5729699359310758,000549_2014-06-08_22-10-24_260595134347_rgbf000247-resize,-3.0520819502037915,3.0520819502037915,1.841,30.99307977870557
236755.0,2.5,-1.1104307128533044,1.1104307128533044,000736_2014-06-08_18-24-15_260595134347_rgbf000206-resize,-4.38517915943484,4.38517915943484,3.515,33.408170606136416
236755.0,2.5,-0.9117241746795236,0.9117241746795236,000137_2014-05-20_17-04-49_260595134347_rgbf000120-resize,-4.315276368665889,4.315276368665889,3.786,14.89611111351161
236755.0,2.5,-0.5149051564296625,0.5149051564296625,002425_2014-06-28_20-27-29_260595134347_rgbf000031-resize,-3.9707393143072873,3.9707393143072873,3.8960000000000004,8.40495801096819
236755.0,2.5,-0.09494461506232664,0.09494461506232664,001056_2014-06-08_18-46-44_260595134347_rgbf000068-resize,-2.964507841486588,2.964507841486588,2.6625,11.38594592369452
236755.0,2.5,-0.54066563231283,0.54066563231283,002199_2014-06-28_18-33-56_260595134347_rgbf000074-resize,-3.093447686614141,3.093447686614141,1.996,17.12852126070164
236755.0,2.5,-0.21279618834005895,0.21279618834005895,000917_2014-06-09_22-45-29_260595134347_rgbf000149-resize,-3.806702259948685,3.806702259948685,4.1865,9.740561609074897
236755.0,2.5,-0.1935356771923662,0.1935356771923662,002953_2014-06-08_17-32-18_094959634447_rgbf000059-resize,-2.5348134230244908,2.5348134230244908,1.551,13.905027931093345
236755.0,2.5,-0.4446091342653882,0.4446091342653882,002905_2014-06-03_18-04-43_094959634447_rgbf000151-resize,-3.013313423024491,3.013313423024491,2.0295,12.020604335789361
236755.0,2.5,-0.1798781922893851,0.1798781922893851,003423_2014-05-21_10-23-26_094959634447_rgbf002665-resize,-3.3322393143072877,3.3322393143072877,3.2575,35.43119222475438
236755.0,2.5,-0.1486429418442069,0.1486429418442069,003129_2014-05-12_10-48-10_094959634447_rgbf000100-resize,-4.096165205590085,4.096165205590085,4.9305,17.9074543760639
236755.0,2.5,-0.04605765606623224,0.04605765606623224,000810_2014-06-08_17-20-01_260595134347_rgbf000105-resize,-2.3566791594348397,2.3566791594348397,1.4865,3.0958890116960642
236755.0,2.5,-0.7704536835701847,0.7704536835701847,001214_2014-06-17_16-13-55_260595134347_rgbf000111-resize,-3.6343134230244902,3.6343134230244902,2.6505,18.479282579459067
236755.0,2.5,-0.2040992142543112,0.2040992142543112,002272_2014-06-28_18-53-56_260595134347_rgbf000067-resize,-2.349081950203791,2.349081950203791,1.138,10.409245808146235
236755.0,2.5,-0.3556708877160143,0.3556708877160143,001571_2014-06-20_17-21-32_260595134347_rgbf000089-resize,-2.843813423024491,2.843813423024491,1.86,4.991960350191473
236755.0,2.5,-0.4834225912794474,0.4834225912794474,002995_2014-06-15_12-31-26_094959634447_rgbf000150-resize,-3.9107393143072873,3.9107393143072873,3.8360000000000003,27.231594395483473
236755.0,2.5,-0.4326841093117052,0.4326841093117052,002444_2014-06-28_20-32-08_260595134347_rgbf000027-resize,-4.122836523538335,4.122836523538335,4.388999999999999,17.102760279009576
236755.0,2.5,-0.1895310078700532,0.1895310078700532,000943_2014-06-09_19-31-07_260595134347_rgbf000128-resize,-2.7330448958451896,2.7330448958451896,1.9765,15.893099149291922
236755.0,2.5,-1.1031541296634562,1.1031541296634562,000854_2014-06-09_19-43-13_260595134347_rgbf000066-resize,-4.165447686614141,4.165447686614141,3.068,11.910827625938722
236755.0,2.5,-0.3876088136068687,0.3876088136068687,001164_2014-06-17_15-35-46_260595134347_rgbf000085-resize,-3.1105448958451896,3.1105448958451896,2.354,17.325668807481115
236755.0,2.5,-0.8513282828009547,0.8513282828009547,000522_2014-06-08_13-35-06_260595134347_rgbf000244-resize,-3.5825819502037914,3.5825819502037914,2.3715,25.742609854068213
236755.0,2.5,-0.14493070724057755,0.14493070724057755,002949_2014-06-26_15-57-42_094959634447_rgbf000079-resize,-2.6480448958451897,2.6480448958451897,1.8915,17.99500168321199
236755.0,2.5,-0.8396459782221397,0.8396459782221397,000866_2014-06-09_20-45-42_260595134347_rgbf000139-resize,-3.9720448958451895,3.9720448958451895,3.2155,8.082259189449621
236755.0,2.5,-0.3501961131539907,0.3501961131539907,001555_2014-06-20_17-12-10_260595134347_rgbf000065-resize,-2.7304476866141414,2.7304476866141414,1.633,7.608284543781994
236755.0,2.5,-0.35521552697537184,0.35521552697537184,003534_2014-05-22_15-06-10_094959634447_rgbf000102-resize,-2.6370819502037914,2.6370819502037914,1.426,12.376994007247625
236755.0,2.5,-0.5404032776032435,0.5404032776032435,002637_2014-06-24_14-51-13_094959634447_rgbf000066-resize,-3.0929476866141408,3.0929476866141408,1.9955,10.972027795242447
236755.0,2.5,-0.021623993735538805,0.021623993735538805,001016_2014-06-09_16-16-10_260595134347_rgbf000112-resize,-2.4130448958451898,2.4130448958451898,1.6565,7.049977084494088
236755.0,2.5,-0.30781830755370443,0.30781830755370443,001059_2014-06-08_21-53-27_260595134347_rgbf000061-resize,-3.0614106322555394,3.0614106322555394,2.4185,8.755513319222857
236755.0,2.5,-0.6422858879355406,0.6422858879355406,001032_2014-06-08_13-23-17_260595134347_rgbf000021-resize,-3.8017763686658888,3.8017763686658888,3.2725,15.984983178828962
236755.0,2.5,-0.4799079570370376,0.4799079570370376,000447_2014-06-08_16-15-46_260595134347_rgbf000130-resize,-4.2128365235383365,4.2128365235383365,4.479,19.081432914605553
236755.0,2.5,-0.8690221856933956,0.8690221856933956,001447_2014-06-19_17-00-32_260595134347_rgbf000082-resize,-4.439757841486588,4.439757841486588,4.13775,46.830399423560245
236755.0,2.5,-0.3794411432704639,0.3794411432704639,002758_2014-06-22_19-11-20_094959634447_rgbf000128-resize,-3.19791063225554,3.19791063225554,2.555,7.204478276142114
236755.0,2.5,-0.15418247075459113,0.15418247075459113,002549_2014-06-24_13-41-39_094959634447_rgbf000022-resize,-2.4598134230244906,2.4598134230244906,1.476,4.1736441355391865
236755.0,2.5,-0.1603402864275676,0.1603402864275676,002750_2014-06-22_19-08-03_094959634447_rgbf000094-resize,-2.8832763686658893,2.8832763686658893,2.354,8.789636111124727
236755.0,2.5,-0.4280114388829852,0.4280114388829852,000502_2014-06-08_23-02-32_260595134347_rgbf000063-resize,-3.1875448958451895,3.1875448958451895,2.431,13.897287578908273
236755.0,2.5,-0.8124304371038136,0.8124304371038136,001806_2014-06-26_20-50-20_260595134347_rgbf000091-resize,-3.7143134230244903,3.7143134230244903,2.7305,13.909869710567438
236755.0,2.5,-0.4598106674167781,0.4598106674167781,001617_2014-06-20_11-35-32_260595134347_rgbf000066-resize,-3.8657393143072873,3.8657393143072873,3.7910000000000004,19.974169961071475
236755.0,2.5,-0.7301747156465808,0.7301747156465808,000493_2014-06-09_21-01-18_260595134347_rgbf000196-resize,-3.9692763686658887,3.9692763686658887,3.44,19.629285382994567
236755.0,2.5,-0.6001704370448431,0.6001704370448431,000506_2014-06-08_23-21-00_260595134347_rgbf000070-resize,-4.133239314307287,4.133239314307287,4.0585,16.716212007621664
236755.0,2.5,-0.3478033093152437,0.3478033093152437,001450_2014-06-19_17-02-03_260595134347_rgbf000203-resize,-3.858137453794687,3.858137453794687,4.0106666666667,12.34882649363641
236755.0,2.5,-0.5993290642421065,0.5993290642421065,002600_2014-06-24_14-27-04_094959634447_rgbf000074-resize,-3.5140448958451898,3.5140448958451898,2.7575,44.47386082434929
236755.0,2.5,-0.5259737685760597,0.5259737685760597,003228_2014-05-14_13-42-35_094959634447_rgbf000101-resize,-3.0654476866141414,3.0654476866141414,1.9680000000000002,14.40337638638131
236755.0,2.5,-0.34323619334770283,0.34323619334770283,000368_2014-06-09_15-53-01_260595134347_rgbf000155-resize,-3.12891063225554,3.12891063225554,2.4859999999999998,21.090700959072958
236755.0,2.5,-0.3454043797029208,0.3454043797029208,002209_2014-06-28_18-36-10_260595134347_rgbf000051-resize,-2.92717915943484,2.92717915943484,2.057,12.962068825921264
236755.0,2.5,-1.457421970616709,1.457421970616709,001828_2014-06-26_21-40-03_260595134347_rgbf000024-resize,-5.35527636866589,5.35527636866589,4.8260000000000005,35.55232951340613
236755.0,2.5,-0.16411727537956156,0.16411727537956156,001110_2014-06-15_17-25-28_260595134347_rgbf000150-resize,-2.5816791594348403,2.5816791594348403,1.7115,9.336195527413247
236755.0,2.5,-0.4442427565380001,0.4442427565380001,000927_2014-06-09_16-32-30_260595134347_rgbf000123-resize,-3.32141063225554,3.32141063225554,2.6785,11.715239650325241
236755.0,2.5,-0.8161577117119855,0.8161577117119855,002570_2014-06-24_13-59-54_094959634447_rgbf000059-resize,-4.3390078414865885,4.3390078414865885,4.037,41.596140375002705
236755.0,2.5,-0.3343508075610757,0.3343508075610757,001810_2014-06-26_20-51-35_260595134347_rgbf000040-resize,-3.00904489584519,3.00904489584519,2.2525,22.411391411207674
236755.0,2.5,-0.08873708504552967,0.08873708504552967,000409_2014-06-04_19-23-33_260595134347_rgbf000067-resize,-3.467336523538336,3.467336523538336,3.7335,12.696549983566419
236755.0,2.5,-0.3384791342358997,0.3384791342358997,001092_2014-06-15_17-34-58_260595134347_rgbf000171-resize,-3.222776368665889,3.222776368665889,2.6935,9.164038324933468
236755.0,2.5,-0.16014728039651782,0.16014728039651782,002545_2014-06-24_13-38-53_094959634447_rgbf000080-resize,-2.67704489584519,2.67704489584519,1.9205,12.083824048628237
236755.0,2.5,-0.5779546754131952,0.5779546754131952,001167_2014-06-17_15-38-07_260595134347_rgbf000108-resize,-3.0615819502037915,3.0615819502037915,1.8505,12.019050657019696
236755.0,2.5,-0.4326448406422694,0.4326448406422694,003587_2014-05-23_16-48-02_094959634447_rgbf002384-resize,-2.6817162137934423,2.6817162137934423,1.357,20.788172722830538
645304.0,2.5,-0.3888453024163636,0.3888453024163636,001029_2014-06-08_13-17-57_260595134347_rgbf000065-resize,-3.4585058633699037,3.4585058633699037,3.0835,18.209734661918688
645304.0,2.5,-0.6367705029743567,0.6367705029743567,000677_2014-06-08_23-10-32_260595134347_rgbf000158-resize,-3.931005863369904,3.931005863369904,3.556,19.65196273325612
645304.0,2.5,-0.2434109585825298,0.2434109585825298,001516_2014-06-20_16-25-09_260595134347_rgbf000076-resize,-2.676657431805189,2.676657431805189,1.7445,3.8622659094666254
645304.0,2.5,-0.9193714425594128,0.9193714425594128,001417_2014-06-19_16-25-36_260595134347_rgbf000115-resize,-4.721930079152262,4.721930079152262,4.6255,49.17091269608214
645304.0,2.5,-0.5452536266909551,0.5452536266909551,003081_2014-06-15_15-19-16_094959634447_rgbf000150-resize,-4.008930079152262,4.008930079152262,3.9125,16.632991649560594
645304.0,2.5,-0.7573638346598981,0.7573638346598981,000682_2014-06-08_23-14-58_260595134347_rgbf000041-resize,-3.656157431805189,3.656157431805189,2.7239999999999998,8.707843071693064
645304.0,2.5,-0.9086526673669112,0.9086526673669112,001650_2014-06-20_12-09-00_260595134347_rgbf000087-resize,-3.4398090002404738,3.4398090002404738,1.9505,47.6804595860539
645304.0,2.5,-0.6783501497129419,0.6783501497129419,001244_2014-06-17_16-47-45_260595134347_rgbf000030-resize,-3.2532332160228314,3.2532332160228314,2.0425,6.7629638807870815
645304.0,2.5,-0.7381221061365408,0.7381221061365408,003495_2014-05-21_16-01-51_094959634447_rgbf000100-resize,-3.1148090002404736,3.1148090002404736,1.6255,12.747278812179
645304.0,2.5,-0.7541328928825717,0.7541328928825717,000556_2014-06-09_22-42-56_260595134347_rgbf000214-resize,-4.659354294934619,4.659354294934619,4.8415,23.88242025565649
645304.0,2.5,-0.32964297277375826,0.32964297277375826,001150_2014-06-17_15-27-34_260595134347_rgbf000108-resize,-3.8503542949346183,3.8503542949346183,4.0325,11.088139074292139
645304.0,2.5,-0.3749405028083496,0.3749405028083496,000665_2014-06-09_20-42-35_260595134347_rgbf000110-resize,-3.4320058633699038,3.4320058633699038,3.057,18.49880761375764
645304.0,2.5,-0.3217723314861965,0.3217723314861965,002375_2014-06-28_20-13-44_260595134347_rgbf000032-resize,-3.8353542949346187,3.8353542949346187,4.0175,48.76103649676905
645304.0,2.5,-0.5673741075584091,0.5673741075584091,000470_2014-06-09_19-42-40_260595134347_rgbf000094-resize,-3.0417332160228314,3.0417332160228314,1.831,22.486379427626872
645304.0,2.5,-0.3173500693237337,0.3173500693237337,000109_2014-05-14_23-41-52_260595134347_rgbf000035-resize,-2.5652332160228317,2.5652332160228317,1.3545,6.620498200896815
645304.0,2.5,-0.2921640172035556,0.2921640172035556,002509_2014-06-24_13-19-22_094959634447_rgbf000077-resize,-2.5172332160228312,2.5172332160228312,1.3065,40.21868783296904
645304.0,2.5,-0.7735399919305457,0.7735399919305457,003338_2014-05-20_11-01-23_094959634447_rgbf000051-resize,-3.182309000240473,3.182309000240473,1.693,28.251495663089063
645304.0,2.5,-0.5535567595202738,0.5535567595202738,002784_2014-06-22_19-26-30_094959634447_rgbf000083-resize,-3.0153998826895316,3.0153998826895316,1.8046666666667,3.0422522474895675
645304.0,2.5,-0.7819802599990913,0.7819802599990913,001100_2014-06-15_17-46-26_260595134347_rgbf000225-resize,-3.4507332160228312,3.4507332160228312,2.24,9.548860596737413
645304.0,2.5,-0.4734511215269124,0.4734511215269124,000469_2014-06-09_19-42-10_260595134347_rgbf000081-resize,-2.862733216022831,2.862733216022831,1.652,25.13136208408983
645304.0,2.5,-0.5867434387058926,0.5867434387058926,000483_2014-06-09_20-41-45_260595134347_rgbf000116-resize,-2.8263090002404736,2.8263090002404736,1.337,29.232414989368262
645304.0,2.5,-0.7724905730922029,0.7724905730922029,002964_2014-06-08_17-46-11_094959634447_rgbf000091-resize,-3.1803090002404737,3.1803090002404737,1.6909999999999998,28.953812917975768
645304.0,2.5,-0.3549117101562313,0.3549117101562313,002136_2014-06-25_21-18-03_260595134347_rgbf000109-resize,-2.8891574318051894,2.8891574318051894,1.9569999999999999,13.297078442475444
645304.0,2.5,-1.08382292810751,1.08382292810751,002039_2014-06-24_20-22-38_260595134347_rgbf000084-resize,-4.7830058633699055,4.7830058633699055,4.408,15.524303639345458
645304.0,2.5,-1.2034117583165331,1.2034117583165331,002103_2014-06-25_20-00-40_260595134347_rgbf000049-resize,-4.758581647587547,4.758581647587547,4.105,11.598018874569219
645304.0,2.5,-0.9500220262190696,0.9500220262190696,000691_2014-06-08_13-08-50_260595134347_rgbf000132-resize,-4.528005863369906,4.528005863369906,4.1530000000000005,14.740846212587924
645304.0,2.5,-0.12841691052191645,0.12841691052191645,000457_2014-06-08_16-52-43_260595134347_rgbf000199-resize,-3.4668542949346186,3.4668542949346186,3.6489999999999996,14.067279821032837
645304.0,2.5,-0.06597648964063613,0.06597648964063613,001584_2014-06-20_11-07-43_260595134347_rgbf000002-resize,-3.3478542949346184,3.3478542949346184,3.53,17.602834139105468
645304.0,2.5,-1.839269739627366,1.839269739627366,001175_2014-06-17_15-45-55_260595134347_rgbf000129-resize,-5.465733216022831,5.465733216022831,4.255,15.34903910495583
645304.0,2.5,-1.5189346392238592,1.5189346392238592,003490_2014-05-21_15-50-11_094959634447_rgbf000101-resize,-4.855233216022831,4.855233216022831,3.6445,19.999457360175192
645304.0,2.5,-0.3959690306294105,0.3959690306294105,002279_2014-06-28_18-55-32_260595134347_rgbf000040-resize,-2.7150665493561315,2.7150665493561315,1.5043333333333,15.963772282558683
645304.0,2.5,-0.31442639961780744,0.31442639961780744,003048_2014-06-15_13-49-43_094959634447_rgbf000150-resize,-3.8213542949346184,3.8213542949346184,4.0035,24.355606534500392
645304.0,2.5,-0.2012167677011344,0.2012167677011344,002725_2014-06-22_11-47-51_094959634447_rgbf000070-resize,-2.848581647587546,2.848581647587546,2.195,3.938570017428758
645304.0,2.5,-0.7139854728547055,0.7139854728547055,002344_2014-06-28_20-06-29_260595134347_rgbf000030-resize,-3.0688090002404733,3.0688090002404733,1.5795,37.33165518125916
645304.0,2.5,-0.3366816325707256,0.3366816325707256,000736_2014-06-08_18-24-15_260595134347_rgbf000206-resize,-3.6114300791522616,3.6114300791522616,3.515,33.408170606136416
645304.0,2.5,-0.2003021009482536,0.2003021009482536,000137_2014-05-20_17-04-49_260595134347_rgbf000120-resize,-3.6038542949346186,3.6038542949346186,3.786,14.89611111351161
645304.0,2.5,-0.004278215526308346,0.004278215526308346,000642_2014-06-08_16-59-25_260595134347_rgbf000098-resize,-2.9779300791522614,2.9779300791522614,2.8815,31.36214301237791
645304.0,2.5,-0.7250942053809275,0.7250942053809275,001056_2014-06-08_18-46-44_260595134347_rgbf000068-resize,-3.594657431805189,3.594657431805189,2.6625,11.38594592369452
645304.0,2.5,-0.6539511617215201,0.6539511617215201,002199_2014-06-28_18-33-56_260595134347_rgbf000074-resize,-3.2067332160228315,3.2067332160228315,1.996,17.12852126070164
645304.0,2.5,-0.1318724391083504,0.1318724391083504,000917_2014-06-09_22-45-29_260595134347_rgbf000149-resize,-3.7257785107169767,3.7257785107169767,4.1865,9.740561609074897
645304.0,2.5,-0.4500188671115264,0.4500188671115264,002323_2014-06-28_20-01-54_260595134347_rgbf000051-resize,-3.827430079152261,3.827430079152261,3.7310000000000003,18.09172628388976
645304.0,2.5,-0.14717169752659098,0.14717169752659098,000878_2014-06-08_22-52-45_260595134347_rgbf000045-resize,-2.7455816475875463,2.7455816475875463,2.092,5.576511521775202
645304.0,2.5,-0.4204554701907066,0.4204554701907066,002953_2014-06-08_17-32-18_094959634447_rgbf000059-resize,-2.761733216022831,2.761733216022831,1.551,13.905027931093345
645304.0,2.5,-0.2066435313401168,0.2066435313401168,000414_2014-06-04_19-49-13_260595134347_rgbf000044-resize,-3.8682785107169773,3.8682785107169773,4.329,13.241348366125557
645304.0,2.5,-1.0794078154063846,1.0794078154063846,003129_2014-05-12_10-48-10_094959634447_rgbf000100-resize,-5.026930079152262,5.026930079152262,4.9305,17.9074543760639
645304.0,2.5,-0.3674220509540134,0.3674220509540134,001052_2014-06-08_18-24-54_260595134347_rgbf000130-resize,-3.9223542949346184,3.9223542949346184,4.1045,25.87613690895519
645304.0,2.5,-0.9973734765685252,0.9973734765685252,001214_2014-06-17_16-13-55_260595134347_rgbf000111-resize,-3.861233216022831,3.861233216022831,2.6505,18.479282579459067
645304.0,2.5,-0.20375048007335092,0.20375048007335092,002272_2014-06-28_18-53-56_260595134347_rgbf000067-resize,-2.3487332160228314,2.3487332160228314,1.138,10.409245808146235
645304.0,2.5,-1.1397422491496398,1.1397422491496398,001571_2014-06-20_17-21-32_260595134347_rgbf000089-resize,-3.627884784458117,3.627884784458117,1.86,4.991960350191473
645304.0,2.5,-0.0357607806765312,0.0357607806765312,003070_2014-06-15_14-58-27_094959634447_rgbf000150-resize,-3.037930079152261,3.037930079152261,2.9415,10.664823740812926
645304.0,2.5,-0.08656775961240959,0.08656775961240959,000943_2014-06-09_19-31-07_260595134347_rgbf000128-resize,-2.6300816475875464,2.6300816475875464,1.9765,15.893099149291922
645304.0,2.5,-0.2663705704018948,0.2663705704018948,000758_2014-06-08_22-05-08_260595134347_rgbf000085-resize,-3.477430079152261,3.477430079152261,3.3810000000000002,11.91317737826679
645304.0,2.5,-0.6592880906368611,0.6592880906368611,000854_2014-06-09_19-43-13_260595134347_rgbf000066-resize,-3.7215816475875454,3.7215816475875454,3.068,11.910827625938722
645304.0,2.5,-0.6424524718615907,0.6424524718615907,002153_2014-06-25_21-27-18_260595134347_rgbf000038-resize,-3.4371574318051894,3.4371574318051894,2.505,17.28886317575377
645304.0,2.5,-0.9258404755754119,0.9258404755754119,002660_2014-06-13_15-44-18_094959634447_rgbf001878-resize,-4.229581647587547,4.229581647587547,3.576,15.11997681444361
645304.0,2.5,-0.0680753273173223,0.0680753273173223,000739_2014-06-08_18-45-58_260595134347_rgbf000068-resize,-3.3518542949346184,3.3518542949346184,3.534,8.164356963721069
645304.0,2.5,-0.36401143972940897,0.36401143972940897,000734_2014-06-08_17-39-11_260595134347_rgbf000128-resize,-3.9158542949346185,3.9158542949346185,4.098,16.052231618370055
645304.0,2.5,-0.8509795486199945,0.8509795486199945,000522_2014-06-08_13-35-06_260595134347_rgbf000244-resize,-3.582233216022831,3.582233216022831,2.3715,25.742609854068213
645304.0,2.5,-0.04196745898293397,0.04196745898293397,002949_2014-06-26_15-57-42_094959634447_rgbf000079-resize,-2.5450816475875464,2.5450816475875464,1.8915,17.99500168321199
645304.0,2.5,-0.13764424271921466,0.13764424271921466,002989_2014-06-15_12-25-03_094959634447_rgbf000150-resize,-3.7367785107169773,3.7367785107169773,4.1975,27.906783421951957
645304.0,2.5,-0.17953116152921145,0.17953116152921145,000866_2014-06-09_20-45-42_260595134347_rgbf000139-resize,-3.311930079152261,3.311930079152261,3.2155,8.082259189449621
645304.0,2.5,-0.7420574267803232,0.7420574267803232,001555_2014-06-20_17-12-10_260595134347_rgbf000065-resize,-3.122309000240474,3.122309000240474,1.633,7.608284543781994
645304.0,2.5,-0.9120183612296968,0.9120183612296968,003534_2014-05-22_15-06-10_094959634447_rgbf000102-resize,-3.1938847844581164,3.1938847844581164,1.426,12.376994007247625
645304.0,2.5,-0.3184893228857112,0.3184893228857112,001059_2014-06-08_21-53-27_260595134347_rgbf000061-resize,-3.072081647587546,3.072081647587546,2.4185,8.755513319222857
645304.0,2.5,-0.4880153826395559,0.4880153826395559,001032_2014-06-08_13-23-17_260595134347_rgbf000021-resize,-3.647505863369904,3.647505863369904,3.2725,15.984983178828962
645304.0,2.5,-0.0004776469679842466,0.0004776469679842466,001570_2014-06-20_17-21-09_260595134347_rgbf000135-resize,-3.727702726499334,3.727702726499334,4.467,22.179510675592084
645304.0,2.5,-0.3834256882387091,0.3834256882387091,001392_2014-06-19_16-07-59_260595134347_rgbf000046-resize,-3.9528542949346184,3.9528542949346184,4.135,18.95235574822112
645304.0,2.5,-0.5639257284333206,0.5639257284333206,000447_2014-06-08_16-15-46_260595134347_rgbf000130-resize,-4.2968542949346205,4.2968542949346205,4.479,19.081432914605553
645304.0,2.5,-0.10629285492378432,0.10629285492378432,001447_2014-06-19_17-00-32_260595134347_rgbf000082-resize,-3.6770285107169767,3.6770285107169767,4.13775,46.830399423560245
645304.0,2.5,-0.6442062695663759,0.6442062695663759,000742_2014-06-08_18-48-09_260595134347_rgbf000164-resize,-4.449854294934619,4.449854294934619,4.632,18.91549953899407
645304.0,2.5,-0.1115363743848285,0.1115363743848285,002758_2014-06-22_19-11-20_094959634447_rgbf000128-resize,-2.9300058633699044,2.9300058633699044,2.555,7.204478276142114
645304.0,2.5,-0.9382538321882168,0.9382538321882168,002549_2014-06-24_13-41-39_094959634447_rgbf000022-resize,-3.2438847844581167,3.2438847844581167,1.476,4.1736441355391865
645304.0,2.5,-1.398948702219795,1.398948702219795,002750_2014-06-22_19-08-03_094959634447_rgbf000094-resize,-4.121884784458117,4.121884784458117,2.354,8.789636111124727
645304.0,2.5,-0.2960166525850274,0.2960166525850274,001199_2014-06-17_16-03-48_260595134347_rgbf000077-resize,-3.533930079152261,3.533930079152261,3.4375,28.282249848901696
645304.0,2.5,-0.3250481906253416,0.3250481906253416,000502_2014-06-08_23-02-32_260595134347_rgbf000063-resize,-3.0845816475875463,3.0845816475875463,2.431,13.897287578908273
645304.0,2.5,-0.20292564804410998,0.20292564804410998,001617_2014-06-20_11-35-32_260595134347_rgbf000066-resize,-3.6088542949346185,3.6088542949346185,3.7910000000000004,19.974169961071475
645304.0,2.5,-0.01875264191531084,0.01875264191531084,000493_2014-06-09_21-01-18_260595134347_rgbf000196-resize,-3.2578542949346185,3.2578542949346185,3.44,19.629285382994567
645304.0,2.5,-0.3181868171218763,0.3181868171218763,001450_2014-06-19_17-02-03_260595134347_rgbf000203-resize,-3.8285209616013187,3.8285209616013187,4.0106666666667,12.34882649363641
645304.0,2.5,-0.4963658159844629,0.4963658159844629,002600_2014-06-24_14-27-04_094959634447_rgbf000074-resize,-3.411081647587546,3.411081647587546,2.7575,44.47386082434929
645304.0,2.5,-0.3606835137671076,0.3606835137671076,003228_2014-05-14_13-42-35_094959634447_rgbf000101-resize,-2.900157431805189,2.900157431805189,1.9680000000000002,14.40337638638131
645304.0,2.5,-0.6324829928973523,0.6324829928973523,000368_2014-06-09_15-53-01_260595134347_rgbf000155-resize,-3.4181574318051893,3.4181574318051893,2.4859999999999998,21.090700959072958
645304.0,2.5,-1.0245756811030815,1.0245756811030815,001828_2014-06-26_21-40-03_260595134347_rgbf000024-resize,-4.922430079152262,4.922430079152262,4.8260000000000005,35.55232951340613
645304.0,2.5,-0.14201443805852842,0.14201443805852842,002805_2014-06-22_19-54-03_094959634447_rgbf000079-resize,-3.2404300791522616,3.2404300791522616,3.1439999999999997,7.377848172936663
645304.0,2.5,-0.6105799493776589,0.6105799493776589,002570_2014-06-24_13-59-54_094959634447_rgbf000059-resize,-4.133430079152261,4.133430079152261,4.037,41.596140375002705
645304.0,2.5,-0.14477273723983475,0.14477273723983475,002467_2014-06-28_20-38-07_260595134347_rgbf000026-resize,-4.002702726499336,4.002702726499336,4.742,15.331046216195933
645304.0,2.5,-0.14870805788362074,0.14870805788362074,002663_2014-06-13_15-50-26_094959634447_rgbf000075-resize,-4.010202726499335,4.010202726499335,4.7495,16.725954086732166
645304.0,2.5,-0.1727548564418127,0.1727548564418127,000409_2014-06-04_19-23-33_260595134347_rgbf000067-resize,-3.5513542949346184,3.5513542949346184,3.7335,12.696549983566419
645304.0,2.5,-0.7413601973751998,0.7413601973751998,001092_2014-06-15_17-34-58_260595134347_rgbf000171-resize,-3.6256574318051893,3.6256574318051893,2.6935,9.164038324933468
645304.0,2.5,-0.057184032138874234,0.057184032138874234,002545_2014-06-24_13-38-53_094959634447_rgbf000080-resize,-2.5740816475875463,2.5740816475875463,1.9205,12.083824048628237
645304.0,2.5,-0.577605941232235,0.577605941232235,001167_2014-06-17_15-38-07_260595134347_rgbf000108-resize,-3.0612332160228317,3.0612332160228317,1.8505,12.019050657019696
645304.0,2.5,-0.5972376270893011,0.5972376270893011,003587_2014-05-23_16-48-02_094959634447_rgbf002384-resize,-2.8463090002404736,2.8463090002404736,1.357,20.788172722830538
273125.0,2.5,-1.281806348670402,1.281806348670402,001808_2014-06-26_20-50-58_260595134347_rgbf000029-resize,-4.90541808158088,4.90541808158088,4.249,20.030651550568866
273125.0,2.5,-0.6150159793919928,0.6150159793919928,001815_2014-06-26_20-52-55_260595134347_rgbf000020-resize,-3.8286895863369113,3.8286895863369113,3.3865,18.626322656731816
273125.0,2.5,-0.4897257306973944,0.4897257306973944,000677_2014-06-08_23-10-32_260595134347_rgbf000158-resize,-3.7839610910929418,3.7839610910929418,3.556,19.65196273325612
273125.0,2.5,-0.6224454640121548,0.6224454640121548,001417_2014-06-19_16-25-36_260595134347_rgbf000115-resize,-4.425004100605004,4.425004100605004,4.6255,49.17091269608214
273125.0,2.5,-0.24832764814369715,0.24832764814369715,003081_2014-06-15_15-19-16_094959634447_rgbf000150-resize,-3.712004100605004,3.712004100605004,3.9125,16.632991649560594
273125.0,2.5,-0.7873512738541201,0.7873512738541201,001158_2014-06-17_15-32-16_260595134347_rgbf000138-resize,-4.545232595848973,4.545232595848973,4.5315,26.954451973303737
273125.0,2.5,-0.9539782641760504,0.9539782641760504,001150_2014-06-17_15-27-34_260595134347_rgbf000108-resize,-4.474689586336911,4.474689586336911,4.0325,11.088139074292139
273125.0,2.5,-1.2990382067512336,1.2990382067512336,000665_2014-06-09_20-42-35_260595134347_rgbf000110-resize,-4.356103567312789,4.356103567312789,3.057,18.49880761375764
273125.0,2.5,-0.7318791276445193,0.7318791276445193,002375_2014-06-28_20-13-44_260595134347_rgbf000032-resize,-4.245461091092942,4.245461091092942,4.0175,48.76103649676905
273125.0,2.5,-0.8485434206581325,0.8485434206581325,002568_2014-06-24_13-59-21_094959634447_rgbf000062-resize,-3.8856465768248496,3.8856465768248496,3.015,29.63840999388049
273125.0,2.5,-0.6005864703647995,0.6005864703647995,000788_2014-06-08_22-34-36_260595134347_rgbf000131-resize,-3.801189586336912,3.801189586336912,3.359,21.46386213810664
273125.0,2.5,-0.5445578650007008,0.5445578650007008,001235_2014-06-17_16-37-36_260595134347_rgbf000084-resize,-3.8884610910929416,3.8884610910929416,3.6605,14.547706659434104
273125.0,2.5,-1.1875057054421894,1.1875057054421894,000692_2014-06-08_13-09-42_260595134347_rgbf000199-resize,-4.5316465768248495,4.5316465768248495,3.661,54.80046590295557
273125.0,2.5,-0.8271456369592738,0.8271456369592738,000780_2014-06-08_22-28-29_260595134347_rgbf000126-resize,-4.0389180815808805,4.0389180815808805,3.3825,14.165390776882042
273125.0,2.5,-0.013436630313171329,0.013436630313171329,001100_2014-06-15_17-46-26_260595134347_rgbf000225-resize,-2.682189586336912,2.682189586336912,2.24,9.548860596737413
273125.0,2.5,-0.9367781558305476,0.9367781558305476,002039_2014-06-24_20-22-38_260595134347_rgbf000084-resize,-4.635961091092941,4.635961091092941,4.408,15.524303639345458
273125.0,2.5,-0.9920196970658982,0.9920196970658982,002103_2014-06-25_20-00-40_260595134347_rgbf000049-resize,-4.547189586336912,4.547189586336912,4.105,11.598018874569219
273125.0,2.5,-0.09485014303636244,0.09485014303636244,002213_2014-06-28_18-37-58_260595134347_rgbf000055-resize,-3.419504100605004,3.419504100605004,3.62,11.387296889913552
273125.0,2.5,-0.5887487586981385,0.5887487586981385,000691_2014-06-08_13-08-50_260595134347_rgbf000132-resize,-4.166732595848973,4.166732595848973,4.1530000000000005,14.740846212587924
273125.0,2.5,-0.12872565030818445,0.12872565030818445,000929_2014-06-09_16-33-19_260595134347_rgbf000139-resize,-3.0959610910929425,3.0959610910929425,2.8680000000000003,19.501338012209015
273125.0,2.5,-0.3242952114362703,0.3242952114362703,000457_2014-06-08_16-52-43_260595134347_rgbf000199-resize,-3.6627325958489734,3.6627325958489734,3.6489999999999996,14.067279821032837
273125.0,2.5,-0.2855820169047889,0.2855820169047889,003621_2014-05-23_18-06-08_094959634447_rgbf000101-resize,-3.783004100605004,3.783004100605004,3.9835,23.07176470133362
273125.0,2.5,-0.8564976146974768,0.8564976146974768,001175_2014-06-17_15-45-55_260595134347_rgbf000129-resize,-4.482961091092942,4.482961091092942,4.255,15.34903910495583
273125.0,2.5,-0.10770552380603164,0.10770552380603164,003490_2014-05-21_15-50-11_094959634447_rgbf000101-resize,-3.4440041006050035,3.4440041006050035,3.6445,19.999457360175192
273125.0,2.5,-0.3300987647824848,0.3300987647824848,002043_2014-06-24_20-29-38_260595134347_rgbf000039-resize,-3.2856895863369115,3.2856895863369115,2.8435,8.475049543704081
273125.0,2.5,-0.7245331957761303,0.7245331957761303,003048_2014-06-15_13-49-43_094959634447_rgbf000150-resize,-4.2314610910929416,4.2314610910929416,4.0035,24.355606534500392
273125.0,2.5,-0.8966696349993444,0.8966696349993444,000736_2014-06-08_18-24-15_260595134347_rgbf000206-resize,-4.171418081580882,4.171418081580882,3.515,33.408170606136416
273125.0,2.5,-0.39618040186260745,0.39618040186260745,000137_2014-05-20_17-04-49_260595134347_rgbf000120-resize,-3.7997325958489734,3.7997325958489734,3.786,14.89611111351161
273125.0,2.5,-0.5642662179549272,0.5642662179549272,000642_2014-06-08_16-59-25_260595134347_rgbf000098-resize,-3.5379180815808797,3.5379180815808797,2.8815,31.36214301237791
273125.0,2.5,-0.239669942727379,0.239669942727379,002425_2014-06-28_20-27-29_260595134347_rgbf000031-resize,-3.695504100605004,3.695504100605004,3.8960000000000004,8.40495801096819
273125.0,2.5,-0.17786953375240774,0.17786953375240774,000917_2014-06-09_22-45-29_260595134347_rgbf000149-resize,-3.7717756053610336,3.7717756053610336,4.1865,9.740561609074897
273125.0,2.5,-1.0100068695401452,1.0100068695401452,002323_2014-06-28_20-01-54_260595134347_rgbf000051-resize,-4.38741808158088,4.38741808158088,3.7310000000000003,18.09172628388976
273125.0,2.5,-0.11887147383107086,0.11887147383107086,003423_2014-05-21_10-23-26_094959634447_rgbf002665-resize,-3.2712325958489727,3.2712325958489727,3.2575,35.43119222475438
273125.0,2.5,-0.4668691212281435,0.4668691212281435,000414_2014-06-04_19-49-13_260595134347_rgbf000044-resize,-4.128504100605004,4.128504100605004,4.329,13.241348366125557
273125.0,2.5,-0.3540248463711884,0.3540248463711884,003129_2014-05-12_10-48-10_094959634447_rgbf000100-resize,-4.301547110117067,4.301547110117067,4.9305,17.9074543760639
273125.0,2.5,-0.6966918468247725,0.6966918468247725,002988_2014-06-15_12-24-20_094959634447_rgbf000150-resize,-4.5665041006050044,4.5665041006050044,4.7669999999999995,14.460306569198616
273125.0,2.5,-0.7775288471123363,0.7775288471123363,001052_2014-06-08_18-24-54_260595134347_rgbf000130-resize,-4.3324610910929415,4.3324610910929415,4.1045,25.87613690895519
273125.0,2.5,-0.2081873775771639,0.2081873775771639,002995_2014-06-15_12-31-26_094959634447_rgbf000150-resize,-3.635504100605004,3.635504100605004,3.8360000000000003,27.231594395483473
273125.0,2.5,-0.11700324112864002,0.11700324112864002,000436_2014-06-09_22-25-11_260595134347_rgbf000137-resize,-3.6557756053610335,3.6557756053610335,4.0705,20.69156545677159
273125.0,2.5,-0.4983516863783728,0.4983516863783728,002444_2014-06-28_20-32-08_260595134347_rgbf000027-resize,-4.1885041006050026,4.1885041006050026,4.388999999999999,17.102760279009576
273125.0,2.5,-0.6194442597195989,0.6194442597195989,001133_2014-06-17_14-49-16_260595134347_rgbf000100-resize,-4.225232595848974,4.225232595848974,4.2115,26.759918254713728
273125.0,2.5,-0.1646364957860156,0.1646364957860156,001132_2014-06-17_14-48-54_260595134347_rgbf000100-resize,-3.552504100605004,3.552504100605004,3.753,14.398279213278778
273125.0,2.5,-0.59574878310515,0.59574878310515,003070_2014-06-15_14-58-27_094959634447_rgbf000150-resize,-3.5979180815808807,3.5979180815808807,2.9415,10.664823740812926
273125.0,2.5,-0.42682409986762704,0.42682409986762704,000709_2014-06-08_13-51-55_260595134347_rgbf000068-resize,-2.8878750720688187,2.8878750720688187,1.8030000000000002,14.429351101546246
273125.0,2.5,-0.715938989830498,0.715938989830498,001164_2014-06-17_15-35-46_260595134347_rgbf000085-resize,-3.4388750720688197,3.4388750720688197,2.354,17.325668807481115
273125.0,2.5,-1.1429054048127152,1.1429054048127152,002660_2014-06-13_15-44-18_094959634447_rgbf001878-resize,-4.4466465768248495,4.4466465768248495,3.576,15.11997681444361
273125.0,2.5,-0.049725132987706894,0.049725132987706894,000739_2014-06-08_18-45-58_260595134347_rgbf000068-resize,-3.3335041006050035,3.3335041006050035,3.534,8.164356963721069
273125.0,2.5,-0.9883467311317012,0.9883467311317012,000734_2014-06-08_17-39-11_260595134347_rgbf000128-resize,-4.540189586336911,4.540189586336911,4.098,16.052231618370055
273125.0,2.5,-0.08243591893407454,0.08243591893407454,000522_2014-06-08_13-35-06_260595134347_rgbf000244-resize,-2.813689586336912,2.813689586336912,2.3715,25.742609854068213
273125.0,2.5,-1.0405553183391492,1.0405553183391492,002989_2014-06-15_12-25-03_094959634447_rgbf000150-resize,-4.639689586336911,4.639689586336911,4.1975,27.906783421951957
273125.0,2.5,-0.3110621734698918,0.3110621734698918,000866_2014-06-09_20-45-42_260595134347_rgbf000139-resize,-3.4434610910929417,3.4434610910929417,3.2155,8.082259189449621
273125.0,2.5,-0.2290086488403995,0.2290086488403995,003534_2014-05-22_15-06-10_094959634447_rgbf000102-resize,-2.510875072068819,2.510875072068819,1.426,12.376994007247625
273125.0,2.5,-0.5905534919298868,0.5905534919298868,000773_2014-06-08_22-24-54_260595134347_rgbf000093-resize,-4.558275605361034,4.558275605361034,4.973,21.45352631724976
273125.0,2.5,-0.6989377367239161,0.6989377367239161,002414_2014-06-28_20-24-58_260595134347_rgbf000067-resize,-4.376732595848973,4.376732595848973,4.363,31.720662178139435
273125.0,2.5,-0.12674211511862465,0.12674211511862465,001032_2014-06-08_13-23-17_260595134347_rgbf000021-resize,-3.2862325958489733,3.2862325958489733,3.2725,15.984983178828962
273125.0,2.5,-0.8790918694571386,0.8790918694571386,003292_2014-05-14_21-53-49_094959634447_rgbf000100-resize,-4.137918081580882,4.137918081580882,3.4815,33.084282711345374
273125.0,2.5,-0.7423733160279309,0.7423733160279309,002639_2014-06-24_14-51-37_094959634447_rgbf000074-resize,-4.265461091092941,4.265461091092941,4.0375,16.521406794569987
273125.0,2.5,-0.9677360115615918,0.9677360115615918,001570_2014-06-20_17-21-09_260595134347_rgbf000135-resize,-4.694961091092941,4.694961091092941,4.467,22.179510675592084
273125.0,2.5,-0.3650754939090937,0.3650754939090937,001392_2014-06-19_16-07-59_260595134347_rgbf000046-resize,-3.934504100605003,3.934504100605003,4.135,18.95235574822112
273125.0,2.5,-0.7598040293476745,0.7598040293476745,000447_2014-06-08_16-15-46_260595134347_rgbf000130-resize,-4.492732595848973,4.492732595848973,4.479,19.081432914605553
273125.0,2.5,-0.1522899495678417,0.1522899495678417,001447_2014-06-19_17-00-32_260595134347_rgbf000082-resize,-3.7230256053610336,3.7230256053610336,4.13775,46.830399423560245
273125.0,2.5,-0.4164970169877886,0.4164970169877886,001066_2014-06-08_22-03-20_260595134347_rgbf000066-resize,-4.032504100605005,4.032504100605005,4.2330000000000005,19.743449467077777
273125.0,2.5,-0.6258560752367606,0.6258560752367606,000742_2014-06-08_18-48-09_260595134347_rgbf000164-resize,-4.431504100605004,4.431504100605004,4.632,18.91549953899407
273125.0,2.5,-0.2029720331207941,0.2029720331207941,002630_2014-06-24_14-47-50_094959634447_rgbf000055-resize,-3.2374610910929422,3.2374610910929422,3.0095,10.661401196716628
273125.0,2.5,-0.42754766452570775,0.42754766452570775,001199_2014-06-17_16-03-48_260595134347_rgbf000077-resize,-3.6654610910929417,3.6654610910929417,3.4375,28.282249848901696
273125.0,2.5,-0.3278846246186757,0.3278846246186757,000502_2014-06-08_23-02-32_260595134347_rgbf000063-resize,-3.0874180815808803,3.0874180815808803,2.431,13.897287578908273
273125.0,2.5,-0.6992635909041723,0.6992635909041723,001806_2014-06-26_20-50-20_260595134347_rgbf000091-resize,-3.6011465768248496,3.6011465768248496,2.7305,13.909869710567438
273125.0,2.5,-0.3988039489584639,0.3988039489584639,001617_2014-06-20_11-35-32_260595134347_rgbf000066-resize,-3.8047325958489733,3.8047325958489733,3.7910000000000004,19.974169961071475
273125.0,2.5,-0.0004024475856954368,0.0004024475856954368,000493_2014-06-09_21-01-18_260595134347_rgbf000196-resize,-3.239504100605004,3.239504100605004,3.44,19.629285382994567
273125.0,2.5,-0.7533922138304978,0.7533922138304978,000506_2014-06-08_23-21-00_260595134347_rgbf000070-resize,-4.286461091092942,4.286461091092942,4.0585,16.716212007621664
273125.0,2.5,-0.006698960615739297,0.006698960615739297,001449_2014-06-19_17-01-27_260595134347_rgbf000116-resize,-3.251504100605004,3.251504100605004,3.452,8.994872108877228
273125.0,2.5,-0.5140651180362302,0.5140651180362302,001450_2014-06-19_17-02-03_260595134347_rgbf000203-resize,-4.024399262515674,4.024399262515674,4.0106666666667,12.34882649363641
273125.0,2.5,-0.0707452594898586,0.0707452594898586,002600_2014-06-24_14-27-04_094959634447_rgbf000074-resize,-2.9854610910929416,2.9854610910929416,2.7575,44.47386082434929
273125.0,2.5,-0.1316433018489609,0.1316433018489609,002209_2014-06-28_18-36-10_260595134347_rgbf000051-resize,-2.7134180815808806,2.7134180815808806,2.057,12.962068825921264
273125.0,2.5,-0.4410430572016795,0.4410430572016795,000009_2014-05-26_14-32-05_260595134347_rgbf000034-resize,-3.8852325958489735,3.8852325958489735,3.8715,34.796526826055185
273125.0,2.5,-0.5134212073118544,0.5134212073118544,001828_2014-06-26_21-40-03_260595134347_rgbf000024-resize,-4.411275605361035,4.411275605361035,4.8260000000000005,35.55232951340613
273125.0,2.5,-0.02929321537540247,0.02929321537540247,000927_2014-06-09_16-32-30_260595134347_rgbf000123-resize,-2.9064610910929423,2.9064610910929423,2.6785,11.715239650325241
273125.0,2.5,-1.1705679518062777,1.1705679518062777,002570_2014-06-24_13-59-54_094959634447_rgbf000059-resize,-4.693418081580879,4.693418081580879,4.037,41.596140375002705
273125.0,2.5,-1.3262595970774118,1.3262595970774118,002467_2014-06-28_20-38-07_260595134347_rgbf000026-resize,-5.184189586336911,5.184189586336911,4.742,15.331046216195933
273125.0,2.5,-0.4743938550543293,0.4743938550543293,003010_2014-06-15_12-54-35_094959634447_rgbf000112-resize,-3.5606895863369115,3.5606895863369115,3.1185,6.696951333567531
273125.0,2.5,-1.5444234129651668,1.5444234129651668,002663_2014-06-13_15-50-26_094959634447_rgbf000075-resize,-5.4059180815808805,5.4059180815808805,4.7495,16.725954086732166
273125.0,2.5,-0.1544046621121973,0.1544046621121973,000409_2014-06-04_19-23-33_260595134347_rgbf000067-resize,-3.5330041006050035,3.5330041006050035,3.7335,12.696549983566419
273125.0,2.5,-0.251392351906922,0.251392351906922,001092_2014-06-15_17-34-58_260595134347_rgbf000171-resize,-3.135689586336911,3.135689586336911,2.6935,9.164038324933468
476113.0,2.5,-0.666328530101561,0.666328530101561,001808_2014-06-26_20-50-58_260595134347_rgbf000029-resize,-4.2899402630120385,4.2899402630120385,4.249,20.030651550568866
476113.0,2.5,-0.3027049026164917,0.3027049026164917,000677_2014-06-08_23-10-32_260595134347_rgbf000158-resize,-3.5969402630120397,3.5969402630120397,3.556,19.65196273325612
476113.0,2.5,-1.4565406719268008,1.4565406719268008,001417_2014-06-19_16-25-36_260595134347_rgbf000115-resize,-5.25909930851965,5.25909930851965,4.6255,49.17091269608214
476113.0,2.5,-0.045269526420025234,0.045269526420025234,003081_2014-06-15_15-19-16_094959634447_rgbf000150-resize,-3.508945978881332,3.508945978881332,3.9125,16.632991649560594
476113.0,2.5,-0.4974372597767949,0.4974372597767949,001650_2014-06-20_12-09-00_260595134347_rgbf000087-resize,-3.028593592650357,3.028593592650357,1.9505,47.6804595860539
476113.0,2.5,-0.2493810035866633,0.2493810035866633,001244_2014-06-17_16-47-45_260595134347_rgbf000030-resize,-2.8242640698965524,2.8242640698965524,2.0425,6.7629638807870815
476113.0,2.5,-0.3269066985464246,0.3269066985464246,003495_2014-05-21_16-01-51_094959634447_rgbf000100-resize,-2.7035935926503574,2.7035935926503574,1.6255,12.747278812179
476113.0,2.5,-0.22189989550957606,0.22189989550957606,001158_2014-06-17_15-32-16_260595134347_rgbf000138-resize,-3.9797812175044296,3.9797812175044296,4.5315,26.954451973303737
476113.0,2.5,-0.8411878223174221,0.8411878223174221,002375_2014-06-28_20-13-44_260595134347_rgbf000032-resize,-4.3547697857658445,4.3547697857658445,4.0175,48.76103649676905
476113.0,2.5,-0.20937227554289567,0.20937227554289567,001235_2014-06-17_16-37-36_260595134347_rgbf000084-resize,-3.5532755016351367,3.5532755016351367,3.6605,14.547706659434104
476113.0,2.5,-0.20530589926697174,0.20530589926697174,001094_2014-06-15_17-36-00_260595134347_rgbf000205-resize,-3.8139459788813324,3.8139459788813324,4.2175,17.196771274488466
476113.0,2.5,-0.8043268638980431,0.8043268638980431,000780_2014-06-08_22-28-29_260595134347_rgbf000126-resize,-4.0160993085196495,4.0160993085196495,3.3825,14.165390776882042
476113.0,2.5,-0.4347344841859353,0.4347344841859353,000470_2014-06-09_19-42-40_260595134347_rgbf000094-resize,-2.9090935926503576,2.9090935926503576,1.831,22.486379427626872
476113.0,2.5,-0.18471044595125985,0.18471044595125985,000109_2014-05-14_23-41-52_260595134347_rgbf000035-resize,-2.432593592650357,2.432593592650357,1.3545,6.620498200896815
476113.0,2.5,-0.30768915520798434,0.30768915520798434,002509_2014-06-24_13-19-22_094959634447_rgbf000077-resize,-2.53275835402726,2.53275835402726,1.3065,40.21868783296904
476113.0,2.5,-0.3623245843404295,0.3623245843404295,003338_2014-05-20_11-01-23_094959634447_rgbf000051-resize,-2.7710935926503577,2.7710935926503577,1.693,28.251495663089063
476113.0,2.5,-0.4209171361478,0.4209171361478,002784_2014-06-22_19-26-30_094959634447_rgbf000083-resize,-2.8827602593170574,2.8827602593170574,1.8046666666667,3.0422522474895675
476113.0,2.5,-0.79750539800352,0.79750539800352,001100_2014-06-15_17-46-26_260595134347_rgbf000225-resize,-3.46625835402726,3.46625835402726,2.24,9.548860596737413
476113.0,2.5,-0.192646736777536,0.192646736777536,000469_2014-06-09_19-42-10_260595134347_rgbf000081-resize,-2.581928831273455,2.581928831273455,1.652,25.13136208408983
476113.0,2.5,-0.17552803111577642,0.17552803111577642,000483_2014-06-09_20-41-45_260595134347_rgbf000116-resize,-2.4150935926503574,2.4150935926503574,1.337,29.232414989368262
476113.0,2.5,-0.2131104041251841,0.2131104041251841,002964_2014-06-08_17-46-11_094959634447_rgbf000091-resize,-2.6209288312734547,2.6209288312734547,1.6909999999999998,28.953812917975768
476113.0,2.5,-0.5008478710013997,0.5008478710013997,002136_2014-06-25_21-18-03_260595134347_rgbf000109-resize,-3.035093592650357,3.035093592650357,1.9569999999999999,13.297078442475444
476113.0,2.5,-0.14627608961031868,0.14627608961031868,002103_2014-06-25_20-00-40_260595134347_rgbf000049-resize,-3.701445978881332,3.701445978881332,4.105,11.598018874569219
476113.0,2.5,-0.2380343449810871,0.2380343449810871,000929_2014-06-09_16-33-19_260595134347_rgbf000139-resize,-3.2052697857658448,3.2052697857658448,2.8680000000000003,19.501338012209015
476113.0,2.5,-0.08252389518111702,0.08252389518111702,003621_2014-05-23_18-06-08_094959634447_rgbf000101-resize,-3.5799459788813315,3.5799459788813315,3.9835,23.07176470133362
476113.0,2.5,-0.6696732483421259,0.6696732483421259,002043_2014-06-24_20-29-38_260595134347_rgbf000039-resize,-3.6252640698965526,3.6252640698965526,2.8435,8.475049543704081
476113.0,2.5,-0.09301808356452013,0.09301808356452013,003048_2014-06-15_13-49-43_094959634447_rgbf000150-resize,-3.5999459788813315,3.5999459788813315,4.0035,24.355606534500392
476113.0,2.5,-0.1812344286332378,0.1812344286332378,002725_2014-06-22_11-47-51_094959634447_rgbf000070-resize,-2.828599308519649,2.828599308519649,2.195,3.938570017428758
476113.0,2.5,-0.3027700652645893,0.3027700652645893,002344_2014-06-28_20-06-29_260595134347_rgbf000030-resize,-2.6575935926503576,2.6575935926503576,1.5795,37.33165518125916
476113.0,2.5,-0.43998157837764174,0.43998157837764174,000549_2014-06-08_22-10-24_260595134347_rgbf000247-resize,-2.9190935926503574,2.9190935926503574,1.841,30.99307977870557
476113.0,2.5,-0.2811918164305032,0.2811918164305032,000736_2014-06-08_18-24-15_260595134347_rgbf000206-resize,-3.55594026301204,3.55594026301204,3.515,33.408170606136416
476113.0,2.5,-0.4233880690256738,0.4233880690256738,000137_2014-05-20_17-04-49_260595134347_rgbf000120-resize,-3.8269402630120393,3.8269402630120393,3.786,14.89611111351161
476113.0,2.5,-0.6896122062705992,0.6896122062705992,000642_2014-06-08_16-59-25_260595134347_rgbf000098-resize,-3.663264069896552,3.663264069896552,2.8815,31.36214301237791
476113.0,2.5,-0.4811061051344146,0.4811061051344146,002425_2014-06-28_20-27-29_260595134347_rgbf000031-resize,-3.9369402630120383,3.9369402630120383,3.8960000000000004,8.40495801096819
476113.0,2.5,-0.3731467769721437,0.3731467769721437,002199_2014-06-28_18-33-56_260595134347_rgbf000074-resize,-2.925928831273455,2.925928831273455,1.996,17.12852126070164
476113.0,2.5,-0.18903990727270525,0.18903990727270525,000917_2014-06-09_22-45-29_260595134347_rgbf000149-resize,-3.7829459788813313,3.7829459788813313,4.1865,9.740561609074897
476113.0,2.5,-0.6908585737251094,0.6908585737251094,002323_2014-06-28_20-01-54_260595134347_rgbf000051-resize,-4.068269785765844,4.068269785765844,3.7310000000000003,18.09172628388976
476113.0,2.5,-0.2753541198355971,0.2753541198355971,000878_2014-06-08_22-52-45_260595134347_rgbf000045-resize,-2.8737640698965525,2.8737640698965525,2.092,5.576511521775202
476113.0,2.5,-0.1396510854413302,0.1396510854413302,002953_2014-06-08_17-32-18_094959634447_rgbf000059-resize,-2.480928831273455,2.480928831273455,1.551,13.905027931093345
476113.0,2.5,-0.5388893038912548,0.5388893038912548,002905_2014-06-03_18-04-43_094959634447_rgbf000151-resize,-3.1075935926503577,3.1075935926503577,2.0295,12.020604335789361
476113.0,2.5,-0.4936337251011006,0.4936337251011006,002988_2014-06-15_12-24-20_094959634447_rgbf000150-resize,-4.363445978881332,4.363445978881332,4.7669999999999995,14.460306569198616
476113.0,2.5,-0.886837541785239,0.886837541785239,001052_2014-06-08_18-24-54_260595134347_rgbf000130-resize,-4.441769785765844,4.441769785765844,4.1045,25.87613690895519
476113.0,2.5,-0.2539720892817493,0.2539720892817493,000810_2014-06-08_17-20-01_260595134347_rgbf000105-resize,-2.5645935926503576,2.5645935926503576,1.4865,3.0958890116960642
476113.0,2.5,-0.5684043304422464,0.5684043304422464,001214_2014-06-17_16-13-55_260595134347_rgbf000111-resize,-3.4322640698965525,3.4322640698965525,2.6505,18.479282579459067
476113.0,2.5,-0.07111085670087712,0.07111085670087712,002272_2014-06-28_18-53-56_260595134347_rgbf000067-resize,-2.216093592650357,2.216093592650357,1.138,10.409245808146235
476113.0,2.5,-0.3017862959649783,0.3017862959649783,001571_2014-06-20_17-21-32_260595134347_rgbf000089-resize,-2.789928831273455,2.789928831273455,1.86,4.991960350191473
476113.0,2.5,-0.005129255853491999,0.005129255853491999,002995_2014-06-15_12-31-26_094959634447_rgbf000150-resize,-3.4324459788813315,3.4324459788813315,3.8360000000000003,27.231594395483473
476113.0,2.5,-0.1281736146489375,0.1281736146489375,000436_2014-06-09_22-25-11_260595134347_rgbf000137-resize,-3.666945978881332,3.666945978881332,4.0705,20.69156545677159
476113.0,2.5,-0.2952935646547009,0.2952935646547009,002444_2014-06-28_20-32-08_260595134347_rgbf000027-resize,-3.9854459788813297,3.9854459788813297,4.388999999999999,17.102760279009576
476113.0,2.5,-0.2766004872901142,0.2766004872901142,003070_2014-06-15_14-58-27_094959634447_rgbf000150-resize,-3.2787697857658453,3.2787697857658453,2.9415,10.664823740812926
476113.0,2.5,-0.2718778590722627,0.2718778590722627,000709_2014-06-08_13-51-55_260595134347_rgbf000068-resize,-2.7329288312734548,2.7329288312734548,1.8030000000000002,14.429351101546246
476113.0,2.5,-0.6393057515689645,0.6393057515689645,000854_2014-06-09_19-43-13_260595134347_rgbf000066-resize,-3.7015993085196497,3.7015993085196497,3.068,11.910827625938722
476113.0,2.5,-0.2646632262813285,0.2646632262813285,001164_2014-06-17_15-35-46_260595134347_rgbf000085-resize,-2.9875993085196497,2.9875993085196497,2.354,17.325668807481115
476113.0,2.5,-0.3438943485760514,0.3438943485760514,002153_2014-06-25_21-27-18_260595134347_rgbf000038-resize,-3.138599308519649,3.138599308519649,2.505,17.28886317575377
476113.0,2.5,-0.313199090999905,0.313199090999905,002660_2014-06-13_15-44-18_094959634447_rgbf001878-resize,-3.6169402630120393,3.6169402630120393,3.576,15.11997681444361
476113.0,2.5,-0.1426031236761217,0.1426031236761217,000734_2014-06-08_17-39-11_260595134347_rgbf000128-resize,-3.694445978881332,3.694445978881332,4.098,16.052231618370055
476113.0,2.5,-1.014669448001326,1.014669448001326,000522_2014-06-08_13-35-06_260595134347_rgbf000244-resize,-3.745923115404163,3.745923115404163,2.3715,25.742609854068213
476113.0,2.5,-0.6146441654226477,0.6146441654226477,002949_2014-06-26_15-57-42_094959634447_rgbf000079-resize,-3.1177583540272598,3.1177583540272598,1.8915,17.99500168321199
476113.0,2.5,-0.19481171088356952,0.19481171088356952,002989_2014-06-15_12-25-03_094959634447_rgbf000150-resize,-3.793945978881331,3.793945978881331,4.1975,27.906783421951957
476113.0,2.5,-0.4203708681427945,0.4203708681427945,000866_2014-06-09_20-45-42_260595134347_rgbf000139-resize,-3.5527697857658453,3.5527697857658453,3.2155,8.082259189449621
476113.0,2.5,-0.3308420191902069,0.3308420191902069,001555_2014-06-20_17-12-10_260595134347_rgbf000065-resize,-2.7110935926503568,2.7110935926503568,1.633,7.608284543781994
476113.0,2.5,-0.3703919307988404,0.3703919307988404,003534_2014-05-22_15-06-10_094959634447_rgbf000102-resize,-2.65225835402726,2.65225835402726,1.426,12.376994007247625
476113.0,2.5,-0.07655489950875205,0.07655489950875205,002637_2014-06-24_14-51-13_094959634447_rgbf000066-resize,-2.62909930851965,2.62909930851965,1.9955,10.972027795242447
476113.0,2.5,-0.031036479118381918,0.031036479118381918,002340_2014-06-28_20-05-46_260595134347_rgbf000113-resize,-2.8107697857658454,2.8107697857658454,2.4735,7.91768620575396
476113.0,2.5,-0.002177461064009512,0.002177461064009512,001059_2014-06-08_21-53-27_260595134347_rgbf000061-resize,-2.7557697857658443,2.7557697857658443,2.4185,8.755513319222857
476113.0,2.5,-0.7466088277893014,0.7466088277893014,001032_2014-06-08_13-23-17_260595134347_rgbf000021-resize,-3.9060993085196496,3.9060993085196496,3.2725,15.984983178828962
476113.0,2.5,-0.5599435736421028,0.5599435736421028,003292_2014-05-14_21-53-49_094959634447_rgbf000100-resize,-3.8187697857658454,3.8187697857658454,3.4815,33.084282711345374
476113.0,2.5,-0.999846772077736,0.999846772077736,002639_2014-06-24_14-51-37_094959634447_rgbf000074-resize,-4.5229345471427465,4.5229345471427465,4.0375,16.521406794569987
476113.0,2.5,-0.3362208993499817,0.3362208993499817,001570_2014-06-20_17-21-09_260595134347_rgbf000135-resize,-4.063445978881331,4.063445978881331,4.467,22.179510675592084
476113.0,2.5,-1.200613652726457,1.200613652726457,001447_2014-06-19_17-00-32_260595134347_rgbf000082-resize,-4.77134930851965,4.77134930851965,4.13775,46.830399423560245
476113.0,2.5,-0.10029787900355512,0.10029787900355512,002549_2014-06-24_13-41-39_094959634447_rgbf000022-resize,-2.405928831273455,2.405928831273455,1.476,4.1736441355391865
476113.0,2.5,-0.2646632262813283,0.2646632262813283,002750_2014-06-22_19-08-03_094959634447_rgbf000094-resize,-2.9875993085196497,2.9875993085196497,2.354,8.789636111124727
476113.0,2.5,-0.2405268364448051,0.2405268364448051,001199_2014-06-17_16-03-48_260595134347_rgbf000077-resize,-3.4784402630120392,3.4784402630120392,3.4375,28.282249848901696
476113.0,2.5,-0.008736328803639948,0.008736328803639948,000502_2014-06-08_23-02-32_260595134347_rgbf000063-resize,-2.7682697857658445,2.7682697857658445,2.431,13.897287578908273
476113.0,2.5,-0.9067106067296802,0.9067106067296802,001806_2014-06-26_20-50-20_260595134347_rgbf000091-resize,-3.808593592650357,3.808593592650357,2.7305,13.909869710567438
476113.0,2.5,-0.7223411388753356,0.7223411388753356,001617_2014-06-20_11-35-32_260595134347_rgbf000066-resize,-4.128269785765845,4.128269785765845,3.7910000000000004,19.974169961071475
476113.0,2.5,-0.4304716461844785,0.4304716461844785,000191_2014-05-12_17-07-38_260595134347_rgbf000199-resize,-3.8404402630120393,3.8404402630120393,3.7995,12.340757267219296
476113.0,2.5,-0.12187710161888765,0.12187710161888765,000506_2014-06-08_23-21-00_260595134347_rgbf000070-resize,-3.654945978881332,3.654945978881332,4.0585,16.716212007621664
476113.0,2.5,-1.1339318307069068,1.1339318307069068,001450_2014-06-19_17-02-03_260595134347_rgbf000203-resize,-4.644265975186349,4.644265975186349,4.0106666666667,12.34882649363641
476113.0,2.5,-0.18005395416276124,0.18005395416276124,002600_2014-06-24_14-27-04_094959634447_rgbf000074-resize,-3.0947697857658447,3.0947697857658447,2.7575,44.47386082434929
476113.0,2.5,-0.5066196746122761,0.5066196746122761,003228_2014-05-14_13-42-35_094959634447_rgbf000101-resize,-3.0460935926503567,3.0460935926503567,1.9680000000000002,14.40337638638131
476113.0,2.5,-0.333924869611813,0.333924869611813,000368_2014-06-09_15-53-01_260595134347_rgbf000155-resize,-3.1195993085196503,3.1195993085196503,2.4859999999999998,21.090700959072958
476113.0,2.5,-0.06114149945929725,0.06114149945929725,002763_2014-06-22_19-13-10_094959634447_rgbf000075-resize,-2.4655140698965523,2.4655140698965523,1.68375,5.5919783591245595
476113.0,2.5,-0.4051540515415353,0.4051540515415353,002209_2014-06-28_18-36-10_260595134347_rgbf000051-resize,-2.9869288312734548,2.9869288312734548,2.057,12.962068825921264
476113.0,2.5,-0.02375644023403833,0.02375644023403833,000009_2014-05-26_14-32-05_260595134347_rgbf000034-resize,-3.4679459788813323,3.4679459788813323,3.8715,34.796526826055185
476113.0,2.5,-0.6727563422090546,0.6727563422090546,001828_2014-06-26_21-40-03_260595134347_rgbf000024-resize,-4.5706107402582346,4.5706107402582346,4.8260000000000005,35.55232951340613
476113.0,2.5,-0.223866947218176,0.223866947218176,001110_2014-06-15_17-25-28_260595134347_rgbf000150-resize,-2.641428831273455,2.641428831273455,1.7115,9.336195527413247
476113.0,2.5,-0.4349314328021102,0.4349314328021102,000927_2014-06-09_16-32-30_260595134347_rgbf000123-resize,-3.3120993085196497,3.3120993085196497,2.6785,11.715239650325241
476113.0,2.5,-0.8514196559912419,0.8514196559912419,002570_2014-06-24_13-59-54_094959634447_rgbf000059-resize,-4.374269785765844,4.374269785765844,4.037,41.596140375002705
476113.0,2.5,-0.5077347429893406,0.5077347429893406,001810_2014-06-26_20-51-35_260595134347_rgbf000040-resize,-3.1824288312734548,3.1824288312734548,2.2525,22.411391411207674
476113.0,2.5,-0.2100277971488844,0.2100277971488844,002875_2014-06-01_15-19-00_094959634447_rgbf000151-resize,-2.7492640698965527,2.7492640698965527,1.9675,11.625680938349673
476113.0,2.5,-0.7391315968434655,0.7391315968434655,001092_2014-06-15_17-34-58_260595134347_rgbf000171-resize,-3.623428831273455,3.623428831273455,2.6935,9.164038324933468
476113.0,2.5,-0.2968015564828585,0.2968015564828585,001167_2014-06-17_15-38-07_260595134347_rgbf000108-resize,-2.780428831273455,2.780428831273455,1.8505,12.019050657019696
476113.0,2.5,-0.3341869808760873,0.3341869808760873,003587_2014-05-23_16-48-02_094959634447_rgbf002384-resize,-2.58325835402726,2.58325835402726,1.357,20.788172722830538
343481.0,2.5,-1.0158141530866327,1.0158141530866327,001808_2014-06-26_20-50-58_260595134347_rgbf000029-resize,-4.639425885997111,4.639425885997111,4.249,20.030651550568866
343481.0,2.5,-1.3048700772084698,1.3048700772084698,001815_2014-06-26_20-52-55_260595134347_rgbf000020-resize,-4.5185436841533875,4.5185436841533875,3.3865,18.626322656731816
343481.0,2.5,-0.4717494512479851,0.4717494512479851,001417_2014-06-19_16-25-36_260595134347_rgbf000115-resize,-4.274308087840835,4.274308087840835,4.6255,49.17091269608214
343481.0,2.5,-0.0976316353795274,0.0976316353795274,003081_2014-06-15_15-19-16_094959634447_rgbf000150-resize,-3.561308087840834,3.561308087840834,3.9125,16.632991649560594
343481.0,2.5,-0.21563228885182006,0.21563228885182006,000682_2014-06-08_23-14-58_260595134347_rgbf000041-resize,-3.1144258859971115,3.1144258859971115,2.7239999999999998,8.707843071693064
343481.0,2.5,-0.5513873512798257,0.5513873512798257,001650_2014-06-20_12-09-00_260595134347_rgbf000087-resize,-3.0825436841533884,3.0825436841533884,1.9505,47.6804595860539
343481.0,2.5,-0.3808567900494555,0.3808567900494555,003495_2014-05-21_16-01-51_094959634447_rgbf000100-resize,-2.757543684153388,2.757543684153388,1.6255,12.747278812179
343481.0,2.5,-0.5850866857887866,0.5850866857887866,000556_2014-06-09_22-42-56_260595134347_rgbf000214-resize,-4.490308087840834,4.490308087840834,4.8415,23.88242025565649
343481.0,2.5,-0.9022145638362502,0.9022145638362502,001150_2014-06-17_15-27-34_260595134347_rgbf000108-resize,-4.4229258859971115,4.4229258859971115,4.0325,11.088139074292139
343481.0,2.5,-0.3903605254355565,0.3903605254355565,000665_2014-06-09_20-42-35_260595134347_rgbf000110-resize,-3.447425885997111,3.447425885997111,3.057,18.49880761375764
343481.0,2.5,-0.8943439225486884,0.8943439225486884,002375_2014-06-28_20-13-44_260595134347_rgbf000032-resize,-4.407925885997111,4.407925885997111,4.0175,48.76103649676905
343481.0,2.5,-0.5488227700249992,0.5488227700249992,000788_2014-06-08_22-34-36_260595134347_rgbf000131-resize,-3.7494258859971112,3.7494258859971112,3.359,21.46386213810664
343481.0,2.5,-1.3027712395317816,1.3027712395317816,000780_2014-06-08_22-28-29_260595134347_rgbf000126-resize,-4.514543684153388,4.514543684153388,3.3825,14.165390776882042
343481.0,2.5,-0.4886845756889662,0.4886845756889662,000470_2014-06-09_19-42-40_260595134347_rgbf000094-resize,-2.963043684153388,2.963043684153388,1.831,22.486379427626872
343481.0,2.5,-0.2386605374542907,0.2386605374542907,000109_2014-05-14_23-41-52_260595134347_rgbf000035-resize,-2.4865436841533883,2.4865436841533883,1.3545,6.620498200896815
343481.0,2.5,-0.4162746758434603,0.4162746758434603,003338_2014-05-20_11-01-23_094959634447_rgbf000051-resize,-2.825043684153388,2.825043684153388,1.693,28.251495663089063
343481.0,2.5,-0.7032907281296483,0.7032907281296483,001100_2014-06-15_17-46-26_260595134347_rgbf000225-resize,-3.3720436841533887,3.3720436841533887,2.24,9.548860596737413
343481.0,2.5,-0.39476158965746944,0.39476158965746944,000469_2014-06-09_19-42-10_260595134347_rgbf000081-resize,-2.784043684153388,2.784043684153388,1.652,25.13136208408983
343481.0,2.5,-0.2294781226188073,0.2294781226188073,000483_2014-06-09_20-41-45_260595134347_rgbf000116-resize,-2.4690436841533883,2.4690436841533883,1.337,29.232414989368262
343481.0,2.5,-0.4152252570051176,0.4152252570051176,002964_2014-06-08_17-46-11_094959634447_rgbf000091-resize,-2.8230436841533884,2.8230436841533884,1.6909999999999998,28.953812917975768
343481.0,2.5,-0.3576251525784397,0.3576251525784397,002039_2014-06-24_20-22-38_260595134347_rgbf000084-resize,-4.056808087840834,4.056808087840834,4.408,15.524303639345458
343481.0,2.5,-0.940255996726098,0.940255996726098,002103_2014-06-25_20-00-40_260595134347_rgbf000049-resize,-4.495425885997111,4.495425885997111,4.105,11.598018874569219
343481.0,2.5,-1.4273897265847468,1.4273897265847468,002213_2014-06-28_18-37-58_260595134347_rgbf000055-resize,-4.752043684153389,4.752043684153389,3.62,11.387296889913552
343481.0,2.5,-1.0328082433686308,1.0328082433686308,000929_2014-06-09_16-33-19_260595134347_rgbf000139-resize,-4.000043684153389,4.000043684153389,2.8680000000000003,19.501338012209015
343481.0,2.5,-0.1348860041406192,0.1348860041406192,003621_2014-05-23_18-06-08_094959634447_rgbf000101-resize,-3.6323080878408343,3.6323080878408343,3.9835,23.07176470133362
343481.0,2.5,-0.2773446114453688,0.2773446114453688,001175_2014-06-17_15-45-55_260595134347_rgbf000129-resize,-3.9038080878408343,3.9038080878408343,4.255,15.34903910495583
343481.0,2.5,-0.3567201567676201,0.3567201567676201,002344_2014-06-28_20-06-29_260595134347_rgbf000030-resize,-2.711543684153388,2.711543684153388,1.5795,37.33165518125916
343481.0,2.5,-0.4939316698806726,0.4939316698806726,000549_2014-06-08_22-10-24_260595134347_rgbf000247-resize,-2.9730436841533883,2.9730436841533883,1.841,30.99307977870557
343481.0,2.5,-0.630677439415575,0.630677439415575,000736_2014-06-08_18-24-15_260595134347_rgbf000206-resize,-3.905425885997112,3.905425885997112,3.515,33.408170606136416
343481.0,2.5,-0.7728736920107455,0.7728736920107455,000137_2014-05-20_17-04-49_260595134347_rgbf000120-resize,-4.176425885997111,4.176425885997111,3.786,14.89611111351161
343481.0,2.5,-1.039891820527435,1.039891820527435,000642_2014-06-08_16-59-25_260595134347_rgbf000098-resize,-4.0135436841533885,4.0135436841533885,2.8815,31.36214301237791
343481.0,2.5,-0.5752616298520772,0.5752616298520772,002199_2014-06-28_18-33-56_260595134347_rgbf000074-resize,-3.128043684153388,3.128043684153388,1.996,17.12852126070164
343481.0,2.5,-0.5928393953942857,0.5928393953942857,002905_2014-06-03_18-04-43_094959634447_rgbf000151-resize,-3.161543684153388,3.161543684153388,2.0295,12.020604335789361
343481.0,2.5,-0.3161731084639738,0.3161731084639738,000414_2014-06-04_19-49-13_260595134347_rgbf000044-resize,-3.9778080878408337,3.9778080878408337,4.329,13.241348366125557
343481.0,2.5,-0.6317858240949571,0.6317858240949571,003129_2014-05-12_10-48-10_094959634447_rgbf000100-resize,-4.579308087840834,4.579308087840834,4.9305,17.9074543760639
343481.0,2.5,-0.19837584386022827,0.19837584386022827,001052_2014-06-08_18-24-54_260595134347_rgbf000130-resize,-3.7533080878408343,3.7533080878408343,4.1045,25.87613690895519
343481.0,2.5,-0.17706614654280498,0.17706614654280498,001214_2014-06-17_16-13-55_260595134347_rgbf000111-resize,-3.0409258859971118,3.0409258859971118,2.6505,18.479282579459067
343481.0,2.5,-0.125060948203908,0.125060948203908,002272_2014-06-28_18-53-56_260595134347_rgbf000067-resize,-2.2700436841533884,2.2700436841533884,1.138,10.409245808146235
343481.0,2.5,-0.5039011488449118,0.5039011488449118,001571_2014-06-20_17-21-32_260595134347_rgbf000089-resize,-2.9920436841533884,2.9920436841533884,1.86,4.991960350191473
343481.0,2.5,-0.7991091629692713,0.7991091629692713,002995_2014-06-15_12-31-26_094959634447_rgbf000150-resize,-4.226425885997111,4.226425885997111,3.8360000000000003,27.231594395483473
343481.0,2.5,-0.25451975171145985,0.25451975171145985,001133_2014-06-17_14-49-16_260595134347_rgbf000100-resize,-3.8603080878408345,3.8603080878408345,4.2115,26.759918254713728
343481.0,2.5,-0.755558281178123,0.755558281178123,001132_2014-06-17_14-48-54_260595134347_rgbf000100-resize,-4.143425885997111,4.143425885997111,3.753,14.398279213278778
343481.0,2.5,-0.32975658752138065,0.32975658752138065,003070_2014-06-15_14-58-27_094959634447_rgbf000150-resize,-3.3319258859971117,3.3319258859971117,2.9415,10.664823740812926
343481.0,2.5,-0.5650297961782516,0.5650297961782516,000943_2014-06-09_19-31-07_260595134347_rgbf000128-resize,-3.108543684153388,3.108543684153388,1.9765,15.893099149291922
343481.0,2.5,-0.4739927119521962,0.4739927119521962,000709_2014-06-08_13-51-55_260595134347_rgbf000068-resize,-2.9350436841533885,2.9350436841533885,1.8030000000000002,14.429351101546246
343481.0,2.5,-0.39613232904642587,0.39613232904642587,000854_2014-06-09_19-43-13_260595134347_rgbf000066-resize,-3.4584258859971118,3.4584258859971118,3.068,11.910827625938722
343481.0,2.5,-0.10072092605351274,0.10072092605351274,002153_2014-06-25_21-27-18_260595134347_rgbf000038-resize,-2.895425885997111,2.895425885997111,2.505,17.28886317575377
343481.0,2.5,-0.9365830307919009,0.9365830307919009,000734_2014-06-08_17-39-11_260595134347_rgbf000128-resize,-4.488425885997112,4.488425885997112,4.098,16.052231618370055
343481.0,2.5,-0.7722900167505515,0.7722900167505515,000522_2014-06-08_13-35-06_260595134347_rgbf000244-resize,-3.5035436841533887,3.5035436841533887,2.3715,25.742609854068213
343481.0,2.5,-0.5204294955487759,0.5204294955487759,002949_2014-06-26_15-57-42_094959634447_rgbf000079-resize,-3.0235436841533883,3.0235436841533883,1.8915,17.99500168321199
343481.0,2.5,-0.9887916179993488,0.9887916179993488,002989_2014-06-15_12-25-03_094959634447_rgbf000150-resize,-4.5879258859971115,4.5879258859971115,4.1975,27.906783421951957
343481.0,2.5,-1.2151447665303379,1.2151447665303379,000866_2014-06-09_20-45-42_260595134347_rgbf000139-resize,-4.347543684153388,4.347543684153388,3.2155,8.082259189449621
343481.0,2.5,-0.3847921106932378,0.3847921106932378,001555_2014-06-20_17-12-10_260595134347_rgbf000065-resize,-2.7650436841533885,2.7650436841533885,1.633,7.608284543781994
343481.0,2.5,-0.27617726092496864,0.27617726092496864,003534_2014-05-22_15-06-10_094959634447_rgbf000102-resize,-2.558043684153388,2.558043684153388,1.426,12.376994007247625
343481.0,2.5,-0.6540859744096865,0.6540859744096865,000773_2014-06-08_22-24-54_260595134347_rgbf000093-resize,-4.621808087840834,4.621808087840834,4.973,21.45352631724976
343481.0,2.5,-0.055333561295275946,0.055333561295275946,001059_2014-06-08_21-53-27_260595134347_rgbf000061-resize,-2.8089258859971107,2.8089258859971107,2.4185,8.755513319222857
343481.0,2.5,-0.5034354052667627,0.5034354052667627,001032_2014-06-08_13-23-17_260595134347_rgbf000021-resize,-3.662925885997111,3.662925885997111,3.2725,15.984983178828962
343481.0,2.5,-0.9048381109321,0.9048381109321,002639_2014-06-24_14-51-37_094959634447_rgbf000074-resize,-4.427925885997111,4.427925885997111,4.0375,16.521406794569987
343481.0,2.5,-0.38858300830948383,0.38858300830948383,001570_2014-06-20_17-21-09_260595134347_rgbf000135-resize,-4.1158080878408345,4.1158080878408345,4.467,22.179510675592084
343481.0,2.5,-0.9559972793012009,0.9559972793012009,001392_2014-06-19_16-07-59_260595134347_rgbf000046-resize,-4.5254258859971115,4.5254258859971115,4.135,18.95235574822112
343481.0,2.5,-1.1364973194958126,1.1364973194958126,000447_2014-06-08_16-15-46_260595134347_rgbf000130-resize,-4.869425885997111,4.869425885997111,4.479,19.081432914605553
343481.0,2.5,-0.21582243204764132,0.21582243204764132,001447_2014-06-19_17-00-32_260595134347_rgbf000082-resize,-3.7865580878408336,3.7865580878408336,4.13775,46.830399423560245
343481.0,2.5,-0.3654368280249632,0.3654368280249632,002630_2014-06-24_14-47-50_094959634447_rgbf000055-resize,-3.3999258859971118,3.3999258859971118,3.0095,10.661401196716628
343481.0,2.5,-0.8685741951683126,0.8685741951683126,002758_2014-06-22_19-11-20_094959634447_rgbf000128-resize,-3.687043684153388,3.687043684153388,2.555,7.204478276142114
343481.0,2.5,-0.8035102271911836,0.8035102271911836,000502_2014-06-08_23-02-32_260595134347_rgbf000063-resize,-3.563043684153389,3.563043684153389,2.431,13.897287578908273
343481.0,2.5,-0.21726538295035694,0.21726538295035694,003083_2014-06-15_15-21-03_094959634447_rgbf000063-resize,-3.7893080878408334,3.7893080878408334,4.1405,19.172834459547143
343481.0,2.5,-0.21904290007643384,0.21904290007643384,001806_2014-06-26_20-50-20_260595134347_rgbf000091-resize,-3.1209258859971114,3.1209258859971114,2.7305,13.909869710567438
343481.0,2.5,-0.7754972391066021,0.7754972391066021,001617_2014-06-20_11-35-32_260595134347_rgbf000066-resize,-4.181425885997111,4.181425885997111,3.7910000000000004,19.974169961071475
343481.0,2.5,-0.5913242329778028,0.5913242329778028,000493_2014-06-09_21-01-18_260595134347_rgbf000196-resize,-3.830425885997111,3.830425885997111,3.44,19.629285382994567
343481.0,2.5,-0.5976207460078466,0.5976207460078466,001449_2014-06-19_17-01-27_260595134347_rgbf000116-resize,-3.842425885997111,3.842425885997111,3.452,8.994872108877228
343481.0,2.5,-0.14914061002809115,0.14914061002809115,001450_2014-06-19_17-02-03_260595134347_rgbf000203-resize,-3.659474754507534,3.659474754507534,4.0106666666667,12.34882649363641
343481.0,2.5,-0.5605697661153068,0.5605697661153068,003228_2014-05-14_13-42-35_094959634447_rgbf000101-resize,-3.1000436841533885,3.1000436841533885,1.9680000000000002,14.40337638638131
343481.0,2.5,-0.8323692452455516,0.8323692452455516,000368_2014-06-09_15-53-01_260595134347_rgbf000155-resize,-3.618043684153388,3.618043684153388,2.4859999999999998,21.090700959072958
343481.0,2.5,-0.0761185491935405,0.0761185491935405,000009_2014-05-26_14-32-05_260595134347_rgbf000034-resize,-3.520308087840834,3.520308087840834,3.8715,34.796526826055185
343481.0,2.5,-0.5769536897916541,0.5769536897916541,001828_2014-06-26_21-40-03_260595134347_rgbf000024-resize,-4.4748080878408345,4.4748080878408345,4.8260000000000005,35.55232951340613
343481.0,2.5,-0.4259818000981095,0.4259818000981095,001110_2014-06-15_17-25-28_260595134347_rgbf000150-resize,-2.8435436841533885,2.8435436841533885,1.7115,9.336195527413247
343481.0,2.5,-0.1917580102795716,0.1917580102795716,000927_2014-06-09_16-32-30_260595134347_rgbf000123-resize,-3.068925885997112,3.068925885997112,2.6785,11.715239650325241
343481.0,2.5,-1.6461935543787856,1.6461935543787856,002570_2014-06-24_13-59-54_094959634447_rgbf000059-resize,-5.1690436841533876,5.1690436841533876,4.037,41.596140375002705
343481.0,2.5,-0.5328780985813344,0.5328780985813344,002467_2014-06-28_20-38-07_260595134347_rgbf000026-resize,-4.390808087840834,4.390808087840834,4.742,15.331046216195933
343481.0,2.5,-0.5368134192251204,0.5368134192251204,002663_2014-06-13_15-50-26_094959634447_rgbf000075-resize,-4.398308087840834,4.398308087840834,4.7495,16.725954086732166
343481.0,2.5,-0.7453264475043047,0.7453264475043047,000409_2014-06-04_19-23-33_260595134347_rgbf000067-resize,-4.123925885997111,4.123925885997111,3.7335,12.696549983566419
343481.0,2.5,-0.08393022464006711,0.08393022464006711,001011_2014-06-08_23-18-54_260595134347_rgbf000044-resize,-2.863425885997112,2.863425885997112,2.4730000000000003,11.624075606213012
343481.0,2.5,-0.5603074114057203,0.5603074114057203,002875_2014-06-01_15-19-00_094959634447_rgbf000151-resize,-3.0995436841533883,3.0995436841533883,1.9675,11.625680938349673
343481.0,2.5,-0.941246449723399,0.941246449723399,001092_2014-06-15_17-34-58_260595134347_rgbf000171-resize,-3.8255436841533883,3.8255436841533883,2.6935,9.164038324933468
343481.0,2.5,-0.4989164093627921,0.4989164093627921,001167_2014-06-17_15-38-07_260595134347_rgbf000108-resize,-2.9825436841533883,2.9825436841533883,1.8505,12.019050657019696
343481.0,2.5,-0.5366194302647265,0.5366194302647265,003587_2014-05-23_16-48-02_094959634447_rgbf002384-resize,-2.7856908034158985,2.7856908034158985,1.357,20.788172722830538
452742.0,2.5,-0.3947613255913546,0.3947613255913546,001029_2014-06-08_13-17-57_260595134347_rgbf000065-resize,-3.464421886544895,3.464421886544895,3.0835,18.209734661918688
452742.0,2.5,-0.4792458014149982,0.4792458014149982,001516_2014-06-20_16-25-09_260595134347_rgbf000076-resize,-2.9124922746376574,2.9124922746376574,1.7445,3.8622659094666254
452742.0,2.5,-0.8103280559056658,0.8103280559056658,001417_2014-06-19_16-25-36_260595134347_rgbf000115-resize,-4.612886692498513,4.612886692498513,4.6255,49.17091269608214
452742.0,2.5,-0.8297454340835887,0.8297454340835887,003081_2014-06-15_15-19-16_094959634447_rgbf000150-resize,-4.2934218865448965,4.2934218865448965,3.9125,16.632991649560594
452742.0,2.5,-0.9808711358104758,0.9808711358104758,001650_2014-06-20_12-09-00_260595134347_rgbf000087-resize,-3.512027468684038,3.512027468684038,1.9505,47.6804595860539
452742.0,2.5,-0.8103405745801056,0.8103405745801056,003495_2014-05-21_16-01-51_094959634447_rgbf000100-resize,-3.1870274686840383,3.1870274686840383,1.6255,12.747278812179
452742.0,2.5,-0.38085652598334063,0.38085652598334063,000665_2014-06-09_20-42-35_260595134347_rgbf000110-resize,-3.437921886544895,3.437921886544895,3.057,18.49880761375764
452742.0,2.5,-0.30398346640627344,0.30398346640627344,001235_2014-06-17_16-37-36_260595134347_rgbf000084-resize,-3.6478866924985134,3.6478866924985134,3.6605,14.547706659434104
452742.0,2.5,-0.30424582111585424,0.30424582111585424,000692_2014-06-08_13-09-42_260595134347_rgbf000199-resize,-3.6483866924985136,3.6483866924985136,3.661,54.80046590295557
452742.0,2.5,-0.5246331661732353,0.5246331661732353,000470_2014-06-09_19-42-40_260595134347_rgbf000094-resize,-2.9989922746376574,2.9989922746376574,1.831,22.486379427626872
452742.0,2.5,-0.6429582698647627,0.6429582698647627,002509_2014-06-24_13-19-22_094959634447_rgbf000077-resize,-2.8680274686840384,2.8680274686840384,1.3065,40.21868783296904
452742.0,2.5,-0.4522232663277295,0.4522232663277295,003338_2014-05-20_11-01-23_094959634447_rgbf000051-resize,-2.860992274637657,2.860992274637657,1.693,28.251495663089063
452742.0,2.5,-0.5108158181351,0.5108158181351,002784_2014-06-22_19-26-30_094959634447_rgbf000083-resize,-2.972658941304357,2.972658941304357,1.8046666666667,3.0422522474895675
452742.0,2.5,-1.1327745126602984,1.1327745126602984,001100_2014-06-15_17-46-26_260595134347_rgbf000225-resize,-3.8015274686840383,3.8015274686840383,2.24,9.548860596737413
452742.0,2.5,-0.8242453741881195,0.8242453741881195,000469_2014-06-09_19-42-10_260595134347_rgbf000081-resize,-3.2135274686840383,3.2135274686840383,1.652,25.13136208408983
452742.0,2.5,-0.6589619071494573,0.6589619071494573,000483_2014-06-09_20-41-45_260595134347_rgbf000116-resize,-2.8985274686840383,2.8985274686840383,1.337,29.232414989368262
452742.0,2.5,-0.8447090415357676,0.8447090415357676,002964_2014-06-08_17-46-11_094959634447_rgbf000091-resize,-3.252527468684038,3.252527468684038,1.6909999999999998,28.953812917975768
452742.0,2.5,-0.19721135894231867,0.19721135894231867,002136_2014-06-25_21-18-03_260595134347_rgbf000109-resize,-2.731457080591277,2.731457080591277,1.9569999999999999,13.297078442475444
452742.0,2.5,-0.29794930808581194,0.29794930808581194,000457_2014-06-08_16-52-43_260595134347_rgbf000199-resize,-3.6363866924985135,3.6363866924985135,3.6489999999999996,14.067279821032837
452742.0,2.5,-0.07992941475191867,0.07992941475191867,003621_2014-05-23_18-06-08_094959634447_rgbf000101-resize,-3.5773514984521335,3.5773514984521335,3.9835,23.07176470133362
452742.0,2.5,-0.23550888720453164,0.23550888720453164,001584_2014-06-20_11-07-43_260595134347_rgbf000002-resize,-3.5173866924985133,3.5173866924985133,3.53,17.602834139105468
452742.0,2.5,-0.2955881156995425,0.2955881156995425,003490_2014-05-21_15-50-11_094959634447_rgbf000101-resize,-3.631886692498514,3.631886692498514,3.6445,19.999457360175192
452742.0,2.5,-0.35322808924423665,0.35322808924423665,002279_2014-06-28_18-55-32_260595134347_rgbf000040-resize,-2.6723256079709574,2.6723256079709574,1.5043333333333,15.963772282558683
452742.0,2.5,-0.09042360313532176,0.09042360313532176,003048_2014-06-15_13-49-43_094959634447_rgbf000150-resize,-3.5973514984521335,3.5973514984521335,4.0035,24.355606534500392
452742.0,2.5,-0.32209220070486444,0.32209220070486444,002725_2014-06-22_11-47-51_094959634447_rgbf000070-resize,-2.969457080591276,2.969457080591276,2.195,3.938570017428758
452742.0,2.5,-0.5298802603649417,0.5298802603649417,000549_2014-06-08_22-10-24_260595134347_rgbf000247-resize,-3.0089922746376576,3.0089922746376576,1.841,30.99307977870557
452742.0,2.5,-0.6211734399633592,0.6211734399633592,000736_2014-06-08_18-24-15_260595134347_rgbf000206-resize,-3.8959218865448952,3.8959218865448952,3.515,33.408170606136416
452742.0,2.5,-0.36983449851214906,0.36983449851214906,000137_2014-05-20_17-04-49_260595134347_rgbf000120-resize,-3.7733866924985136,3.7733866924985136,3.786,14.89611111351161
452742.0,2.5,-0.28877002291894194,0.28877002291894194,000642_2014-06-08_16-59-25_260595134347_rgbf000098-resize,-3.262421886544895,3.262421886544895,2.8815,31.36214301237791
452742.0,2.5,-1.0047454143827272,1.0047454143827272,002199_2014-06-28_18-33-56_260595134347_rgbf000074-resize,-3.5575274686840386,3.5575274686840386,1.996,17.12852126070164
452742.0,2.5,-0.1864454268435069,0.1864454268435069,000917_2014-06-09_22-45-29_260595134347_rgbf000149-resize,-3.7803514984521334,3.7803514984521334,4.1865,9.740561609074897
452742.0,2.5,-0.26804713053032103,0.26804713053032103,000878_2014-06-08_22-52-45_260595134347_rgbf000045-resize,-2.8664570805912764,2.8664570805912764,2.092,5.576511521775202
452742.0,2.5,-0.3777145288055328,0.3777145288055328,002953_2014-06-08_17-32-18_094959634447_rgbf000059-resize,-2.7189922746376576,2.7189922746376576,1.551,13.905027931093345
452742.0,2.5,-0.6287879858785548,0.6287879858785548,002905_2014-06-03_18-04-43_094959634447_rgbf000151-resize,-3.197492274637657,3.197492274637657,2.0295,12.020604335789361
452742.0,2.5,-0.5768292347062565,0.5768292347062565,003129_2014-05-12_10-48-10_094959634447_rgbf000100-resize,-4.524351498452133,4.524351498452133,4.9305,17.9074543760639
452742.0,2.5,-0.4910392446719022,0.4910392446719022,002988_2014-06-15_12-24-20_094959634447_rgbf000150-resize,-4.360851498452133,4.360851498452133,4.7669999999999995,14.460306569198616
452742.0,2.5,-0.3438707712690493,0.3438707712690493,000810_2014-06-08_17-20-01_260595134347_rgbf000105-resize,-2.6544922746376574,2.6544922746376574,1.4865,3.0958890116960642
452742.0,2.5,-0.5610973411369703,0.5610973411369703,001214_2014-06-17_16-13-55_260595134347_rgbf000111-resize,-3.4249570805912763,3.4249570805912763,2.6505,18.479282579459067
452742.0,2.5,-0.5545447327345581,0.5545447327345581,002272_2014-06-28_18-53-56_260595134347_rgbf000067-resize,-2.699527468684038,2.699527468684038,1.138,10.409245808146235
452742.0,2.5,-0.14631454528279986,0.14631454528279986,001571_2014-06-20_17-21-32_260595134347_rgbf000089-resize,-2.6344570805912766,2.6344570805912766,1.86,4.991960350191473
452742.0,2.5,-0.5930983563691405,0.5930983563691405,001133_2014-06-17_14-49-16_260595134347_rgbf000100-resize,-4.1988866924985135,4.1988866924985135,4.2115,26.759918254713728
452742.0,2.5,-0.7460542817259072,0.7460542817259072,001132_2014-06-17_14-48-54_260595134347_rgbf000100-resize,-4.133921886544895,4.133921886544895,3.753,14.398279213278778
452742.0,2.5,-0.3202525880691648,0.3202525880691648,003070_2014-06-15_14-58-27_094959634447_rgbf000150-resize,-3.322421886544895,3.322421886544895,2.9415,10.664823740812926
452742.0,2.5,-0.6009783866625207,0.6009783866625207,000943_2014-06-09_19-31-07_260595134347_rgbf000128-resize,-3.1444922746376567,3.1444922746376567,1.9765,15.893099149291922
452742.0,2.5,-0.11640610839008425,0.11640610839008425,000709_2014-06-08_13-51-55_260595134347_rgbf000068-resize,-2.577457080591276,2.577457080591276,1.8030000000000002,14.429351101546246
452742.0,2.5,-0.5508623777945284,0.5508623777945284,000758_2014-06-08_22-05-08_260595134347_rgbf000085-resize,-3.7619218865448953,3.7619218865448953,3.3810000000000002,11.91317737826679
452742.0,2.5,-1.1736987176869722,1.1736987176869722,000854_2014-06-09_19-43-13_260595134347_rgbf000066-resize,-4.235992274637658,4.235992274637658,3.068,11.910827625938722
452742.0,2.5,-0.4055209983529552,0.4055209983529552,001164_2014-06-17_15-35-46_260595134347_rgbf000085-resize,-3.1284570805912764,3.1284570805912764,2.354,17.325668807481115
452742.0,2.5,-0.5427356411346129,0.5427356411346129,001136_2014-06-17_15-19-41_260595134347_rgbf000076-resize,-3.0334922746376574,3.0334922746376574,1.8655,18.667799879387072
452742.0,2.5,-0.5335438372933046,0.5335438372933046,000734_2014-06-08_17-39-11_260595134347_rgbf000128-resize,-4.085386692498513,4.085386692498513,4.098,16.052231618370055
452742.0,2.5,-1.2017738012812016,1.2017738012812016,000522_2014-06-08_13-35-06_260595134347_rgbf000244-resize,-3.9330274686840383,3.9330274686840383,2.3715,25.742609854068213
452742.0,2.5,-0.5563780860330451,0.5563780860330451,002949_2014-06-26_15-57-42_094959634447_rgbf000079-resize,-3.0594922746376567,3.0594922746376567,1.8915,17.99500168321199
452742.0,2.5,-0.8575581629682262,0.8575581629682262,000866_2014-06-09_20-45-42_260595134347_rgbf000139-resize,-3.989957080591276,3.989957080591276,3.2155,8.082259189449621
452742.0,2.5,-0.8142758952238879,0.8142758952238879,001555_2014-06-20_17-12-10_260595134347_rgbf000065-resize,-3.194527468684038,3.194527468684038,1.633,7.608284543781994
452742.0,2.5,-0.31212585140923776,0.31212585140923776,003534_2014-05-22_15-06-10_094959634447_rgbf000102-resize,-2.5939922746376576,2.5939922746376576,1.426,12.376994007247625
452742.0,2.5,-0.599129385020986,0.599129385020986,000773_2014-06-08_22-24-54_260595134347_rgbf000093-resize,-4.566851498452134,4.566851498452134,4.973,21.45352631724976
452742.0,2.5,-0.6035956744211534,0.6035956744211534,003292_2014-05-14_21-53-49_094959634447_rgbf000100-resize,-3.862421886544895,3.862421886544895,3.4815,33.084282711345374
452742.0,2.5,-0.554401036705322,0.554401036705322,001447_2014-06-19_17-00-32_260595134347_rgbf000082-resize,-4.125136692498513,4.125136692498513,4.13775,46.830399423560245
452742.0,2.5,-0.4202034730838903,0.4202034730838903,000742_2014-06-08_18-48-09_260595134347_rgbf000164-resize,-4.225851498452133,4.225851498452133,4.632,18.91549953899407
452742.0,2.5,-0.5109875916062007,0.5109875916062007,002758_2014-06-22_19-11-20_094959634447_rgbf000128-resize,-3.3294570805912764,3.3294570805912764,2.555,7.204478276142114
452742.0,2.5,-0.7318965164141387,0.7318965164141387,002549_2014-06-24_13-41-39_094959634447_rgbf000022-resize,-3.037527468684038,3.037527468684038,1.476,4.1736441355391865
452742.0,2.5,-0.011985804306573809,0.011985804306573809,002750_2014-06-22_19-08-03_094959634447_rgbf000094-resize,-2.734921886544895,2.734921886544895,2.354,8.789636111124727
452742.0,2.5,-0.4459236236290717,0.4459236236290717,000502_2014-06-08_23-02-32_260595134347_rgbf000063-resize,-3.2054570805912763,3.2054570805912763,2.431,13.897287578908273
452742.0,2.5,-0.209538900624218,0.209538900624218,001806_2014-06-26_20-50-20_260595134347_rgbf000091-resize,-3.1114218865448957,3.1114218865448957,2.7305,13.909869710567438
452742.0,2.5,-0.1882850394792064,0.1882850394792064,000493_2014-06-09_21-01-18_260595134347_rgbf000196-resize,-3.4273866924985144,3.4273866924985144,3.44,19.629285382994567
452742.0,2.5,-0.5881167465556308,0.5881167465556308,001449_2014-06-19_17-01-27_260595134347_rgbf000116-resize,-3.832921886544895,3.832921886544895,3.452,8.994872108877228
452742.0,2.5,-0.4877192146857718,0.4877192146857718,001450_2014-06-19_17-02-03_260595134347_rgbf000203-resize,-3.998053359165215,3.998053359165215,4.0106666666667,12.34882649363641
452742.0,2.5,-0.22370605494181184,0.22370605494181184,002600_2014-06-24_14-27-04_094959634447_rgbf000074-resize,-3.138421886544895,3.138421886544895,2.7575,44.47386082434929
452742.0,2.5,-0.596518356599576,0.596518356599576,003228_2014-05-14_13-42-35_094959634447_rgbf000101-resize,-3.1359922746376574,3.1359922746376574,1.9680000000000002,14.40337638638131
452742.0,2.5,-0.8683178357298207,0.8683178357298207,000368_2014-06-09_15-53-01_260595134347_rgbf000155-resize,-3.6539922746376576,3.6539922746376576,2.4859999999999998,21.090700959072958
452742.0,2.5,-0.44736970420040223,0.44736970420040223,002763_2014-06-22_19-13-10_094959634447_rgbf000075-resize,-2.8517422746376573,2.8517422746376573,1.68375,5.5919783591245595
452742.0,2.5,-0.6432174949057379,0.6432174949057379,002209_2014-06-28_18-36-10_260595134347_rgbf000051-resize,-3.2249922746376574,3.2249922746376574,2.057,12.962068825921264
452742.0,2.5,-0.6652521608422807,0.6652521608422807,000906_2014-06-08_13-35-43_260595134347_rgbf000155-resize,-3.623457080591277,3.623457080591277,2.8489999999999998,16.12201726422563
452742.0,2.5,-0.032971051404781376,0.032971051404781376,002805_2014-06-22_19-54-03_094959634447_rgbf000079-resize,-3.1313866924985145,3.1313866924985145,3.1439999999999997,7.377848172936663
452742.0,2.5,-0.1822540108273557,0.1822540108273557,000927_2014-06-09_16-32-30_260595134347_rgbf000123-resize,-3.059421886544895,3.059421886544895,2.6785,11.715239650325241
452742.0,2.5,-1.6821421448630547,1.6821421448630547,002570_2014-06-24_13-59-54_094959634447_rgbf000059-resize,-5.204992274637657,5.204992274637657,4.037,41.596140375002705
452742.0,2.5,-1.2649918972853955,1.2649918972853955,002467_2014-06-28_20-38-07_260595134347_rgbf000026-resize,-5.122921886544894,5.122921886544894,4.742,15.331046216195933
452742.0,2.5,-0.019590961215932595,0.019590961215932595,003010_2014-06-15_12-54-35_094959634447_rgbf000112-resize,-3.1058866924985145,3.1058866924985145,3.1185,6.696951333567531
452742.0,2.5,-0.3422872540057082,0.3422872540057082,000409_2014-06-04_19-23-33_260595134347_rgbf000067-resize,-3.720886692498514,3.720886692498514,3.7335,12.696549983566419
452742.0,2.5,-0.07442622518785125,0.07442622518785125,001011_2014-06-08_23-18-54_260595134347_rgbf000044-resize,-2.8539218865448954,2.8539218865448954,2.4730000000000003,11.624075606213012
452742.0,2.5,-0.5836598461612871,0.5836598461612871,001092_2014-06-15_17-34-58_260595134347_rgbf000171-resize,-3.4679570805912765,3.4679570805912765,2.6935,9.164038324933468
452742.0,2.5,-0.1413298058006801,0.1413298058006801,001167_2014-06-17_15-38-07_260595134347_rgbf000108-resize,-2.6249570805912765,2.6249570805912765,1.8505,12.019050657019696
452742.0,2.5,-0.27592090148648474,0.27592090148648474,003587_2014-05-23_16-48-02_094959634447_rgbf002384-resize,-2.5249922746376576,2.5249922746376576,1.357,20.788172722830538
771837.0,2.5,-0.5487360786928628,0.5487360786928628,001808_2014-06-26_20-50-58_260595134347_rgbf000029-resize,-4.172347811603341,4.172347811603341,4.249,20.030651550568866
771837.0,2.5,-0.43344383360372457,0.43344383360372457,001815_2014-06-26_20-52-55_260595134347_rgbf000020-resize,-3.647117440548643,3.647117440548643,3.3865,18.626322656731816
771837.0,2.5,-0.6117265085404041,0.6117265085404041,001029_2014-06-08_13-17-57_260595134347_rgbf000065-resize,-3.681387069493945,3.681387069493945,3.0835,18.209734661918688
771837.0,2.5,-0.5223820801530954,0.5223820801530954,000677_2014-06-08_23-10-32_260595134347_rgbf000158-resize,-3.8166174405486433,3.8166174405486433,3.556,19.65196273325612
771837.0,2.5,-0.5836798541618892,0.5836798541618892,001516_2014-06-20_16-25-09_260595134347_rgbf000076-resize,-3.0169263273845486,3.0169263273845486,1.7445,3.8622659094666254
771837.0,2.5,-0.07174991711988897,0.07174991711988897,001417_2014-06-19_16-25-36_260595134347_rgbf000115-resize,-3.8743085537127375,3.8743085537127375,4.6255,49.17091269608214
771837.0,2.5,-0.7603631012939555,0.7603631012939555,000682_2014-06-08_23-14-58_260595134347_rgbf000041-resize,-3.659156698439247,3.659156698439247,2.7239999999999998,8.707843071693064
771837.0,2.5,-1.0290396234562873,1.0290396234562873,001650_2014-06-20_12-09-00_260595134347_rgbf000087-resize,-3.5601959563298498,3.5601959563298498,1.9505,47.6804595860539
771837.0,2.5,-0.4027736321293573,0.4027736321293573,001244_2014-06-17_16-47-45_260595134347_rgbf000030-resize,-2.9776566984392465,2.9776566984392465,2.0425,6.7629638807870815
771837.0,2.5,-0.1839698043353136,0.1839698043353136,003495_2014-05-21_16-01-51_094959634447_rgbf000100-resize,-2.5606566984392463,2.5606566984392463,1.6255,12.747278812179
771837.0,2.5,-0.5223567806059923,0.5223567806059923,000556_2014-06-09_22-42-56_260595134347_rgbf000214-resize,-4.427578182658039,4.427578182658039,4.8415,23.88242025565649
771837.0,2.5,-0.7645354771002204,0.7645354771002204,002375_2014-06-28_20-13-44_260595134347_rgbf000032-resize,-4.278117440548643,4.278117440548643,4.0175,48.76103649676905
771837.0,2.5,-0.756283953521833,0.756283953521833,000788_2014-06-08_22-34-36_260595134347_rgbf000131-resize,-3.956887069493945,3.956887069493945,3.359,21.46386213810664
771837.0,2.5,-0.1949381030436797,0.1949381030436797,001094_2014-06-15_17-36-00_260595134347_rgbf000205-resize,-3.8035781826580397,3.8035781826580397,4.2175,17.196771274488466
771837.0,2.5,-0.2917975899748243,0.2917975899748243,000470_2014-06-09_19-42-40_260595134347_rgbf000094-resize,-2.7661566984392465,2.7661566984392465,1.831,22.486379427626872
771837.0,2.5,-0.04177355174014885,0.04177355174014885,000109_2014-05-14_23-41-52_260595134347_rgbf000035-resize,-2.2896566984392464,2.2896566984392464,1.3545,6.620498200896815
771837.0,2.5,-0.016587499619970747,0.016587499619970747,002509_2014-06-24_13-19-22_094959634447_rgbf000077-resize,-2.2416566984392463,2.2416566984392463,1.3065,40.21868783296904
771837.0,2.5,-0.5566573190746205,0.5566573190746205,003338_2014-05-20_11-01-23_094959634447_rgbf000051-resize,-2.9654263273845487,2.9654263273845487,1.693,28.251495663089063
771837.0,2.5,-0.6152498708819909,0.6152498708819909,002784_2014-06-22_19-26-30_094959634447_rgbf000083-resize,-3.0770929940512484,3.0770929940512484,1.8046666666667,3.0422522474895675
771837.0,2.5,-0.8436733713608084,0.8436733713608084,001100_2014-06-15_17-46-26_260595134347_rgbf000225-resize,-3.5124263273845484,3.5124263273845484,2.24,9.548860596737413
771837.0,2.5,-0.1978746039433276,0.1978746039433276,000469_2014-06-09_19-42-10_260595134347_rgbf000081-resize,-2.5871566984392462,2.5871566984392462,1.652,25.13136208408983
771837.0,2.5,-0.03259113690466542,0.03259113690466542,000483_2014-06-09_20-41-45_260595134347_rgbf000116-resize,-2.2721566984392463,2.2721566984392463,1.337,29.232414989368262
771837.0,2.5,-0.5556079002362777,0.5556079002362777,002964_2014-06-08_17-46-11_094959634447_rgbf000091-resize,-2.963426327384548,2.963426327384548,1.6909999999999998,28.953812917975768
771837.0,2.5,-0.3579109767902887,0.3579109767902887,002136_2014-06-25_21-18-03_260595134347_rgbf000109-resize,-2.8921566984392464,2.8921566984392464,1.9569999999999999,13.297078442475444
771837.0,2.5,-0.47317792233232797,0.47317792233232797,002103_2014-06-25_20-00-40_260595134347_rgbf000049-resize,-4.028347811603342,4.028347811603342,4.105,11.598018874569219
771837.0,2.5,-0.8359212576544889,0.8359212576544889,000929_2014-06-09_16-33-19_260595134347_rgbf000139-resize,-3.803156698439247,3.803156698439247,2.8680000000000003,19.501338012209015
771837.0,2.5,-0.908449685081242,0.908449685081242,000457_2014-06-08_16-52-43_260595134347_rgbf000199-resize,-4.246887069493945,4.246887069493945,3.6489999999999996,14.067279821032837
771837.0,2.5,-0.1714700063093582,0.1714700063093582,001584_2014-06-20_11-07-43_260595134347_rgbf000002-resize,-3.453347811603341,3.453347811603341,3.53,17.602834139105468
771837.0,2.5,-0.4576621419911277,0.4576621419911277,002279_2014-06-28_18-55-32_260595134347_rgbf000040-resize,-2.7767596607178486,2.7767596607178486,1.5043333333333,15.963772282558683
771837.0,2.5,-0.14852661899421654,0.14852661899421654,002043_2014-06-24_20-29-38_260595134347_rgbf000039-resize,-3.104117440548644,3.104117440548644,2.8435,8.475049543704081
771837.0,2.5,-0.4827918185528345,0.4827918185528345,002725_2014-06-22_11-47-51_094959634447_rgbf000070-resize,-3.1301566984392464,3.1301566984392464,2.195,3.938570017428758
771837.0,2.5,-0.8343724289440817,0.8343724289440817,002344_2014-06-28_20-06-29_260595134347_rgbf000030-resize,-3.1891959563298498,3.1891959563298498,1.5795,37.33165518125916
771837.0,2.5,-0.2683041936933971,0.2683041936933971,001055_2014-06-08_18-45-35_260595134347_rgbf000111-resize,-3.0268870694939447,3.0268870694939447,2.4290000000000003,8.406298609581565
771837.0,2.5,-0.6343143131118327,0.6343143131118327,000549_2014-06-08_22-10-24_260595134347_rgbf000247-resize,-3.1134263273845484,3.1134263273845484,1.841,30.99307977870557
771837.0,2.5,-0.8381386229124087,0.8381386229124087,000736_2014-06-08_18-24-15_260595134347_rgbf000206-resize,-4.112887069493945,4.112887069493945,3.515,33.408170606136416
771837.0,2.5,-0.16846557692268976,0.16846557692268976,000642_2014-06-08_16-59-25_260595134347_rgbf000098-resize,-3.1421174405486427,3.1421174405486427,2.8815,31.36214301237791
771837.0,2.5,-0.3908238430696832,0.3908238430696832,001056_2014-06-08_18-46-44_260595134347_rgbf000068-resize,-3.2603870694939445,3.2603870694939445,2.6625,11.38594592369452
771837.0,2.5,-1.0529139020285387,1.0529139020285387,002199_2014-06-28_18-33-56_260595134347_rgbf000074-resize,-3.60569595632985,3.60569595632985,1.996,17.12852126070164
771837.0,2.5,-0.8532113689400165,0.8532113689400165,000917_2014-06-09_22-45-29_260595134347_rgbf000149-resize,-4.4471174405486416,4.4471174405486416,4.1865,9.740561609074897
771837.0,2.5,-0.4821485815524238,0.4821485815524238,002953_2014-06-08_17-32-18_094959634447_rgbf000059-resize,-2.8234263273845484,2.8234263273845484,1.551,13.905027931093345
771837.0,2.5,-0.7332220386254458,0.7332220386254458,002905_2014-06-03_18-04-43_094959634447_rgbf000151-resize,-3.3019263273845487,3.3019263273845487,2.0295,12.020604335789361
771837.0,2.5,-0.5690559189121627,0.5690559189121627,003129_2014-05-12_10-48-10_094959634447_rgbf000100-resize,-4.51657818265804,4.51657818265804,4.9305,17.9074543760639
771837.0,2.5,-0.3070141631307699,0.3070141631307699,001571_2014-06-20_17-21-32_260595134347_rgbf000089-resize,-2.7951566984392464,2.7951566984392464,1.86,4.991960350191473
771837.0,2.5,-0.6693007175208032,0.6693007175208032,002995_2014-06-15_12-31-26_094959634447_rgbf000150-resize,-4.096617440548643,4.096617440548643,3.8360000000000003,27.231594395483473
771837.0,2.5,-0.19994814207291264,0.19994814207291264,003070_2014-06-15_14-58-27_094959634447_rgbf000150-resize,-3.2021174405486432,3.2021174405486432,2.9415,10.664823740812926
771837.0,2.5,-0.3681428104641097,0.3681428104641097,000943_2014-06-09_19-31-07_260595134347_rgbf000128-resize,-2.9116566984392462,2.9116566984392462,1.9765,15.893099149291922
771837.0,2.5,-0.2771057262380543,0.2771057262380543,000709_2014-06-08_13-51-55_260595134347_rgbf000068-resize,-2.7381566984392465,2.7381566984392465,1.8030000000000002,14.429351101546246
771837.0,2.5,-0.6035935125432595,0.6035935125432595,000854_2014-06-09_19-43-13_260595134347_rgbf000066-resize,-3.6658870694939445,3.6658870694939445,3.068,11.910827625938722
771837.0,2.5,-0.2289509872556236,0.2289509872556236,001164_2014-06-17_15-35-46_260595134347_rgbf000085-resize,-2.9518870694939445,2.9518870694939445,2.354,17.325668807481115
771837.0,2.5,-0.3081821095503464,0.3081821095503464,002153_2014-06-25_21-27-18_260595134347_rgbf000038-resize,-3.1028870694939448,3.1028870694939448,2.505,17.28886317575377
771837.0,2.5,-0.5328762685365087,0.5328762685365087,002660_2014-06-13_15-44-18_094959634447_rgbf001878-resize,-3.8366174405486433,3.8366174405486433,3.576,15.11997681444361
771837.0,2.5,-0.5108384729313462,0.5108384729313462,000739_2014-06-08_18-45-58_260595134347_rgbf000068-resize,-3.794617440548643,3.794617440548643,3.534,8.164356963721069
771837.0,2.5,-0.4695049563981311,0.4695049563981311,000734_2014-06-08_17-39-11_260595134347_rgbf000128-resize,-4.021347811603341,4.021347811603341,4.098,16.052231618370055
771837.0,2.5,-0.5754030310364097,0.5754030310364097,000522_2014-06-08_13-35-06_260595134347_rgbf000244-resize,-3.3066566984392467,3.3066566984392467,2.3715,25.742609854068213
771837.0,2.5,-0.660812138779936,0.660812138779936,002949_2014-06-26_15-57-42_094959634447_rgbf000079-resize,-3.1639263273845484,3.1639263273845484,1.8915,17.99500168321199
771837.0,2.5,-0.34371852292559285,0.34371852292559285,000866_2014-06-09_20-45-42_260595134347_rgbf000139-resize,-3.4761174405486432,3.4761174405486432,3.2155,8.082259189449621
771837.0,2.5,-0.5251747539243979,0.5251747539243979,001555_2014-06-20_17-12-10_260595134347_rgbf000065-resize,-2.905426327384548,2.905426327384548,1.633,7.608284543781994
771837.0,2.5,-0.7538295331014302,0.7538295331014302,003534_2014-05-22_15-06-10_094959634447_rgbf000102-resize,-3.0356959563298496,3.0356959563298496,1.426,12.376994007247625
771837.0,2.5,-0.20023579632959526,0.20023579632959526,001016_2014-06-09_16-16-10_260595134347_rgbf000112-resize,-2.5916566984392464,2.5916566984392464,1.6565,7.049977084494088
771837.0,2.5,-0.29165376284648203,0.29165376284648203,002340_2014-06-28_20-05-46_260595134347_rgbf000113-resize,-3.0713870694939445,3.0713870694939445,2.4735,7.91768620575396
771837.0,2.5,-0.5913560692268922,0.5913560692268922,000773_2014-06-08_22-24-54_260595134347_rgbf000093-resize,-4.559078182658039,4.559078182658039,4.973,21.45352631724976
771837.0,2.5,-0.27128332353298285,0.27128332353298285,002414_2014-06-28_20-24-58_260595134347_rgbf000067-resize,-3.94907818265804,3.94907818265804,4.363,31.720662178139435
771837.0,2.5,-0.03635733087299278,0.03635733087299278,001032_2014-06-08_13-23-17_260595134347_rgbf000021-resize,-3.195847811603341,3.195847811603341,3.2725,15.984983178828962
771837.0,2.5,-0.15309252686484714,0.15309252686484714,001447_2014-06-19_17-00-32_260595134347_rgbf000082-resize,-3.72382818265804,3.72382818265804,4.13775,46.830399423560245
771837.0,2.5,-0.2030710990408247,0.2030710990408247,001066_2014-06-08_22-03-20_260595134347_rgbf000066-resize,-3.81907818265804,3.81907818265804,4.2330000000000005,19.743449467077777
771837.0,2.5,-0.7496997862350981,0.7496997862350981,000742_2014-06-08_18-48-09_260595134347_rgbf000164-resize,-4.555347811603341,4.555347811603341,4.632,18.91549953899407
771837.0,2.5,-0.33441758050886905,0.33441758050886905,002758_2014-06-22_19-11-20_094959634447_rgbf000128-resize,-3.1528870694939446,3.1528870694939446,2.555,7.204478276142114
771837.0,2.5,-0.4427953751146487,0.4427953751146487,002549_2014-06-24_13-41-39_094959634447_rgbf000022-resize,-2.748426327384548,2.748426327384548,1.476,4.1736441355391865
771837.0,2.5,-0.9438928704223436,0.9438928704223436,000502_2014-06-08_23-02-32_260595134347_rgbf000063-resize,-3.703426327384548,3.703426327384548,2.431,13.897287578908273
771837.0,2.5,-0.15453547776756274,0.15453547776756274,003083_2014-06-15_15-21-03_094959634447_rgbf000063-resize,-3.7265781826580398,3.7265781826580398,4.1405,19.172834459547143
771837.0,2.5,-0.4265040835732675,0.4265040835732675,001806_2014-06-26_20-50-20_260595134347_rgbf000091-resize,-3.3283870694939446,3.3283870694939446,2.7305,13.909869710567438
771837.0,2.5,-0.7987854164746365,0.7987854164746365,000493_2014-06-09_21-01-18_260595134347_rgbf000196-resize,-4.037887069493944,4.037887069493944,3.44,19.629285382994567
771837.0,2.5,-0.3128791947757803,0.3128791947757803,000191_2014-05-12_17-07-38_260595134347_rgbf000199-resize,-3.722847811603341,3.722847811603341,3.7995,12.340757267219296
771837.0,2.5,-0.1115093053955956,0.1115093053955956,000506_2014-06-08_23-21-00_260595134347_rgbf000070-resize,-3.64457818265804,3.64457818265804,4.0585,16.716212007621664
771837.0,2.5,-0.4678123005593786,0.4678123005593786,001449_2014-06-19_17-01-27_260595134347_rgbf000116-resize,-3.7126174405486427,3.7126174405486427,3.452,8.994872108877228
771837.0,2.5,-0.026413151455863315,0.026413151455863315,003228_2014-05-14_13-42-35_094959634447_rgbf000101-resize,-2.565887069493945,2.565887069493945,1.9680000000000002,14.40337638638131
771837.0,2.5,-0.4764953055227913,0.4764953055227913,002678_2014-06-13_16-15-32_094959634447_rgbf000151-resize,-3.118156698439247,3.118156698439247,2.1830000000000003,32.96558503300821
771837.0,2.5,-0.21453412800199126,0.21453412800199126,002763_2014-06-22_19-13-10_094959634447_rgbf000075-resize,-2.6189066984392464,2.6189066984392464,1.68375,5.5919783591245595
771837.0,2.5,-0.4103819187073269,0.4103819187073269,002209_2014-06-28_18-36-10_260595134347_rgbf000051-resize,-2.9921566984392465,2.9921566984392465,2.057,12.962068825921264
771837.0,2.5,-0.5142237846088598,0.5142237846088598,001828_2014-06-26_21-40-03_260595134347_rgbf000024-resize,-4.41207818265804,4.41207818265804,4.8260000000000005,35.55232951340613
771837.0,2.5,-0.15141252079964734,0.15141252079964734,000906_2014-06-08_13-35-43_260595134347_rgbf000155-resize,-3.1096174405486434,3.1096174405486434,2.8489999999999998,16.12201726422563
771837.0,2.5,-0.6392990525939521,0.6392990525939521,001167_2014-06-17_15-38-07_260595134347_rgbf000108-resize,-3.1229263273845485,3.1229263273845485,1.8505,12.019050657019696
771837.0,2.5,-0.7176245831786772,0.7176245831786772,003587_2014-05-23_16-48-02_094959634447_rgbf002384-resize,-2.9666959563298496,2.9666959563298496,1.357,20.788172722830538
960825.0,2.5,-0.076034585900695,0.076034585900695,001808_2014-06-26_20-50-58_260595134347_rgbf000029-resize,-3.6996463188111735,3.6996463188111735,4.249,20.030651550568866
960825.0,2.5,-0.16215655455373154,0.16215655455373154,000677_2014-06-08_23-10-32_260595134347_rgbf000158-resize,-3.456391914949279,3.456391914949279,3.556,19.65196273325612
960825.0,2.5,-0.5608822301409376,0.5608822301409376,001516_2014-06-20_16-25-09_260595134347_rgbf000076-resize,-2.9941287033635966,2.9941287033635966,1.7445,3.8622659094666254
960825.0,2.5,-0.17534391394209392,0.17534391394209392,000682_2014-06-08_23-14-58_260595134347_rgbf000041-resize,-3.0741375110873848,3.0741375110873848,2.7239999999999998,8.707843071693064
960825.0,2.5,-0.6689723704900343,0.6689723704900343,001650_2014-06-20_12-09-00_260595134347_rgbf000087-resize,-3.200128703363597,3.200128703363597,1.9505,47.6804595860539
960825.0,2.5,-0.26750004091560176,0.26750004091560176,001244_2014-06-17_16-47-45_260595134347_rgbf000030-resize,-2.8423831072254915,2.8423831072254915,2.0425,6.7629638807870815
960825.0,2.5,-0.4984418092596641,0.4984418092596641,003495_2014-05-21_16-01-51_094959634447_rgbf000100-resize,-2.875128703363597,2.875128703363597,1.6255,12.747278812179
960825.0,2.5,-0.38692491675912605,0.38692491675912605,000556_2014-06-09_22-42-56_260595134347_rgbf000214-resize,-4.292146318811174,4.292146318811174,4.8415,23.88242025565649
960825.0,2.5,-0.3500721505258303,0.3500721505258303,000665_2014-06-09_20-42-35_260595134347_rgbf000110-resize,-3.407137511087385,3.407137511087385,3.057,18.49880761375764
960825.0,2.5,-0.8540555476389623,0.8540555476389623,002375_2014-06-28_20-13-44_260595134347_rgbf000032-resize,-4.367637511087385,4.367637511087385,4.0175,48.76103649676905
960825.0,2.5,-0.3280343549206678,0.3280343549206678,002568_2014-06-24_13-59-21_094959634447_rgbf000062-resize,-3.3651375110873847,3.3651375110873847,3.015,29.63840999388049
960825.0,2.5,-0.058788798977167364,0.058788798977167364,000788_2014-06-08_22-34-36_260595134347_rgbf000131-resize,-3.259391914949279,3.259391914949279,3.359,21.46386213810664
960825.0,2.5,-0.21698868885703804,0.21698868885703804,001235_2014-06-17_16-37-36_260595134347_rgbf000084-resize,-3.560891914949279,3.560891914949279,3.6605,14.547706659434104
960825.0,2.5,-0.6062695948991748,0.6062695948991748,000470_2014-06-09_19-42-40_260595134347_rgbf000094-resize,-3.0806287033635966,3.0806287033635966,1.831,22.486379427626872
960825.0,2.5,-0.3562455566644993,0.3562455566644993,000109_2014-05-14_23-41-52_260595134347_rgbf000035-resize,-2.604128703363597,2.604128703363597,1.3545,6.620498200896815
960825.0,2.5,-0.08411409891556297,0.08411409891556297,003338_2014-05-20_11-01-23_094959634447_rgbf000051-resize,-2.4928831072254907,2.4928831072254907,1.693,28.251495663089063
960825.0,2.5,-0.14270665072293354,0.14270665072293354,002784_2014-06-22_19-26-30_094959634447_rgbf000083-resize,-2.6045497738921912,2.6045497738921912,1.8046666666667,3.0422522474895675
960825.0,2.5,-0.37113015120175097,0.37113015120175097,001100_2014-06-15_17-46-26_260595134347_rgbf000225-resize,-3.0398831072254917,3.0398831072254917,2.24,9.548860596737413
960825.0,2.5,-0.512346608867678,0.512346608867678,000469_2014-06-09_19-42-10_260595134347_rgbf000081-resize,-2.901628703363597,2.901628703363597,1.652,25.13136208408983
960825.0,2.5,-0.3470631418290159,0.3470631418290159,000483_2014-06-09_20-41-45_260595134347_rgbf000116-resize,-2.586628703363597,2.586628703363597,1.337,29.232414989368262
960825.0,2.5,-0.5328102762153262,0.5328102762153262,002964_2014-06-08_17-46-11_094959634447_rgbf000091-resize,-2.940628703363597,2.940628703363597,1.6909999999999998,28.953812917975768
960825.0,2.5,-0.22263738557653326,0.22263738557653326,002136_2014-06-25_21-18-03_260595134347_rgbf000109-resize,-2.756883107225491,2.756883107225491,1.9569999999999999,13.297078442475444
960825.0,2.5,-0.8999676218163718,0.8999676218163718,002103_2014-06-25_20-00-40_260595134347_rgbf000049-resize,-4.4551375110873845,4.4551375110873845,4.105,11.598018874569219
960825.0,2.5,-0.0256624816603388,0.0256624816603388,000691_2014-06-08_13-08-50_260595134347_rgbf000132-resize,-3.6036463188111743,3.6036463188111743,4.1530000000000005,14.740846212587924
960825.0,2.5,-0.7006476664407334,0.7006476664407334,000929_2014-06-09_16-33-19_260595134347_rgbf000139-resize,-3.6678831072254914,3.6678831072254914,2.8680000000000003,19.501338012209015
960825.0,2.5,-0.07918284241570818,0.07918284241570818,001175_2014-06-17_15-45-55_260595134347_rgbf000129-resize,-3.705646318811173,3.705646318811173,4.255,15.34903910495583
960825.0,2.5,-0.20859333815030712,0.20859333815030712,003490_2014-05-21_15-50-11_094959634447_rgbf000101-resize,-3.544891914949279,3.544891914949279,3.6445,19.999457360175192
960825.0,2.5,-0.4348645179701761,0.4348645179701761,002279_2014-06-28_18-55-32_260595134347_rgbf000040-resize,-2.7539620366968967,2.7539620366968967,1.5043333333333,15.963772282558683
960825.0,2.5,-0.2840283876194717,0.2840283876194717,000635_2014-06-08_16-38-42_260595134347_rgbf000106-resize,-2.8738831072254913,2.8738831072254913,2.074,10.796976226722654
960825.0,2.5,-0.347518227339079,0.347518227339079,002725_2014-06-22_11-47-51_094959634447_rgbf000070-resize,-2.9948831072254913,2.9948831072254913,2.195,3.938570017428758
960825.0,2.5,-0.4743051759778287,0.4743051759778287,002344_2014-06-28_20-06-29_260595134347_rgbf000030-resize,-2.829128703363597,2.829128703363597,1.5795,37.33165518125916
960825.0,2.5,-0.6115166890908812,0.6115166890908812,000549_2014-06-08_22-10-24_260595134347_rgbf000247-resize,-3.090628703363597,3.090628703363597,1.841,30.99307977870557
960825.0,2.5,-0.5903890645058488,0.5903890645058488,000736_2014-06-08_18-24-15_260595134347_rgbf000206-resize,-3.8651375110873847,3.8651375110873847,3.515,33.408170606136416
960825.0,2.5,-0.2579856474614316,0.2579856474614316,000642_2014-06-08_16-59-25_260595134347_rgbf000098-resize,-3.231637511087385,3.231637511087385,2.8815,31.36214301237791
960825.0,2.5,-0.6928466490622858,0.6928466490622858,002199_2014-06-28_18-33-56_260595134347_rgbf000074-resize,-3.2456287033635967,3.2456287033635967,1.996,17.12852126070164
960825.0,2.5,-0.009605361393366318,0.009605361393366318,002953_2014-06-08_17-32-18_094959634447_rgbf000059-resize,-2.3508831072254908,2.3508831072254908,1.551,13.905027931093345
960825.0,2.5,-0.2606788184663883,0.2606788184663883,002905_2014-06-03_18-04-43_094959634447_rgbf000151-resize,-2.8293831072254916,2.8293831072254916,2.0295,12.020604335789361
960825.0,2.5,-0.34783406503094216,0.34783406503094216,002988_2014-06-15_12-24-20_094959634447_rgbf000150-resize,-4.217646318811173,4.217646318811173,4.7669999999999995,14.460306569198616
960825.0,2.5,-0.8997052671067792,0.8997052671067792,001052_2014-06-08_18-24-54_260595134347_rgbf000130-resize,-4.454637511087385,4.454637511087385,4.1045,25.87613690895519
960825.0,2.5,-0.4255071999949888,0.4255071999949888,000810_2014-06-08_17-20-01_260595134347_rgbf000105-resize,-2.7361287033635966,2.7361287033635966,1.4865,3.0958890116960642
960825.0,2.5,-0.5865233677711849,0.5865233677711849,001214_2014-06-17_16-13-55_260595134347_rgbf000111-resize,-3.4503831072254916,3.4503831072254916,2.6505,18.479282579459067
960825.0,2.5,-0.2426459674141166,0.2426459674141166,002272_2014-06-28_18-53-56_260595134347_rgbf000067-resize,-2.387628703363597,2.387628703363597,1.138,10.409245808146235
960825.0,2.5,-0.17174057191701442,0.17174057191701442,001571_2014-06-20_17-21-32_260595134347_rgbf000089-resize,-2.659883107225491,2.659883107225491,1.86,4.991960350191473
960825.0,2.5,-0.7588207880595451,0.7588207880595451,002995_2014-06-15_12-31-26_094959634447_rgbf000150-resize,-4.1861375110873835,4.1861375110873835,3.8360000000000003,27.231594395483473
960825.0,2.5,-0.14949390458454248,0.14949390458454248,002444_2014-06-28_20-32-08_260595134347_rgbf000027-resize,-3.839646318811172,3.839646318811172,4.388999999999999,17.102760279009576
960825.0,2.5,-0.28946821261165445,0.28946821261165445,003070_2014-06-15_14-58-27_094959634447_rgbf000150-resize,-3.291637511087385,3.291637511087385,2.9415,10.664823740812926
960825.0,2.5,-0.2328692192503542,0.2328692192503542,000943_2014-06-09_19-31-07_260595134347_rgbf000128-resize,-2.7763831072254908,2.7763831072254908,1.9765,15.893099149291922
960825.0,2.5,-0.1418321350242988,0.1418321350242988,000709_2014-06-08_13-51-55_260595134347_rgbf000068-resize,-2.602883107225491,2.602883107225491,1.8030000000000002,14.429351101546246
960825.0,2.5,-0.43094702498716975,0.43094702498716975,001164_2014-06-17_15-35-46_260595134347_rgbf000085-resize,-3.1538831072254916,3.1538831072254916,2.354,17.325668807481115
960825.0,2.5,-0.17462647372244644,0.17462647372244644,001136_2014-06-17_15-19-41_260595134347_rgbf000076-resize,-2.665383107225491,2.665383107225491,1.8655,18.667799879387072
960825.0,2.5,-0.5101781472818926,0.5101781472818926,002153_2014-06-25_21-27-18_260595134347_rgbf000038-resize,-3.3048831072254914,3.3048831072254914,2.505,17.28886317575377
960825.0,2.5,-0.6223963390752506,0.6223963390752506,002660_2014-06-13_15-44-18_094959634447_rgbf001878-resize,-3.9261375110873846,3.9261375110873846,3.576,15.11997681444361
960825.0,2.5,-1.050104139608194,1.050104139608194,000739_2014-06-08_18-45-58_260595134347_rgbf000068-resize,-4.333883107225492,4.333883107225492,3.534,8.164356963721069
960825.0,2.5,-0.4465490597440691,0.4465490597440691,000734_2014-06-08_17-39-11_260595134347_rgbf000128-resize,-3.998391914949279,3.998391914949279,4.098,16.052231618370055
960825.0,2.5,-0.8898750359607601,0.8898750359607601,000522_2014-06-08_13-35-06_260595134347_rgbf000244-resize,-3.621128703363597,3.621128703363597,2.3715,25.742609854068213
960825.0,2.5,-0.6380145147589845,0.6380145147589845,002949_2014-06-26_15-57-42_094959634447_rgbf000079-resize,-3.141128703363597,3.141128703363597,1.8915,17.99500168321199
960825.0,2.5,-0.04901205081341109,0.04901205081341109,002989_2014-06-15_12-25-03_094959634447_rgbf000150-resize,-3.6481463188111736,3.6481463188111736,4.1975,27.906783421951957
960825.0,2.5,-1.332729785740547,1.332729785740547,000866_2014-06-09_20-45-42_260595134347_rgbf000139-resize,-4.465128703363597,4.465128703363597,3.2155,8.082259189449621
960825.0,2.5,-0.5023771299034464,0.5023771299034464,001555_2014-06-20_17-12-10_260595134347_rgbf000065-resize,-2.8826287033635967,2.8826287033635967,1.633,7.608284543781994
960825.0,2.5,-0.3937622801351772,0.3937622801351772,003534_2014-05-22_15-06-10_094959634447_rgbf000102-resize,-2.675628703363597,2.675628703363597,1.426,12.376994007247625
960825.0,2.5,-0.24283869821459325,0.24283869821459325,002637_2014-06-24_14-51-13_094959634447_rgbf000066-resize,-2.795383107225491,2.795383107225491,1.9955,10.972027795242447
960825.0,2.5,-0.4647907825236558,0.4647907825236558,001059_2014-06-08_21-53-27_260595134347_rgbf000061-resize,-3.2183831072254914,3.2183831072254914,2.4185,8.755513319222857
960825.0,2.5,-0.013401434218930794,0.013401434218930794,001032_2014-06-08_13-23-17_260595134347_rgbf000021-resize,-3.172891914949279,3.172891914949279,3.2725,15.984983178828962
960825.0,2.5,-0.5728112989636429,0.5728112989636429,003292_2014-05-14_21-53-49_094959634447_rgbf000100-resize,-3.831637511087385,3.831637511087385,3.4815,33.084282711345374
960825.0,2.5,-0.4148041398842681,0.4148041398842681,002639_2014-06-24_14-51-37_094959634447_rgbf000074-resize,-3.937891914949279,3.937891914949279,4.0375,16.521406794569987
960825.0,2.5,-0.4674062591560866,0.4674062591560866,001447_2014-06-19_17-00-32_260595134347_rgbf000082-resize,-4.038141914949279,4.038141914949279,4.13775,46.830399423560245
960825.0,2.5,-0.7267438895810361,0.7267438895810361,000742_2014-06-08_18-48-09_260595134347_rgbf000164-resize,-4.532391914949279,4.532391914949279,4.632,18.91549953899407
960825.0,2.5,-0.5364136182404152,0.5364136182404152,002758_2014-06-22_19-11-20_094959634447_rgbf000128-resize,-3.354883107225491,3.354883107225491,2.555,7.204478276142114
960825.0,2.5,-0.4199977510936972,0.4199977510936972,002549_2014-06-24_13-41-39_094959634447_rgbf000022-resize,-2.7256287033635966,2.7256287033635966,1.476,4.1736441355391865
960825.0,2.5,-0.8806926211252755,0.8806926211252755,002750_2014-06-22_19-08-03_094959634447_rgbf000094-resize,-3.6036287033635968,3.6036287033635968,2.354,8.789636111124727
960825.0,2.5,-0.4713496502632862,0.4713496502632862,000502_2014-06-08_23-02-32_260595134347_rgbf000063-resize,-3.2308831072254915,3.2308831072254915,2.431,13.897287578908273
960825.0,2.5,-0.6285001213048137,0.6285001213048137,001806_2014-06-26_20-50-20_260595134347_rgbf000091-resize,-3.530383107225491,3.530383107225491,2.7305,13.909869710567438
960825.0,2.5,-0.10129026192997093,0.10129026192997093,000493_2014-06-09_21-01-18_260595134347_rgbf000196-resize,-3.340391914949279,3.340391914949279,3.44,19.629285382994567
960825.0,2.5,-0.10758677496001476,0.10758677496001476,001449_2014-06-19_17-01-27_260595134347_rgbf000116-resize,-3.352391914949279,3.352391914949279,3.452,8.994872108877228
960825.0,2.5,-0.6426672756224076,0.6426672756224076,002600_2014-06-24_14-27-04_094959634447_rgbf000074-resize,-3.5573831072254913,3.5573831072254913,2.7575,44.47386082434929
960825.0,2.5,-0.6781547853255154,0.6781547853255154,003228_2014-05-14_13-42-35_094959634447_rgbf000101-resize,-3.2176287033635966,3.2176287033635966,1.9680000000000002,14.40337638638131
960825.0,2.5,-0.05046307217954815,0.05046307217954815,000368_2014-06-09_15-53-01_260595134347_rgbf000155-resize,-2.8361375110873848,2.8361375110873848,2.4859999999999998,21.090700959072958
960825.0,2.5,-0.07926053678823575,0.07926053678823575,002763_2014-06-22_19-13-10_094959634447_rgbf000075-resize,-2.483633107225491,2.483633107225491,1.68375,5.5919783591245595
960825.0,2.5,-0.2751083274935714,0.2751083274935714,002209_2014-06-28_18-36-10_260595134347_rgbf000051-resize,-2.8568831072254914,2.8568831072254914,2.057,12.962068825921264
960825.0,2.5,-0.09382122317021213,0.09382122317021213,001110_2014-06-15_17-25-28_260595134347_rgbf000150-resize,-2.5113831072254906,2.5113831072254906,1.7115,9.336195527413247
960825.0,2.5,-0.4145417851746765,0.4145417851746765,002570_2014-06-24_13-59-54_094959634447_rgbf000059-resize,-3.937391914949279,3.937391914949279,4.037,41.596140375002705
960825.0,2.5,-0.3776890189413768,0.3776890189413768,001810_2014-06-26_20-51-35_260595134347_rgbf000040-resize,-3.0523831072254914,3.0523831072254914,2.2525,22.411391411207674
960825.0,2.5,-0.2552924764564728,0.2552924764564728,000409_2014-06-04_19-23-33_260595134347_rgbf000067-resize,-3.633891914949279,3.633891914949279,3.7335,12.696549983566419
960825.0,2.5,-0.6090858727955016,0.6090858727955016,001092_2014-06-15_17-34-58_260595134347_rgbf000171-resize,-3.4933831072254913,3.4933831072254913,2.6935,9.164038324933468
960825.0,2.5,-0.20348549177681885,0.20348549177681885,002545_2014-06-24_13-38-53_094959634447_rgbf000080-resize,-2.7203831072254907,2.7203831072254907,1.9205,12.083824048628237
960825.0,2.5,-0.16675583243489467,0.16675583243489467,001167_2014-06-17_15-38-07_260595134347_rgbf000108-resize,-2.650383107225491,2.650383107225491,1.8505,12.019050657019696
960825.0,2.5,-0.3575573302124242,0.3575573302124242,003587_2014-05-23_16-48-02_094959634447_rgbf002384-resize,-2.606628703363597,2.606628703363597,1.357,20.788172722830538
161929.0,2.5,-0.4882362906689439,0.4882362906689439,001029_2014-06-08_13-17-57_260595134347_rgbf000065-resize,-3.5578968516224845,3.5578968516224845,3.0835,18.209734661918688
161929.0,2.5,-0.736161491226937,0.736161491226937,000677_2014-06-08_23-10-32_260595134347_rgbf000158-resize,-4.030396851622483,4.030396851622483,3.556,19.65196273325612
161929.0,2.5,-0.007311688687794526,0.007311688687794526,001417_2014-06-19_16-25-36_260595134347_rgbf000115-resize,-3.809870325280643,3.809870325280643,4.6255,49.17091269608214
161929.0,2.5,-0.29960325447719355,0.29960325447719355,000682_2014-06-08_23-14-58_260595134347_rgbf000041-resize,-3.1983968516224848,3.1983968516224848,2.7239999999999998,8.707843071693064
161929.0,2.5,-1.1837670450907634,1.1837670450907634,001650_2014-06-20_12-09-00_260595134347_rgbf000087-resize,-3.7149233779643263,3.7149233779643263,1.9505,47.6804595860539
161929.0,2.5,-0.3682232206894725,0.3682232206894725,003495_2014-05-21_16-01-51_094959634447_rgbf000100-resize,-2.744910114793405,2.744910114793405,1.6255,12.747278812179
161929.0,2.5,-0.12064892322859601,0.12064892322859601,000556_2014-06-09_22-42-56_260595134347_rgbf000214-resize,-4.025870325280644,4.025870325280644,4.8415,23.88242025565649
161929.0,2.5,-0.9783148881740621,0.9783148881740621,002375_2014-06-28_20-13-44_260595134347_rgbf000032-resize,-4.491896851622483,4.491896851622483,4.0175,48.76103649676905
161929.0,2.5,-0.7909936255302434,0.7909936255302434,001235_2014-06-17_16-37-36_260595134347_rgbf000084-resize,-4.134896851622484,4.134896851622484,3.6605,14.547706659434104
161929.0,2.5,-0.4760510063289831,0.4760510063289831,000470_2014-06-09_19-42-40_260595134347_rgbf000094-resize,-2.9504101147934048,2.9504101147934048,1.831,22.486379427626872
161929.0,2.5,-0.8710402312652283,0.8710402312652283,000109_2014-05-14_23-41-52_260595134347_rgbf000035-resize,-3.118923377964326,3.118923377964326,1.3545,6.620498200896815
161929.0,2.5,-0.2008409159741296,0.2008409159741296,002509_2014-06-24_13-19-22_094959634447_rgbf000077-resize,-2.4259101147934046,2.4259101147934046,1.3065,40.21868783296904
161929.0,2.5,-0.4036411064834773,0.4036411064834773,003338_2014-05-20_11-01-23_094959634447_rgbf000051-resize,-2.8124101147934053,2.8124101147934053,1.693,28.251495663089063
161929.0,2.5,-1.335670421940586,1.335670421940586,001100_2014-06-15_17-46-26_260595134347_rgbf000225-resize,-4.004423377964327,4.004423377964327,2.24,9.548860596737413
161929.0,2.5,-0.3821280202974864,0.3821280202974864,000469_2014-06-09_19-42-10_260595134347_rgbf000081-resize,-2.7714101147934054,2.7714101147934054,1.652,25.13136208408983
161929.0,2.5,-0.8618578164297449,0.8618578164297449,000483_2014-06-09_20-41-45_260595134347_rgbf000116-resize,-3.101423377964326,3.101423377964326,1.337,29.232414989368262
161929.0,2.5,-1.0476049508160552,1.0476049508160552,002964_2014-06-08_17-46-11_094959634447_rgbf000091-resize,-3.4554233779643257,3.4554233779643257,1.6909999999999998,28.953812917975768
161929.0,2.5,-0.5421643931444475,0.5421643931444475,002136_2014-06-25_21-18-03_260595134347_rgbf000109-resize,-3.076410114793405,3.076410114793405,1.9569999999999999,13.297078442475444
161929.0,2.5,-1.0242269623514717,1.0242269623514717,002103_2014-06-25_20-00-40_260595134347_rgbf000049-resize,-4.5793968516224846,4.5793968516224846,4.105,11.598018874569219
161929.0,2.5,-0.13994620403886132,0.13994620403886132,000457_2014-06-08_16-52-43_260595134347_rgbf000199-resize,-3.478383588451564,3.478383588451564,3.6489999999999996,14.067279821032837
161929.0,2.5,-0.3154615047513492,0.3154615047513492,003621_2014-05-23_18-06-08_094959634447_rgbf000101-resize,-3.812883588451564,3.812883588451564,3.9835,23.07176470133362
161929.0,2.5,-0.077505783157581,0.077505783157581,001584_2014-06-20_11-07-43_260595134347_rgbf000002-resize,-3.359383588451564,3.359383588451564,3.53,17.602834139105468
161929.0,2.5,-0.9890998505785578,0.9890998505785578,002344_2014-06-28_20-06-29_260595134347_rgbf000030-resize,-3.3439233779643263,3.3439233779643263,1.5795,37.33165518125916
161929.0,2.5,-1.1263113636916102,1.1263113636916102,000549_2014-06-08_22-10-24_260595134347_rgbf000247-resize,-3.6054233779643257,3.6054233779643257,1.841,30.99307977870557
161929.0,2.5,-0.7146484050409485,0.7146484050409485,000736_2014-06-08_18-24-15_260595134347_rgbf000206-resize,-3.9893968516224847,3.9893968516224847,3.515,33.408170606136416
161929.0,2.5,-0.21183139446519844,0.21183139446519844,000137_2014-05-20_17-04-49_260595134347_rgbf000120-resize,-3.615383588451564,3.615383588451564,3.786,14.89611111351161
161929.0,2.5,-0.3822449879965312,0.3822449879965312,000642_2014-06-08_16-59-25_260595134347_rgbf000098-resize,-3.3558968516224845,3.3558968516224845,2.8815,31.36214301237791
161929.0,2.5,-0.5626280604920941,0.5626280604920941,002199_2014-06-28_18-33-56_260595134347_rgbf000074-resize,-3.115410114793405,3.115410114793405,1.996,17.12852126070164
161929.0,2.5,-1.0669907800138578,1.0669907800138578,000917_2014-06-09_22-45-29_260595134347_rgbf000149-resize,-4.660896851622483,4.660896851622483,4.1865,9.740561609074897
161929.0,2.5,-0.3291323689612806,0.3291323689612806,002953_2014-06-08_17-32-18_094959634447_rgbf000059-resize,-2.6704101147934054,2.6704101147934054,1.551,13.905027931093345
161929.0,2.5,-0.4967486090747038,0.4967486090747038,000414_2014-06-04_19-49-13_260595134347_rgbf000044-resize,-4.158383588451564,4.158383588451564,4.329,13.241348366125557
161929.0,2.5,-0.16734806153476633,0.16734806153476633,003129_2014-05-12_10-48-10_094959634447_rgbf000100-resize,-4.114870325280644,4.114870325280644,4.9305,17.9074543760639
161929.0,2.5,-0.9060503753390992,0.9060503753390992,001214_2014-06-17_16-13-55_260595134347_rgbf000111-resize,-3.769910114793405,3.769910114793405,2.6505,18.479282579459067
161929.0,2.5,-0.7574406420148456,0.7574406420148456,002272_2014-06-28_18-53-56_260595134347_rgbf000067-resize,-2.9024233779643263,2.9024233779643263,1.138,10.409245808146235
161929.0,2.5,-0.4912675794849287,0.4912675794849287,001571_2014-06-20_17-21-32_260595134347_rgbf000089-resize,-2.9794101147934056,2.9794101147934056,1.86,4.991960350191473
161929.0,2.5,-0.19451598363257588,0.19451598363257588,001132_2014-06-17_14-48-54_260595134347_rgbf000100-resize,-3.5823835884515636,3.5823835884515636,3.753,14.398279213278778
161929.0,2.5,-0.4137275531467541,0.4137275531467541,003070_2014-06-15_14-58-27_094959634447_rgbf000150-resize,-3.415896851622485,3.415896851622485,2.9415,10.664823740812926
161929.0,2.5,-0.5523962268182685,0.5523962268182685,000943_2014-06-09_19-31-07_260595134347_rgbf000128-resize,-3.095910114793405,3.095910114793405,1.9765,15.893099149291922
161929.0,2.5,-1.12511655784272,1.12511655784272,000854_2014-06-09_19-43-13_260595134347_rgbf000066-resize,-4.187410114793405,4.187410114793405,3.068,11.910827625938722
161929.0,2.5,-0.10546076938416332,0.10546076938416332,001164_2014-06-17_15-35-46_260595134347_rgbf000085-resize,-2.8283968516224847,2.8283968516224847,2.354,17.325668807481115
161929.0,2.5,-0.18469189167888614,0.18469189167888614,002153_2014-06-25_21-27-18_260595134347_rgbf000038-resize,-2.9793968516224845,2.9793968516224845,2.505,17.28886317575377
161929.0,2.5,-0.10164241643942967,0.10164241643942967,002660_2014-06-13_15-44-18_094959634447_rgbf001878-resize,-3.4053835884515635,3.4053835884515635,3.576,15.11997681444361
161929.0,2.5,-0.07960462083426717,0.07960462083426717,000739_2014-06-08_18-45-58_260595134347_rgbf000068-resize,-3.363383588451564,3.363383588451564,3.534,8.164356963721069
161929.0,2.5,-0.3755407332463539,0.3755407332463539,000734_2014-06-08_17-39-11_260595134347_rgbf000128-resize,-3.927383588451564,3.927383588451564,4.098,16.052231618370055
161929.0,2.5,-1.4046697105614891,1.4046697105614891,000522_2014-06-08_13-35-06_260595134347_rgbf000244-resize,-4.135923377964327,4.135923377964327,2.3715,25.742609854068213
161929.0,2.5,-0.5077959261887929,0.5077959261887929,002949_2014-06-26_15-57-42_094959634447_rgbf000079-resize,-3.010910114793405,3.010910114793405,1.8915,17.99500168321199
161929.0,2.5,-0.5574979339994344,0.5574979339994344,000866_2014-06-09_20-45-42_260595134347_rgbf000139-resize,-3.6898968516224846,3.6898968516224846,3.2155,8.082259189449621
161929.0,2.5,-1.0171718045041755,1.0171718045041755,001555_2014-06-20_17-12-10_260595134347_rgbf000065-resize,-3.3974233779643264,3.3974233779643264,1.633,7.608284543781994
161929.0,2.5,-0.2635436915649856,0.2635436915649856,003534_2014-05-22_15-06-10_094959634447_rgbf000102-resize,-2.5454101147934054,2.5454101147934054,1.426,12.376994007247625
161929.0,2.5,-0.514588729326507,0.514588729326507,002414_2014-06-28_20-24-58_260595134347_rgbf000067-resize,-4.1923835884515634,4.1923835884515634,4.363,31.720662178139435
161929.0,2.5,-0.13930452692064935,0.13930452692064935,001059_2014-06-08_21-53-27_260595134347_rgbf000061-resize,-2.8928968516224844,2.8928968516224844,2.4185,8.755513319222857
161929.0,2.5,-0.5874063708921362,0.5874063708921362,001032_2014-06-08_13-23-17_260595134347_rgbf000021-resize,-3.746896851622485,3.746896851622485,3.2725,15.984983178828962
161929.0,2.5,-0.052057376327822084,0.052057376327822084,003292_2014-05-14_21-53-49_094959634447_rgbf000100-resize,-3.3108835884515635,3.3108835884515635,3.4815,33.084282711345374
161929.0,2.5,-0.5754550219502654,0.5754550219502654,000447_2014-06-08_16-15-46_260595134347_rgbf000130-resize,-4.308383588451564,4.308383588451564,4.479,19.081432914605553
161929.0,2.5,-1.041411195829292,1.041411195829292,001447_2014-06-19_17-00-32_260595134347_rgbf000082-resize,-4.612146851622483,4.612146851622483,4.13775,46.830399423560245
161929.0,2.5,-0.4463765048343489,0.4463765048343489,001066_2014-06-08_22-03-20_260595134347_rgbf000066-resize,-4.0623835884515636,4.0623835884515636,4.2330000000000005,19.743449467077777
161929.0,2.5,-0.6557355630833208,0.6557355630833208,000742_2014-06-08_18-48-09_260595134347_rgbf000164-resize,-4.461383588451564,4.461383588451564,4.632,18.91549953899407
161929.0,2.5,-0.8559406258083295,0.8559406258083295,002758_2014-06-22_19-11-20_094959634447_rgbf000128-resize,-3.674410114793405,3.674410114793405,2.555,7.204478276142114
161929.0,2.5,-0.28977916252350555,0.28977916252350555,002549_2014-06-24_13-41-39_094959634447_rgbf000022-resize,-2.5954101147934048,2.5954101147934048,1.476,4.1736441355391865
161929.0,2.5,-0.1458633946602798,0.1458633946602798,000502_2014-06-08_23-02-32_260595134347_rgbf000063-resize,-2.9053968516224846,2.9053968516224846,2.431,13.897287578908273
161929.0,2.5,-0.948027128872728,0.948027128872728,001806_2014-06-26_20-50-20_260595134347_rgbf000091-resize,-3.849910114793405,3.849910114793405,2.7305,13.909869710567438
161929.0,2.5,-0.9998279743600405,0.9998279743600405,000506_2014-06-08_23-21-00_260595134347_rgbf000070-resize,-4.5328968516224855,4.5328968516224855,4.0585,16.716212007621664
161929.0,2.5,-0.6815917116332202,0.6815917116332202,001449_2014-06-19_17-01-27_260595134347_rgbf000116-resize,-3.926396851622485,3.926396851622485,3.452,8.994872108877228
161929.0,2.5,-0.3171810200194011,0.3171810200194011,002600_2014-06-24_14-27-04_094959634447_rgbf000074-resize,-3.2318968516224844,3.2318968516224844,2.7575,44.47386082434929
161929.0,2.5,-0.5479361967553238,0.5479361967553238,003228_2014-05-14_13-42-35_094959634447_rgbf000101-resize,-3.0874101147934048,3.0874101147934048,1.9680000000000002,14.40337638638131
161929.0,2.5,-0.8197356758855685,0.8197356758855685,000368_2014-06-09_15-53-01_260595134347_rgbf000155-resize,-3.6054101147934055,3.6054101147934055,2.4859999999999998,21.090700959072958
161929.0,2.5,-0.01573545870602938,0.01573545870602938,002678_2014-06-13_16-15-32_094959634447_rgbf000151-resize,-2.657396851622485,2.657396851622485,2.1830000000000003,32.96558503300821
161929.0,2.5,-0.5946353350614857,0.5946353350614857,002209_2014-06-28_18-36-10_260595134347_rgbf000051-resize,-3.1764101147934047,3.1764101147934047,2.057,12.962068825921264
161929.0,2.5,-0.7575291904023841,0.7575291904023841,001828_2014-06-26_21-40-03_260595134347_rgbf000024-resize,-4.6553835884515635,4.6553835884515635,4.8260000000000005,35.55232951340613
161929.0,2.5,-0.3435334586769612,0.3435334586769612,002570_2014-06-24_13-59-54_094959634447_rgbf000059-resize,-3.866383588451564,3.866383588451564,4.037,41.596140375002705
161929.0,2.5,-0.06844033602114374,0.06844033602114374,002467_2014-06-28_20-38-07_260595134347_rgbf000026-resize,-3.9263703252806432,3.9263703252806432,4.742,15.331046216195933
161929.0,2.5,-0.697216026509291,0.697216026509291,001810_2014-06-26_20-51-35_260595134347_rgbf000040-resize,-3.3719101147934047,3.3719101147934047,2.2525,22.411391411207674
161929.0,2.5,-0.07237565666492972,0.07237565666492972,002663_2014-06-13_15-50-26_094959634447_rgbf000075-resize,-3.933870325280644,3.933870325280644,4.7495,16.725954086732166
161929.0,2.5,-0.1842841499587576,0.1842841499587576,000409_2014-06-04_19-23-33_260595134347_rgbf000067-resize,-3.562883588451564,3.562883588451564,3.7335,12.696549983566419
161929.0,2.5,-0.16790119026544054,0.16790119026544054,001011_2014-06-08_23-18-54_260595134347_rgbf000044-resize,-2.947396851622485,2.947396851622485,2.4730000000000003,11.624075606213012
161929.0,2.5,-0.2835996171924952,0.2835996171924952,001092_2014-06-15_17-34-58_260595134347_rgbf000171-resize,-3.1678968516224844,3.1678968516224844,2.6935,9.164038324933468
161929.0,2.5,-1.1312961031737296,1.1312961031737296,001167_2014-06-17_15-38-07_260595134347_rgbf000108-resize,-3.6149233779643257,3.6149233779643257,1.8505,12.019050657019696
749493.0,2.5,-0.32947838207730024,0.32947838207730024,001029_2014-06-08_13-17-57_260595134347_rgbf000065-resize,-3.3991389430308407,3.3991389430308407,3.0835,18.209734661918688
749493.0,2.5,-0.5774035826352932,0.5774035826352932,000677_2014-06-08_23-10-32_260595134347_rgbf000158-resize,-3.8716389430308413,3.8716389430308413,3.556,19.65196273325612
749493.0,2.5,-0.16761794374758215,0.16761794374758215,003081_2014-06-15_15-19-16_094959634447_rgbf000150-resize,-3.631294396208889,3.631294396208889,3.9125,16.632991649560594
749493.0,2.5,-0.9286717038011832,0.9286717038011832,001650_2014-06-20_12-09-00_260595134347_rgbf000087-resize,-3.4598280366747463,3.4598280366747463,1.9505,47.6804595860539
749493.0,2.5,-0.3801004235429042,0.3801004235429042,001244_2014-06-17_16-47-45_260595134347_rgbf000030-resize,-2.9549834898527934,2.9549834898527934,2.0425,6.7629638807870815
749493.0,2.5,-1.0565634159817892,1.0565634159817892,003495_2014-05-21_16-01-51_094959634447_rgbf000100-resize,-3.4332503100857217,3.4332503100857217,1.6255,12.747278812179
749493.0,2.5,-0.23058307404802786,0.23058307404802786,001150_2014-06-17_15-27-34_260595134347_rgbf000108-resize,-3.751294396208889,3.751294396208889,4.0325,11.088139074292139
749493.0,2.5,-0.017151309058310422,0.017151309058310422,000665_2014-06-09_20-42-35_260595134347_rgbf000110-resize,-3.0742166696198656,3.0742166696198656,3.057,18.49880761375764
749493.0,2.5,-1.1179792529933947,1.1179792529933947,002375_2014-06-28_20-13-44_260595134347_rgbf000032-resize,-4.631561216441817,4.631561216441817,4.0175,48.76103649676905
749493.0,2.5,-0.4740358270587291,0.4740358270587291,000788_2014-06-08_22-34-36_260595134347_rgbf000131-resize,-3.6746389430308413,3.6746389430308413,3.359,21.46386213810664
749493.0,2.5,-0.930657990349576,0.930657990349576,001235_2014-06-17_16-37-36_260595134347_rgbf000084-resize,-4.274561216441817,4.274561216441817,3.6605,14.547706659434104
749493.0,2.5,-0.3340757982372047,0.3340757982372047,000692_2014-06-08_13-09-42_260595134347_rgbf000199-resize,-3.678216669619865,3.678216669619865,3.661,54.80046590295557
749493.0,2.5,-0.26912438138837125,0.26912438138837125,000470_2014-06-09_19-42-40_260595134347_rgbf000094-resize,-2.7434834898527933,2.7434834898527933,1.831,22.486379427626872
749493.0,2.5,-0.6159448899756481,0.6159448899756481,000109_2014-05-14_23-41-52_260595134347_rgbf000035-resize,-2.8638280366747457,2.8638280366747457,1.3545,6.620498200896815
749493.0,2.5,-0.8521515801721883,0.8521515801721883,002784_2014-06-22_19-26-30_094959634447_rgbf000083-resize,-3.3139947033414456,3.3139947033414456,1.8046666666667,3.0422522474895675
749493.0,2.5,-0.7821528072400294,0.7821528072400294,001100_2014-06-15_17-46-26_260595134347_rgbf000225-resize,-3.4509057632637696,3.4509057632637696,2.24,9.548860596737413
749493.0,2.5,-0.7720459421788268,0.7720459421788268,000469_2014-06-09_19-42-10_260595134347_rgbf000081-resize,-3.1613280366747456,3.1613280366747456,1.652,25.13136208408983
749493.0,2.5,-0.6067624751401647,0.6067624751401647,000483_2014-06-09_20-41-45_260595134347_rgbf000116-resize,-2.8463280366747457,2.8463280366747457,1.337,29.232414989368262
749493.0,2.5,-0.7925096095264749,0.7925096095264749,002964_2014-06-08_17-46-11_094959634447_rgbf000091-resize,-3.2003280366747457,3.2003280366747457,1.6909999999999998,28.953812917975768
749493.0,2.5,-0.036815494792859504,0.036815494792859504,002136_2014-06-25_21-18-03_260595134347_rgbf000109-resize,-2.571061216441817,2.571061216441817,1.9569999999999999,13.297078442475444
749493.0,2.5,-0.2938105590580541,0.2938105590580541,000691_2014-06-08_13-08-50_260595134347_rgbf000132-resize,-3.8717943962088888,3.8717943962088888,4.1530000000000005,14.740846212587924
749493.0,2.5,-0.02935701179618605,0.02935701179618605,000457_2014-06-08_16-52-43_260595134347_rgbf000199-resize,-3.3677943962088888,3.3677943962088888,3.6489999999999996,14.067279821032837
749493.0,2.5,-0.9929861246923012,0.9929861246923012,002279_2014-06-28_18-55-32_260595134347_rgbf000040-resize,-3.312083643419022,3.312083643419022,1.5043333333333,15.963772282558683
749493.0,2.5,-0.09820649683579796,0.09820649683579796,000635_2014-06-08_16-38-42_260595134347_rgbf000106-resize,-2.6880612164418167,2.6880612164418167,2.074,10.796976226722654
749493.0,2.5,-0.7340045092889775,0.7340045092889775,002344_2014-06-28_20-06-29_260595134347_rgbf000030-resize,-3.0888280366747454,3.0888280366747454,1.5795,37.33165518125916
749493.0,2.5,-0.8712160224020301,0.8712160224020301,000549_2014-06-08_22-10-24_260595134347_rgbf000247-resize,-3.3503280366747457,3.3503280366747457,1.841,30.99307977870557
749493.0,2.5,-0.8543127698602812,0.8543127698602812,000736_2014-06-08_18-24-15_260595134347_rgbf000206-resize,-4.1290612164418175,4.1290612164418175,3.515,33.408170606136416
749493.0,2.5,-0.6980867490444753,0.6980867490444753,000137_2014-05-20_17-04-49_260595134347_rgbf000120-resize,-4.101638943030841,4.101638943030841,3.786,14.89611111351161
749493.0,2.5,-0.10857571660657933,0.10857571660657933,001056_2014-06-08_18-46-44_260595134347_rgbf000068-resize,-2.9781389430308414,2.9781389430308414,2.6625,11.38594592369452
749493.0,2.5,-0.9525459823734346,0.9525459823734346,002199_2014-06-28_18-33-56_260595134347_rgbf000074-resize,-3.505328036674745,3.505328036674745,1.996,17.12852126070164
749493.0,2.5,-0.012966051189285843,0.012966051189285843,000917_2014-06-09_22-45-29_260595134347_rgbf000149-resize,-3.6068721227979124,3.6068721227979124,4.1865,9.740561609074897
749493.0,2.5,-0.4206280174316448,0.4206280174316448,002953_2014-06-08_17-32-18_094959634447_rgbf000059-resize,-2.761905763263769,2.761905763263769,1.551,13.905027931093345
749493.0,2.5,-0.970123747915643,0.970123747915643,002905_2014-06-03_18-04-43_094959634447_rgbf000151-resize,-3.538828036674745,3.538828036674745,2.0295,12.020604335789361
749493.0,2.5,-0.10492758564105943,0.10492758564105943,003129_2014-05-12_10-48-10_094959634447_rgbf000100-resize,-4.052449849386937,4.052449849386937,4.9305,17.9074543760639
749493.0,2.5,-0.01913759560670525,0.01913759560670525,002988_2014-06-15_12-24-20_094959634447_rgbf000150-resize,-3.888949849386937,3.888949849386937,4.7669999999999995,14.460306569198616
749493.0,2.5,-0.5667844256392593,0.5667844256392593,001052_2014-06-08_18-24-54_260595134347_rgbf000130-resize,-4.1217166696198655,4.1217166696198655,4.1045,25.87613690895519
749493.0,2.5,-0.9975460238094632,0.9975460238094632,001214_2014-06-17_16-13-55_260595134347_rgbf000111-resize,-3.8614057632637695,3.8614057632637695,2.6505,18.479282579459067
749493.0,2.5,-0.20392302731428916,0.20392302731428916,002272_2014-06-28_18-53-56_260595134347_rgbf000067-resize,-2.3489057632637693,2.3489057632637693,1.138,10.409245808146235
749493.0,2.5,-0.28434095454431685,0.28434095454431685,001571_2014-06-20_17-21-32_260595134347_rgbf000089-resize,-2.772483489852793,2.772483489852793,1.86,4.991960350191473
749493.0,2.5,-0.4176419819822578,0.4176419819822578,002444_2014-06-28_20-32-08_260595134347_rgbf000027-resize,-4.107794396208886,4.107794396208886,4.388999999999999,17.102760279009576
749493.0,2.5,-0.04704732846668047,0.04704732846668047,000943_2014-06-09_19-31-07_260595134347_rgbf000128-resize,-2.590561216441817,2.590561216441817,1.9765,15.893099149291922
749493.0,2.5,-0.8512770644735536,0.8512770644735536,000709_2014-06-08_13-51-55_260595134347_rgbf000068-resize,-3.3123280366747463,3.3123280366747463,1.8030000000000002,14.429351101546246
749493.0,2.5,-0.0229231126691798,0.0229231126691798,000854_2014-06-09_19-43-13_260595134347_rgbf000066-resize,-3.0852166696198653,3.0852166696198653,3.068,11.910827625938722
749493.0,2.5,-0.2872268563497489,0.2872268563497489,001136_2014-06-17_15-19-41_260595134347_rgbf000076-resize,-2.7779834898527933,2.7779834898527933,1.8655,18.667799879387072
749493.0,2.5,-0.2649515410036786,0.2649515410036786,000734_2014-06-08_17-39-11_260595134347_rgbf000128-resize,-3.8167943962088886,3.8167943962088886,4.098,16.052231618370055
749493.0,2.5,-1.1495743692719091,1.1495743692719091,000522_2014-06-08_13-35-06_260595134347_rgbf000244-resize,-3.880828036674746,3.880828036674746,2.3715,25.742609854068213
749493.0,2.5,-0.5992915746591571,0.5992915746591571,002949_2014-06-26_15-57-42_094959634447_rgbf000079-resize,-3.1024057632637696,3.1024057632637696,1.8915,17.99500168321199
749493.0,2.5,-0.3987400254077907,0.3987400254077907,000866_2014-06-09_20-45-42_260595134347_rgbf000139-resize,-3.5311389430308413,3.5311389430308413,3.2155,8.082259189449621
749493.0,2.5,-0.7620764632145952,0.7620764632145952,001555_2014-06-20_17-12-10_260595134347_rgbf000065-resize,-3.1423280366747464,3.1423280366747464,1.633,7.608284543781994
749493.0,2.5,-0.9518838868573024,0.9518838868573024,003534_2014-05-22_15-06-10_094959634447_rgbf000102-resize,-3.2337503100857217,3.2337503100857217,1.426,12.376994007247625
749493.0,2.5,-0.17756258774314224,0.17756258774314224,001016_2014-06-09_16-16-10_260595134347_rgbf000112-resize,-2.568983489852793,2.568983489852793,1.6565,7.049977084494088
749493.0,2.5,-0.3078279097943545,0.3078279097943545,002340_2014-06-28_20-05-46_260595134347_rgbf000113-resize,-3.0875612164418174,3.0875612164418174,2.4735,7.91768620575396
749493.0,2.5,-0.12722773595578896,0.12722773595578896,000773_2014-06-08_22-24-54_260595134347_rgbf000093-resize,-4.0949498493869365,4.0949498493869365,4.973,21.45352631724976
749493.0,2.5,-0.5773911651509582,0.5773911651509582,001059_2014-06-08_21-53-27_260595134347_rgbf000061-resize,-3.330983489852793,3.330983489852793,2.4185,8.755513319222857
749493.0,2.5,-1.622337555944397,1.622337555944397,001032_2014-06-08_13-23-17_260595134347_rgbf000021-resize,-4.781828036674746,4.781828036674746,3.2725,15.984983178828962
749493.0,2.5,-0.23320662114387766,0.23320662114387766,002639_2014-06-24_14-51-37_094959634447_rgbf000074-resize,-3.756294396208888,3.756294396208888,4.0375,16.521406794569987
749493.0,2.5,-0.4585693166775386,0.4585693166775386,001570_2014-06-20_17-21-09_260595134347_rgbf000135-resize,-4.185794396208888,4.185794396208888,4.467,22.179510675592084
749493.0,2.5,-0.5842310138266724,0.5842310138266724,001447_2014-06-19_17-00-32_260595134347_rgbf000082-resize,-4.1549666696198635,4.1549666696198635,4.13775,46.830399423560245
749493.0,2.5,-0.3357873125916737,0.3357873125916737,001066_2014-06-08_22-03-20_260595134347_rgbf000066-resize,-3.951794396208889,3.951794396208889,4.2330000000000005,19.743449467077777
749493.0,2.5,-0.5451463708406457,0.5451463708406457,000742_2014-06-08_18-48-09_260595134347_rgbf000164-resize,-4.350794396208888,4.350794396208888,4.632,18.91549953899407
749493.0,2.5,-0.052169454045765166,0.052169454045765166,002758_2014-06-22_19-11-20_094959634447_rgbf000128-resize,-2.8706389430308414,2.8706389430308414,2.555,7.204478276142114
749493.0,2.5,-0.6796970844048461,0.6796970844048461,002549_2014-06-24_13-41-39_094959634447_rgbf000022-resize,-2.9853280366747463,2.9853280366747463,1.476,4.1736441355391865
749493.0,2.5,-0.2168032430526308,0.2168032430526308,001199_2014-06-17_16-03-48_260595134347_rgbf000077-resize,-3.454716669619865,3.454716669619865,3.4375,28.282249848901696
749493.0,2.5,-0.5839500328905887,0.5839500328905887,000502_2014-06-08_23-02-32_260595134347_rgbf000063-resize,-3.343483489852793,3.343483489852793,2.431,13.897287578908273
749493.0,2.5,-1.0395227773430922,1.0395227773430922,001806_2014-06-26_20-50-20_260595134347_rgbf000091-resize,-3.9414057632637696,3.9414057632637696,2.7305,13.909869710567438
749493.0,2.5,-0.1038657493183796,0.1038657493183796,001617_2014-06-20_11-35-32_260595134347_rgbf000066-resize,-3.5097943962088887,3.5097943962088887,3.7910000000000004,19.974169961071475
749493.0,2.5,-0.5426477923574209,0.5426477923574209,000506_2014-06-08_23-21-00_260595134347_rgbf000070-resize,-4.075716669619865,4.075716669619865,4.0585,16.716212007621664
749493.0,2.5,-0.04258729840373576,0.04258729840373576,003228_2014-05-14_13-42-35_094959634447_rgbf000101-resize,-2.5820612164418173,2.5820612164418173,1.9680000000000002,14.40337638638131
749493.0,2.5,-0.3143867775339805,0.3143867775339805,000368_2014-06-09_15-53-01_260595134347_rgbf000155-resize,-3.100061216441817,3.100061216441817,2.4859999999999998,21.090700959072958
749493.0,2.5,-0.19186091941553815,0.19186091941553815,002763_2014-06-22_19-13-10_094959634447_rgbf000075-resize,-2.5962334898527937,2.5962334898527937,1.68375,5.5919783591245595
749493.0,2.5,-0.3877087101208738,0.3877087101208738,002209_2014-06-28_18-36-10_260595134347_rgbf000051-resize,-2.9694834898527933,2.9694834898527933,2.057,12.962068825921264
749493.0,2.5,-0.9453622715706852,0.9453622715706852,001828_2014-06-26_21-40-03_260595134347_rgbf000024-resize,-4.843216669619865,4.843216669619865,4.8260000000000005,35.55232951340613
749493.0,2.5,-0.11697106731330136,0.11697106731330136,000927_2014-06-09_16-32-30_260595134347_rgbf000123-resize,-2.9941389430308414,2.9941389430308414,2.6785,11.715239650325241
749493.0,2.5,-0.23294426643428595,0.23294426643428595,002570_2014-06-24_13-59-54_094959634447_rgbf000059-resize,-3.7557943962088887,3.7557943962088887,4.037,41.596140375002705
749493.0,2.5,-0.19186712815770304,0.19186712815770304,001810_2014-06-26_20-51-35_260595134347_rgbf000040-resize,-2.8665612164418173,2.8665612164418173,2.2525,22.411391411207674
749493.0,2.5,-0.9052220010041514,0.9052220010041514,002663_2014-06-13_15-50-26_094959634447_rgbf000075-resize,-4.766716669619865,4.766716669619865,4.7495,16.725954086732166
749493.0,2.5,-1.3185308022447564,1.3185308022447564,001092_2014-06-15_17-34-58_260595134347_rgbf000171-resize,-4.202828036674745,4.202828036674745,2.6935,9.164038324933468
749493.0,2.5,-0.017663600993145127,0.017663600993145127,002545_2014-06-24_13-38-53_094959634447_rgbf000080-resize,-2.5345612164418174,2.5345612164418174,1.9205,12.083824048628237
749493.0,2.5,-0.8762007618841494,0.8762007618841494,001167_2014-06-17_15-38-07_260595134347_rgbf000108-resize,-3.3598280366747457,3.3598280366747457,1.8505,12.019050657019696
749493.0,2.5,-0.9156789369345492,0.9156789369345492,003587_2014-05-23_16-48-02_094959634447_rgbf002384-resize,-3.1647503100857217,3.1647503100857217,1.357,20.788172722830538
963837.0,2.5,-1.2490037187925047,1.2490037187925047,001808_2014-06-26_20-50-58_260595134347_rgbf000029-resize,-4.872615451702981,4.872615451702981,4.249,20.030651550568866
963837.0,2.5,-0.3985782336005157,0.3985782336005157,000677_2014-06-08_23-10-32_260595134347_rgbf000158-resize,-3.6928135939960627,3.6928135939960627,3.556,19.65196273325612
963837.0,2.5,-0.17826990733378326,0.17826990733378326,001516_2014-06-20_16-25-09_260595134347_rgbf000076-resize,-2.6115163805564423,2.6115163805564423,1.7445,3.8622659094666254
963837.0,2.5,-1.5033646919501786,1.5033646919501786,001650_2014-06-20_12-09-00_260595134347_rgbf000087-resize,-4.034521024823741,4.034521024823741,1.9505,47.6804595860539
963837.0,2.5,-0.5780342431000132,0.5780342431000132,001244_2014-06-17_16-47-45_260595134347_rgbf000030-resize,-3.1529173094099026,3.1529173094099026,2.0425,6.7629638807870815
963837.0,2.5,-0.6026313441594291,0.6026313441594291,003495_2014-05-21_16-01-51_094959634447_rgbf000100-resize,-2.979318238263362,2.979318238263362,1.6255,12.747278812179
963837.0,2.5,-0.1802294854408316,0.1802294854408316,001158_2014-06-17_15-32-16_260595134347_rgbf000138-resize,-3.938110807435685,3.938110807435685,4.5315,26.954451973303737
963837.0,2.5,-1.073092191944016,1.073092191944016,000556_2014-06-09_22-42-56_260595134347_rgbf000214-resize,-4.978313593996064,4.978313593996064,4.8415,23.88242025565649
963837.0,2.5,-0.1618004141282835,0.1618004141282835,001150_2014-06-17_15-27-34_260595134347_rgbf000108-resize,-3.6825117362891437,3.6825117362891437,4.0325,11.088139074292139
963837.0,2.5,-1.1275334882545605,1.1275334882545605,002375_2014-06-28_20-13-44_260595134347_rgbf000032-resize,-4.641115451702984,4.641115451702984,4.0175,48.76103649676905
963837.0,2.5,-0.2952104780239515,0.2952104780239515,000788_2014-06-08_22-34-36_260595134347_rgbf000131-resize,-3.495813593996063,3.495813593996063,3.359,21.46386213810664
963837.0,2.5,-0.9538600586523996,0.9538600586523996,000470_2014-06-09_19-42-40_260595134347_rgbf000094-resize,-3.4282191671168216,3.4282191671168216,1.831,22.486379427626872
963837.0,2.5,-0.7038360204177241,0.7038360204177241,000109_2014-05-14_23-41-52_260595134347_rgbf000035-resize,-2.951719167116821,2.951719167116821,1.3545,6.620498200896815
963837.0,2.5,-0.4352490394440862,0.4352490394440862,002509_2014-06-24_13-19-22_094959634447_rgbf000077-resize,-2.6603182382633617,2.6603182382633617,1.3065,40.21868783296904
963837.0,2.5,-0.3946483010999744,0.3946483010999744,003338_2014-05-20_11-01-23_094959634447_rgbf000051-resize,-2.803417309409902,2.803417309409902,1.693,28.251495663089063
963837.0,2.5,-1.6552680688000012,1.6552680688000012,001100_2014-06-15_17-46-26_260595134347_rgbf000225-resize,-4.324021024823741,4.324021024823741,2.24,9.548860596737413
963837.0,2.5,-0.8599370726209028,0.8599370726209028,000469_2014-06-09_19-42-10_260595134347_rgbf000081-resize,-3.249219167116822,3.249219167116822,1.652,25.13136208408983
963837.0,2.5,-0.6946536055822407,0.6946536055822407,000483_2014-06-09_20-41-45_260595134347_rgbf000116-resize,-2.9342191671168214,2.9342191671168214,1.337,29.232414989368262
963837.0,2.5,-0.3935988822616317,0.3935988822616317,002964_2014-06-08_17-46-11_094959634447_rgbf000091-resize,-2.801417309409902,2.801417309409902,1.6909999999999998,28.953812917975768
963837.0,2.5,-1.019973445467864,1.019973445467864,002136_2014-06-25_21-18-03_260595134347_rgbf000109-resize,-3.554219167116821,3.554219167116821,1.9569999999999999,13.297078442475444
963837.0,2.5,-0.7118297568452288,0.7118297568452288,000691_2014-06-08_13-08-50_260595134347_rgbf000132-resize,-4.289813593996064,4.289813593996064,4.1530000000000005,14.740846212587924
963837.0,2.5,-0.2809790820647656,0.2809790820647656,000929_2014-06-09_16-33-19_260595134347_rgbf000139-resize,-3.248214522849524,3.248214522849524,2.8680000000000003,19.501338012209015
963837.0,2.5,-0.4473762095833607,0.4473762095833607,000457_2014-06-08_16-52-43_260595134347_rgbf000199-resize,-3.7858135939960627,3.7858135939960627,3.6489999999999996,14.067279821032837
963837.0,2.5,-0.052252195163021715,0.052252195163021715,002279_2014-06-28_18-55-32_260595134347_rgbf000040-resize,-2.3713497138897424,2.3713497138897424,1.5043333333333,15.963772282558683
963837.0,2.5,-1.1448542872304095,1.1448542872304095,002725_2014-06-22_11-47-51_094959634447_rgbf000070-resize,-3.7922191671168215,3.7922191671168215,2.195,3.938570017428758
963837.0,2.5,-1.3086974974379728,1.3086974974379728,002344_2014-06-28_20-06-29_260595134347_rgbf000030-resize,-3.6635210248237415,3.6635210248237415,1.5795,37.33165518125916
963837.0,2.5,-0.959107152844106,0.959107152844106,000549_2014-06-08_22-10-24_260595134347_rgbf000247-resize,-3.438219167116822,3.438219167116822,1.841,30.99307977870557
963837.0,2.5,-0.13366421856106778,0.13366421856106778,000736_2014-06-08_18-24-15_260595134347_rgbf000206-resize,-3.4084126651426034,3.4084126651426034,3.515,33.408170606136416
963837.0,2.5,-0.28806265922356983,0.28806265922356983,000642_2014-06-08_16-59-25_260595134347_rgbf000098-resize,-3.2617145228495232,3.2617145228495232,2.8815,31.36214301237791
963837.0,2.5,-0.3335785072649792,0.3335785072649792,002425_2014-06-28_20-27-29_260595134347_rgbf000031-resize,-3.789412665142604,3.789412665142604,3.8960000000000004,8.40495801096819
963837.0,2.5,-1.28383804166897,1.28383804166897,002199_2014-06-28_18-33-56_260595134347_rgbf000074-resize,-3.8366200959702814,3.8366200959702814,1.996,17.12852126070164
963837.0,2.5,-1.0580148783577192,1.0580148783577192,002905_2014-06-03_18-04-43_094959634447_rgbf000151-resize,-3.6267191671168217,3.6267191671168217,2.0295,12.020604335789361
963837.0,2.5,-0.7906004113623727,0.7906004113623727,002988_2014-06-15_12-24-20_094959634447_rgbf000150-resize,-4.660412665142603,4.660412665142603,4.7669999999999995,14.460306569198616
963837.0,2.5,-0.6863813500154576,0.6863813500154576,001052_2014-06-08_18-24-54_260595134347_rgbf000130-resize,-4.241313593996063,4.241313593996063,4.1045,25.87613690895519
963837.0,2.5,-0.4102557122486769,0.4102557122486769,001214_2014-06-17_16-13-55_260595134347_rgbf000111-resize,-3.2741154517029827,3.2741154517029827,2.6505,18.479282579459067
963837.0,2.5,-1.077038288874261,1.077038288874261,002272_2014-06-28_18-53-56_260595134347_rgbf000067-resize,-3.2220210248237415,3.2220210248237415,1.138,10.409245808146235
963837.0,2.5,-0.9690766318083452,0.9690766318083452,001571_2014-06-20_17-21-32_260595134347_rgbf000089-resize,-3.457219167116822,3.457219167116822,1.86,4.991960350191473
963837.0,2.5,-0.1817393720567501,0.1817393720567501,000436_2014-06-09_22-25-11_260595134347_rgbf000137-resize,-3.720511736289144,3.720511736289144,4.0705,20.69156545677159
963837.0,2.5,-0.8356611797694324,0.8356611797694324,002444_2014-06-28_20-32-08_260595134347_rgbf000027-resize,-4.5258135939960615,4.5258135939960615,4.388999999999999,17.102760279009576
963837.0,2.5,-0.07614429552033286,0.07614429552033286,003070_2014-06-15_14-58-27_094959634447_rgbf000150-resize,-3.0783135939960635,3.0783135939960635,2.9415,10.664823740812926
963837.0,2.5,-0.5434034214347656,0.5434034214347656,000943_2014-06-09_19-31-07_260595134347_rgbf000128-resize,-3.0869173094099023,3.0869173094099023,1.9765,15.893099149291922
963837.0,2.5,-1.1161237524592171,1.1161237524592171,000854_2014-06-09_19-43-13_260595134347_rgbf000066-resize,-4.1784173094099035,4.1784173094099035,3.068,11.910827625938722
963837.0,2.5,-0.4851606759068578,0.4851606759068578,001136_2014-06-17_15-19-41_260595134347_rgbf000076-resize,-2.975917309409902,2.975917309409902,1.8655,18.667799879387072
963837.0,2.5,-0.4395698099373938,0.4395698099373938,000734_2014-06-08_17-39-11_260595134347_rgbf000128-resize,-3.991412665142604,3.991412665142604,4.098,16.052231618370055
963837.0,2.5,-1.4808664285674444,1.4808664285674444,000522_2014-06-08_13-35-06_260595134347_rgbf000244-resize,-4.212120095970281,4.212120095970281,2.3715,25.742609854068213
963837.0,2.5,-0.7422040496587495,0.7422040496587495,002949_2014-06-26_15-57-42_094959634447_rgbf000079-resize,-3.245318238263362,3.245318238263362,1.8915,17.99500168321199
963837.0,2.5,-0.2199146763730131,0.2199146763730131,000866_2014-06-09_20-45-42_260595134347_rgbf000139-resize,-3.3523135939960635,3.3523135939960635,3.2155,8.082259189449621
963837.0,2.5,-1.0933685225101306,1.0933685225101306,001555_2014-06-20_17-12-10_260595134347_rgbf000065-resize,-3.4736200959702814,3.4736200959702814,1.633,7.608284543781994
963837.0,2.5,-0.741352743888402,0.741352743888402,003534_2014-05-22_15-06-10_094959634447_rgbf000102-resize,-3.023219167116822,3.023219167116822,1.426,12.376994007247625
963837.0,2.5,-0.06657104269208525,0.06657104269208525,002637_2014-06-24_14-51-13_094959634447_rgbf000066-resize,-2.619115451702983,2.619115451702983,1.9955,10.972027795242447
963837.0,2.5,-0.2885231270011478,0.2885231270011478,001059_2014-06-08_21-53-27_260595134347_rgbf000061-resize,-3.042115451702983,3.042115451702983,2.4185,8.755513319222857
963837.0,2.5,-0.35948738187232143,0.35948738187232143,003292_2014-05-14_21-53-49_094959634447_rgbf000100-resize,-3.618313593996064,3.618313593996064,3.4815,33.084282711345374
963837.0,2.5,-0.21702608049595173,0.21702608049595173,001447_2014-06-19_17-00-32_260595134347_rgbf000082-resize,-3.7877617362891436,3.7877617362891436,4.13775,46.830399423560245
963837.0,2.5,-1.333749678131746,1.333749678131746,002758_2014-06-22_19-11-20_094959634447_rgbf000128-resize,-4.152219167116822,4.152219167116822,2.555,7.204478276142114
963837.0,2.5,-0.7818838524476976,0.7818838524476976,000502_2014-06-08_23-02-32_260595134347_rgbf000063-resize,-3.541417309409902,3.541417309409902,2.431,13.897287578908273
963837.0,2.5,-1.4258361811961444,1.4258361811961444,001806_2014-06-26_20-50-20_260595134347_rgbf000091-resize,-4.327719167116822,4.327719167116822,2.7305,13.909869710567438
963837.0,2.5,-0.33771194097675505,0.33771194097675505,000493_2014-06-09_21-01-18_260595134347_rgbf000196-resize,-3.5768135939960635,3.5768135939960635,3.44,19.629285382994567
963837.0,2.5,-0.1754428590267002,0.1754428590267002,000506_2014-06-08_23-21-00_260595134347_rgbf000070-resize,-3.708511736289145,3.708511736289145,4.0585,16.716212007621664
963837.0,2.5,-0.22299869124643973,0.22299869124643973,002600_2014-06-24_14-27-04_094959634447_rgbf000074-resize,-3.1377145228495227,3.1377145228495227,2.7575,44.47386082434929
963837.0,2.5,-0.052141533664901485,0.052141533664901485,003228_2014-05-14_13-42-35_094959634447_rgbf000101-resize,-2.5916154517029826,2.5916154517029826,1.9680000000000002,14.40337638638131
963837.0,2.5,-0.3239410127951462,0.3239410127951462,000368_2014-06-09_15-53-01_260595134347_rgbf000155-resize,-3.1096154517029837,3.1096154517029837,2.4859999999999998,21.090700959072958
963837.0,2.5,-0.0988406719710634,0.0988406719710634,002209_2014-06-28_18-36-10_260595134347_rgbf000051-resize,-2.680615451702983,2.680615451702983,2.057,12.962068825921264
963837.0,2.5,-0.4043554253546235,0.4043554253546235,001110_2014-06-15_17-25-28_260595134347_rgbf000150-resize,-2.821917309409902,2.821917309409902,1.7115,9.336195527413247
963837.0,2.5,-0.5380170676734307,0.5380170676734307,002663_2014-06-13_15-50-26_094959634447_rgbf000075-resize,-4.399511736289145,4.399511736289145,4.7495,16.725954086732166
963837.0,2.5,-0.00491229779633795,0.00491229779633795,000409_2014-06-04_19-23-33_260595134347_rgbf000067-resize,-3.3835117362891443,3.3835117362891443,3.7335,12.696549983566419
963837.0,2.5,-0.9640918923262254,0.9640918923262254,001167_2014-06-17_15-38-07_260595134347_rgbf000108-resize,-3.447719167116822,3.447719167116822,1.8505,12.019050657019696
963837.0,2.5,-1.1919496516725685,1.1919496516725685,003587_2014-05-23_16-48-02_094959634447_rgbf002384-resize,-3.4410210248237414,3.4410210248237414,1.357,20.788172722830538
540886.0,2.5,-0.2317066277282601,0.2317066277282601,001029_2014-06-08_13-17-57_260595134347_rgbf000065-resize,-3.3013671886818017,3.3013671886818017,3.0835,18.209734661918688
540886.0,2.5,-0.0044673089467056615,0.0044673089467056615,001516_2014-06-20_16-25-09_260595134347_rgbf000076-resize,-2.4377137821693653,2.4377137821693653,1.7445,3.8622659094666254
540886.0,2.5,-0.7560934817678558,0.7560934817678558,000682_2014-06-08_23-14-58_260595134347_rgbf000041-resize,-3.6548870789131467,3.6548870789131467,2.7239999999999998,8.707843071693064
540886.0,2.5,-0.8255773395271484,0.8255773395271484,001650_2014-06-20_12-09-00_260595134347_rgbf000087-resize,-3.3567336724007113,3.3567336724007113,1.9505,47.6804595860539
540886.0,2.5,-0.6361773093470398,0.6361773093470398,001244_2014-06-17_16-47-45_260595134347_rgbf000030-resize,-3.2110603756569285,3.2110603756569285,2.0425,6.7629638807870815
540886.0,2.5,-0.41737348155299614,0.41737348155299614,003495_2014-05-21_16-01-51_094959634447_rgbf000100-resize,-2.7940603756569287,2.7940603756569287,1.6255,12.747278812179
540886.0,2.5,-0.9164724898859716,0.9164724898859716,000556_2014-06-09_22-42-56_260595134347_rgbf000214-resize,-4.821693891938019,4.821693891938019,4.8415,23.88242025565649
540886.0,2.5,-0.4554751248640283,0.4554751248640283,000665_2014-06-09_20-42-35_260595134347_rgbf000110-resize,-3.5125404854255833,3.5125404854255833,3.057,18.49880761375764
540886.0,2.5,-1.1971318187209423,1.1971318187209423,002375_2014-06-28_20-13-44_260595134347_rgbf000032-resize,-4.710713782169365,4.710713782169365,4.0175,48.76103649676905
540886.0,2.5,-0.1957640325150837,0.1957640325150837,002568_2014-06-24_13-59-21_094959634447_rgbf000062-resize,-3.2328671886818015,3.2328671886818015,3.015,29.63840999388049
540886.0,2.5,-0.29679066584577785,0.29679066584577785,001235_2014-06-17_16-37-36_260595134347_rgbf000084-resize,-3.6406938919380183,3.6406938919380183,3.6605,14.547706659434104
540886.0,2.5,-0.2875279704487247,0.2875279704487247,000470_2014-06-09_19-42-40_260595134347_rgbf000094-resize,-2.761887078913147,2.761887078913147,1.831,22.486379427626872
540886.0,2.5,-0.03750393221404924,0.03750393221404924,000109_2014-05-14_23-41-52_260595134347_rgbf000035-resize,-2.2853870789131467,2.2853870789131467,1.3545,6.620498200896815
540886.0,2.5,-0.2499911768376533,0.2499911768376533,002509_2014-06-24_13-19-22_094959634447_rgbf000077-resize,-2.4750603756569287,2.4750603756569287,1.3065,40.21868783296904
540886.0,2.5,-0.690464664090783,0.690464664090783,003338_2014-05-20_11-01-23_094959634447_rgbf000051-resize,-3.099233672400711,3.099233672400711,1.693,28.251495663089063
540886.0,2.5,-0.5113839191543715,0.5113839191543715,002784_2014-06-22_19-26-30_094959634447_rgbf000083-resize,-2.9732270423236287,2.9732270423236287,1.8046666666667,3.0422522474895675
540886.0,2.5,-0.7398074196331892,0.7398074196331892,001100_2014-06-15_17-46-26_260595134347_rgbf000225-resize,-3.4085603756569283,3.4085603756569283,2.24,9.548860596737413
540886.0,2.5,-0.6689515779047921,0.6689515779047921,000469_2014-06-09_19-42-10_260595134347_rgbf000081-resize,-3.05823367240071,3.05823367240071,1.652,25.13136208408983
540886.0,2.5,-0.50366811086613,0.50366811086613,000483_2014-06-09_20-41-45_260595134347_rgbf000116-resize,-2.743233672400711,2.743233672400711,1.337,29.232414989368262
540886.0,2.5,-0.6894152452524402,0.6894152452524402,002964_2014-06-08_17-46-11_094959634447_rgbf000091-resize,-3.0972336724007112,3.0972336724007112,1.6909999999999998,28.953812917975768
540886.0,2.5,-0.5913146540079712,0.5913146540079712,002136_2014-06-25_21-18-03_260595134347_rgbf000109-resize,-3.1255603756569283,3.1255603756569283,1.9569999999999999,13.297078442475444
540886.0,2.5,-1.0305566482747484,1.0305566482747484,000691_2014-06-08_13-08-50_260595134347_rgbf000132-resize,-4.608540485425584,4.608540485425584,4.1530000000000005,14.740846212587924
540886.0,2.5,-0.11863174789704325,0.11863174789704325,000929_2014-06-09_16-33-19_260595134347_rgbf000139-resize,-3.0858671886818017,3.0858671886818017,2.8680000000000003,19.501338012209015
540886.0,2.5,-0.22831608664403602,0.22831608664403602,001584_2014-06-20_11-07-43_260595134347_rgbf000002-resize,-3.5101938919380187,3.5101938919380187,3.53,17.602834139105468
540886.0,2.5,-0.35379619026350817,0.35379619026350817,002279_2014-06-28_18-55-32_260595134347_rgbf000040-resize,-2.672893708990229,2.672893708990229,1.5043333333333,15.963772282558683
540886.0,2.5,-0.17735906256334566,0.17735906256334566,000635_2014-06-08_16-38-42_260595134347_rgbf000106-resize,-2.7672137821693648,2.7672137821693648,2.074,10.796976226722654
540886.0,2.5,-0.5811229606149384,0.5811229606149384,002043_2014-06-24_20-29-38_260595134347_rgbf000039-resize,-3.5367137821693655,3.5367137821693655,2.8435,8.475049543704081
540886.0,2.5,-0.4785221990267349,0.4785221990267349,002725_2014-06-22_11-47-51_094959634447_rgbf000070-resize,-3.1258870789131468,3.1258870789131468,2.195,3.938570017428758
540886.0,2.5,-0.6309101450149428,0.6309101450149428,002344_2014-06-28_20-06-29_260595134347_rgbf000030-resize,-2.9857336724007113,2.9857336724007113,1.5795,37.33165518125916
540886.0,2.5,-0.5304483613842133,0.5304483613842133,000549_2014-06-08_22-10-24_260595134347_rgbf000247-resize,-3.0095603756569282,3.0095603756569282,1.841,30.99307977870557
540886.0,2.5,-0.4581187421002647,0.4581187421002647,000736_2014-06-08_18-24-15_260595134347_rgbf000206-resize,-3.7328671886818015,3.7328671886818015,3.515,33.408170606136416
540886.0,2.5,-0.3626416979516535,0.3626416979516535,000137_2014-05-20_17-04-49_260595134347_rgbf000120-resize,-3.766193891938019,3.766193891938019,3.786,14.89611111351161
540886.0,2.5,-0.6010619185434116,0.6010619185434116,000642_2014-06-08_16-59-25_260595134347_rgbf000098-resize,-3.5747137821693653,3.5747137821693653,2.8815,31.36214301237791
540886.0,2.5,-0.6580330308041761,0.6580330308041761,002425_2014-06-28_20-27-29_260595134347_rgbf000031-resize,-4.113867188681802,4.113867188681802,3.8960000000000004,8.40495801096819
540886.0,2.5,-0.01080396225753924,0.01080396225753924,001056_2014-06-08_18-46-44_260595134347_rgbf000068-resize,-2.8803671886818014,2.8803671886818014,2.6625,11.38594592369452
540886.0,2.5,-0.8494516180993998,0.8494516180993998,002199_2014-06-28_18-33-56_260595134347_rgbf000074-resize,-3.4022336724007114,3.4022336724007114,1.996,17.12852126070164
540886.0,2.5,-1.0481344138169564,1.0481344138169564,000917_2014-06-09_22-45-29_260595134347_rgbf000149-resize,-4.642040485425582,4.642040485425582,4.1865,9.740561609074897
540886.0,2.5,-0.3782826298248043,0.3782826298248043,002953_2014-06-08_17-32-18_094959634447_rgbf000059-resize,-2.719560375656929,2.719560375656929,1.551,13.905027931093345
540886.0,2.5,-0.15400949341026227,0.15400949341026227,002905_2014-06-03_18-04-43_094959634447_rgbf000151-resize,-2.7227137821693654,2.7227137821693654,2.0295,12.020604335789361
540886.0,2.5,-0.012478441217013804,0.012478441217013804,003129_2014-05-12_10-48-10_094959634447_rgbf000100-resize,-3.960000704962891,3.960000704962891,4.9305,17.9074543760639
540886.0,2.5,-0.16436174792644165,0.16436174792644165,002988_2014-06-15_12-24-20_094959634447_rgbf000150-resize,-4.034174001706673,4.034174001706673,4.7669999999999995,14.460306569198616
540886.0,2.5,-0.7175273394588407,0.7175273394588407,001214_2014-06-17_16-13-55_260595134347_rgbf000111-resize,-3.581387078913147,3.581387078913147,2.6505,18.479282579459067
540886.0,2.5,-0.16157763970744865,0.16157763970744865,002272_2014-06-28_18-53-56_260595134347_rgbf000067-resize,-2.3065603756569293,2.3065603756569293,1.138,10.409245808146235
540886.0,2.5,-0.3027445436046703,0.3027445436046703,001571_2014-06-20_17-21-32_260595134347_rgbf000089-resize,-2.790887078913147,2.790887078913147,1.86,4.991960350191473
540886.0,2.5,-0.10765299037524872,0.10765299037524872,001132_2014-06-17_14-48-54_260595134347_rgbf000100-resize,-3.4955205951942365,3.4955205951942365,3.753,14.398279213278778
540886.0,2.5,-0.12619989419422814,0.12619989419422814,000943_2014-06-09_19-31-07_260595134347_rgbf000128-resize,-2.6697137821693646,2.6697137821693646,1.9765,15.893099149291922
540886.0,2.5,-0.03516280996817278,0.03516280996817278,000709_2014-06-08_13-51-55_260595134347_rgbf000068-resize,-2.4962137821693653,2.4962137821693653,1.8030000000000002,14.429351101546246
540886.0,2.5,-0.9365935219624616,0.9365935219624616,000854_2014-06-09_19-43-13_260595134347_rgbf000066-resize,-3.998887078913147,3.998887078913147,3.068,11.910827625938722
540886.0,2.5,-0.06795714866632041,0.06795714866632041,001136_2014-06-17_15-19-41_260595134347_rgbf000076-resize,-2.5587137821693653,2.5587137821693653,1.8655,18.667799879387072
540886.0,2.5,-0.40350882222576656,0.40350882222576656,002153_2014-06-25_21-27-18_260595134347_rgbf000038-resize,-3.1982137821693652,3.1982137821693652,2.505,17.28886317575377
540886.0,2.5,-0.23041492432072214,0.23041492432072214,000739_2014-06-08_18-45-58_260595134347_rgbf000068-resize,-3.5141938919380187,3.5141938919380187,3.534,8.164356963721069
540886.0,2.5,-1.2393709269641549,1.2393709269641549,000734_2014-06-08_17-39-11_260595134347_rgbf000128-resize,-4.791213782169366,4.791213782169366,4.098,16.052231618370055
540886.0,2.5,-1.0464800049978742,1.0464800049978742,000522_2014-06-08_13-35-06_260595134347_rgbf000244-resize,-3.777733672400711,3.777733672400711,2.3715,25.742609854068213
540886.0,2.5,-0.31927289030853445,0.31927289030853445,002949_2014-06-26_15-57-42_094959634447_rgbf000079-resize,-2.8223870789131467,2.8223870789131467,1.8915,17.99500168321199
540886.0,2.5,-0.4213088021967785,0.4213088021967785,001555_2014-06-20_17-12-10_260595134347_rgbf000065-resize,-2.801560375656929,2.801560375656929,1.633,7.608284543781994
540886.0,2.5,-0.07502065568472717,0.07502065568472717,003534_2014-05-22_15-06-10_094959634447_rgbf000102-resize,-2.356887078913146,2.356887078913146,1.426,12.376994007247625
540886.0,2.5,-0.5957947542113117,0.5957947542113117,001059_2014-06-08_21-53-27_260595134347_rgbf000061-resize,-3.349387078913147,3.349387078913147,2.4185,8.755513319222857
540886.0,2.5,-0.8062233014390165,0.8062233014390165,001032_2014-06-08_13-23-17_260595134347_rgbf000021-resize,-3.9657137821693653,3.9657137821693653,3.2725,15.984983178828962
540886.0,2.5,-0.4405409765580589,0.4405409765580589,003292_2014-05-14_21-53-49_094959634447_rgbf000100-resize,-3.6993671886818014,3.6993671886818014,3.4815,33.084282711345374
540886.0,2.5,-0.2569328201292257,0.2569328201292257,002639_2014-06-24_14-51-37_094959634447_rgbf000074-resize,-3.780020595194237,3.780020595194237,4.0375,16.521406794569987
540886.0,2.5,-0.2509187319491562,0.2509187319491562,000447_2014-06-08_16-15-46_260595134347_rgbf000130-resize,-3.983847298450455,3.983847298450455,4.479,19.081432914605553
540886.0,2.5,-0.7848815328886082,0.7848815328886082,001447_2014-06-19_17-00-32_260595134347_rgbf000082-resize,-4.3556171886818005,4.3556171886818005,4.13775,46.830399423560245
540886.0,2.5,-1.0442191633135578,1.0442191633135578,000742_2014-06-08_18-48-09_260595134347_rgbf000164-resize,-4.849867188681801,4.849867188681801,4.632,18.91549953899407
540886.0,2.5,-0.1920709964405072,0.1920709964405072,002758_2014-06-22_19-11-20_094959634447_rgbf000128-resize,-3.010540485425583,3.010540485425583,2.555,7.204478276142114
540886.0,2.5,-0.33892942338702925,0.33892942338702925,002549_2014-06-24_13-41-39_094959634447_rgbf000022-resize,-2.6445603756569294,2.6445603756569294,1.476,4.1736441355391865
540886.0,2.5,-0.3242776999310435,0.3242776999310435,002750_2014-06-22_19-08-03_094959634447_rgbf000094-resize,-3.0472137821693654,3.0472137821693654,2.354,8.789636111124727
540886.0,2.5,-0.1270070284633782,0.1270070284633782,000502_2014-06-08_23-02-32_260595134347_rgbf000063-resize,-2.886540485425583,2.886540485425583,2.431,13.897287578908273
540886.0,2.5,-0.7595040929924696,0.7595040929924696,001806_2014-06-26_20-50-20_260595134347_rgbf000091-resize,-3.661387078913147,3.661387078913147,2.7305,13.909869710567438
540886.0,2.5,-0.03027842118801055,0.03027842118801055,000506_2014-06-08_23-21-00_260595134347_rgbf000070-resize,-3.5633472984504557,3.5633472984504557,4.0585,16.716212007621664
540886.0,2.5,-0.12361648737916288,0.12361648737916288,003079_2014-06-15_15-18-20_094959634447_rgbf000152-resize,-3.0953671886818017,3.0953671886818017,2.8775,9.032134209869396
540886.0,2.5,-0.18738875194875454,0.18738875194875454,001449_2014-06-19_17-01-27_260595134347_rgbf000116-resize,-3.432193891938019,3.432193891938019,3.452,8.994872108877228
540886.0,2.5,-0.24285311738149398,0.24285311738149398,001450_2014-06-19_17-02-03_260595134347_rgbf000203-resize,-3.753187261860937,3.753187261860937,4.0106666666667,12.34882649363641
540886.0,2.5,-0.2983246538224995,0.2983246538224995,002600_2014-06-24_14-27-04_094959634447_rgbf000074-resize,-3.2130404854255827,3.2130404854255827,2.7575,44.47386082434929
540886.0,2.5,-0.35941316087506536,0.35941316087506536,003228_2014-05-14_13-42-35_094959634447_rgbf000101-resize,-2.898887078913147,2.898887078913147,1.9680000000000002,14.40337638638131
540886.0,2.5,-0.15586604651774616,0.15586604651774616,000368_2014-06-09_15-53-01_260595134347_rgbf000155-resize,-2.941540485425583,2.941540485425583,2.4859999999999998,21.090700959072958
540886.0,2.5,-0.23455238925290975,0.23455238925290975,002678_2014-06-13_16-15-32_094959634447_rgbf000151-resize,-2.876213782169365,2.876213782169365,2.1830000000000003,32.96558503300821
540886.0,2.5,-0.4061122991812273,0.4061122991812273,002209_2014-06-28_18-36-10_260595134347_rgbf000051-resize,-2.987887078913147,2.987887078913147,2.057,12.962068825921264
540886.0,2.5,-0.6706661971450569,0.6706661971450569,001828_2014-06-26_21-40-03_260595134347_rgbf000024-resize,-4.568520595194237,4.568520595194237,4.8260000000000005,35.55232951340613
540886.0,2.5,-0.02577825084428573,0.02577825084428573,002805_2014-06-22_19-54-03_094959634447_rgbf000079-resize,-3.124193891938019,3.124193891938019,3.1439999999999997,7.377848172936663
540886.0,2.5,-0.732017058907198,0.732017058907198,002570_2014-06-24_13-59-54_094959634447_rgbf000059-resize,-4.254867188681802,4.254867188681802,4.037,41.596140375002705
540886.0,2.5,-0.15124401244717325,0.15124401244717325,002467_2014-06-28_20-38-07_260595134347_rgbf000026-resize,-4.009174001706674,4.009174001706674,4.742,15.331046216195933
540886.0,2.5,-0.5086929906290326,0.5086929906290326,001810_2014-06-26_20-51-35_260595134347_rgbf000040-resize,-3.183387078913147,3.183387078913147,2.2525,22.411391411207674
540886.0,2.5,-0.3350944534452126,0.3350944534452126,000409_2014-06-04_19-23-33_260595134347_rgbf000067-resize,-3.7136938919380182,3.7136938919380182,3.7335,12.696549983566419
540886.0,2.5,-0.5968241029092609,0.5968241029092609,002875_2014-06-01_15-19-00_094959634447_rgbf000151-resize,-3.1360603756569283,3.1360603756569283,1.9675,11.625680938349673
540886.0,2.5,-0.7400898444831575,0.7400898444831575,001092_2014-06-15_17-34-58_260595134347_rgbf000171-resize,-3.6243870789131463,3.6243870789131463,2.6935,9.164038324933468
540886.0,2.5,-0.7731063976101147,0.7731063976101147,001167_2014-06-17_15-38-07_260595134347_rgbf000108-resize,-3.2567336724007108,3.2567336724007108,1.8505,12.019050657019696
540886.0,2.5,-0.5141622992495383,0.5141622992495383,003587_2014-05-23_16-48-02_094959634447_rgbf002384-resize,-2.7632336724007107,2.7632336724007107,1.357,20.788172722830538
140433.0,2.5,-0.30322334624888203,0.30322334624888203,001808_2014-06-26_20-50-58_260595134347_rgbf000029-resize,-3.92683507915936,3.92683507915936,4.249,20.030651550568866
140433.0,2.5,-0.19527406956406068,0.19527406956406068,001516_2014-06-20_16-25-09_260595134347_rgbf000076-resize,-2.62852054278672,2.62852054278672,1.7445,3.8622659094666254
140433.0,2.5,-0.12665862669805378,0.12665862669805378,003081_2014-06-15_15-19-16_094959634447_rgbf000150-resize,-3.5903350791593605,3.5903350791593605,3.9125,16.632991649560594
140433.0,2.5,-0.3071651244323088,0.3071651244323088,000682_2014-06-08_23-14-58_260595134347_rgbf000041-resize,-3.2059587215776,3.2059587215776,2.7239999999999998,8.707843071693064
140433.0,2.5,-1.1074878523313971,1.1074878523313971,001650_2014-06-20_12-09-00_260595134347_rgbf000087-resize,-3.63864418520496,3.63864418520496,1.9505,47.6804595860539
140433.0,2.5,-0.5348954698919068,0.5348954698919068,003495_2014-05-21_16-01-51_094959634447_rgbf000100-resize,-2.91158236399584,2.91158236399584,1.6255,12.747278812179
140433.0,2.5,-1.2555773995827468,1.2555773995827468,001158_2014-06-17_15-32-16_260595134347_rgbf000138-resize,-5.013458721577599,5.013458721577599,4.5315,26.954451973303737
140433.0,2.5,-1.4182373195255524,1.4182373195255524,000556_2014-06-09_22-42-56_260595134347_rgbf000214-resize,-5.3234587215776,5.3234587215776,4.8415,23.88242025565649
140433.0,2.5,-0.18962375699849948,0.18962375699849948,001150_2014-06-17_15-27-34_260595134347_rgbf000108-resize,-3.71033507915936,3.71033507915936,4.0325,11.088139074292139
140433.0,2.5,-0.4818933610160452,0.4818933610160452,000665_2014-06-09_20-42-35_260595134347_rgbf000110-resize,-3.5389587215775995,3.5389587215775995,3.057,18.49880761375764
140433.0,2.5,-0.9858767581291772,0.9858767581291772,002375_2014-06-28_20-13-44_260595134347_rgbf000032-resize,-4.4994587215776,4.4994587215776,4.0175,48.76103649676905
140433.0,2.5,-0.4598555654108827,0.4598555654108827,002568_2014-06-24_13-59-21_094959634447_rgbf000062-resize,-3.4969587215776,3.4969587215776,3.015,29.63840999388049
140433.0,2.5,-0.6403556056054879,0.6403556056054879,000788_2014-06-08_22-34-36_260595134347_rgbf000131-resize,-3.8409587215776004,3.8409587215776004,3.359,21.46386213810664
140433.0,2.5,-0.2406614343222978,0.2406614343222978,000470_2014-06-09_19-42-40_260595134347_rgbf000094-resize,-2.7150205427867204,2.7150205427867204,1.831,22.486379427626872
140433.0,2.5,-0.3926992172967421,0.3926992172967421,000109_2014-05-14_23-41-52_260595134347_rgbf000035-resize,-2.64058236399584,2.64058236399584,1.3545,6.620498200896815
140433.0,2.5,-0.16825153447679198,0.16825153447679198,003338_2014-05-20_11-01-23_094959634447_rgbf000051-resize,-2.57702054278672,2.57702054278672,1.693,28.251495663089063
140433.0,2.5,-0.6289059074932822,0.6289059074932822,002784_2014-06-22_19-26-30_094959634447_rgbf000083-resize,-3.0907490306625403,3.0907490306625403,1.8046666666667,3.0422522474895675
140433.0,2.5,-1.2593912291812197,1.2593912291812197,001100_2014-06-15_17-46-26_260595134347_rgbf000225-resize,-3.92814418520496,3.92814418520496,2.24,9.548860596737413
140433.0,2.5,-0.14673844829080107,0.14673844829080107,000469_2014-06-09_19-42-10_260595134347_rgbf000081-resize,-2.53602054278672,2.53602054278672,1.652,25.13136208408983
140433.0,2.5,-0.16720211563844922,0.16720211563844922,002964_2014-06-08_17-46-11_094959634447_rgbf000091-resize,-2.57502054278672,2.57502054278672,1.6909999999999998,28.953812917975768
140433.0,2.5,-0.6549130632176458,0.6549130632176458,000691_2014-06-08_13-08-50_260595134347_rgbf000132-resize,-4.23289690036848,4.23289690036848,4.1530000000000005,14.740846212587924
140433.0,2.5,-0.16391299545914556,0.16391299545914556,003621_2014-05-23_18-06-08_094959634447_rgbf000101-resize,-3.6613350791593597,3.6613350791593597,3.9835,23.07176470133362
140433.0,2.5,-0.3880983235695083,0.3880983235695083,003490_2014-05-21_15-50-11_094959634447_rgbf000101-resize,-3.72439690036848,3.72439690036848,3.6445,19.999457360175192
140433.0,2.5,-0.4713181786024189,0.4713181786024189,002279_2014-06-28_18-55-32_260595134347_rgbf000040-resize,-2.79041569732914,2.79041569732914,1.5043333333333,15.963772282558683
140433.0,2.5,-0.3698679000231733,0.3698679000231733,002043_2014-06-24_20-29-38_260595134347_rgbf000039-resize,-3.3254587215776,3.3254587215776,2.8435,8.475049543704081
140433.0,2.5,-0.9128206578191916,0.9128206578191916,002344_2014-06-28_20-06-29_260595134347_rgbf000030-resize,-3.26764418520496,3.26764418520496,1.5795,37.33165518125916
140433.0,2.5,-0.6479703497231241,0.6479703497231241,000549_2014-06-08_22-10-24_260595134347_rgbf000247-resize,-3.1270823639958394,3.1270823639958394,1.841,30.99307977870557
140433.0,2.5,-0.7222102749960637,0.7222102749960637,000736_2014-06-08_18-24-15_260595134347_rgbf000206-resize,-3.9969587215776,3.9969587215776,3.515,33.408170606136416
140433.0,2.5,-0.4623447063821148,0.4623447063821148,000137_2014-05-20_17-04-49_260595134347_rgbf000120-resize,-3.86589690036848,3.86589690036848,3.786,14.89611111351161
140433.0,2.5,-1.5334239521127693,1.5334239521127693,002199_2014-06-28_18-33-56_260595134347_rgbf000074-resize,-4.086206006414081,4.086206006414081,1.996,17.12852126070164
140433.0,2.5,-0.8355475095368645,0.8355475095368645,002323_2014-06-28_20-01-54_260595134347_rgbf000051-resize,-4.2129587215776,4.2129587215776,3.7310000000000003,18.09172628388976
140433.0,2.5,-0.495804618163715,0.495804618163715,002953_2014-06-08_17-32-18_094959634447_rgbf000059-resize,-2.83708236399584,2.83708236399584,1.551,13.905027931093345
140433.0,2.5,-0.3448162540276173,0.3448162540276173,002905_2014-06-03_18-04-43_094959634447_rgbf000151-resize,-2.9135205427867206,2.9135205427867206,2.0295,12.020604335789361
140433.0,2.5,-0.6608128154134834,0.6608128154134834,003129_2014-05-12_10-48-10_094959634447_rgbf000100-resize,-4.60833507915936,4.60833507915936,4.9305,17.9074543760639
140433.0,2.5,-0.9770846465882492,0.9770846465882492,002988_2014-06-15_12-24-20_094959634447_rgbf000150-resize,-4.84689690036848,4.84689690036848,4.7669999999999995,14.460306569198616
140433.0,2.5,-0.22740283517875465,0.22740283517875465,001052_2014-06-08_18-24-54_260595134347_rgbf000130-resize,-3.7823350791593597,3.7823350791593597,4.1045,25.87613690895519
140433.0,2.5,-0.05989903941811181,0.05989903941811181,000810_2014-06-08_17-20-01_260595134347_rgbf000105-resize,-2.37052054278672,2.37052054278672,1.4865,3.0958890116960642
140433.0,2.5,-0.6706608033324138,0.6706608033324138,001214_2014-06-17_16-13-55_260595134347_rgbf000111-resize,-3.5345205427867206,3.5345205427867206,2.6505,18.479282579459067
140433.0,2.5,-0.2790996280463593,0.2790996280463593,002272_2014-06-28_18-53-56_260595134347_rgbf000067-resize,-2.4240823639958395,2.4240823639958395,1.138,10.409245808146235
140433.0,2.5,-0.6579398286873631,0.6579398286873631,001571_2014-06-20_17-21-32_260595134347_rgbf000089-resize,-3.1460823639958395,3.1460823639958395,1.86,4.991960350191473
140433.0,2.5,-0.3766826649327295,0.3766826649327295,002444_2014-06-28_20-32-08_260595134347_rgbf000027-resize,-4.066835079159358,4.066835079159358,4.388999999999999,17.102760279009576
140433.0,2.5,-0.6856085642391062,0.6856085642391062,001133_2014-06-17_14-49-16_260595134347_rgbf000100-resize,-4.29139690036848,4.29139690036848,4.2115,26.759918254713728
140433.0,2.5,-1.249152937967732,1.249152937967732,001132_2014-06-17_14-48-54_260595134347_rgbf000100-resize,-4.63702054278672,4.63702054278672,3.753,14.398279213278778
140433.0,2.5,-0.4212894231018693,0.4212894231018693,003070_2014-06-15_14-58-27_094959634447_rgbf000150-resize,-3.4234587215776,3.4234587215776,2.9415,10.664823740812926
140433.0,2.5,-0.2259695705855278,0.2259695705855278,000709_2014-06-08_13-51-55_260595134347_rgbf000068-resize,-2.6870205427867204,2.6870205427867204,1.8030000000000002,14.429351101546246
140433.0,2.5,-0.4876651646269146,0.4876651646269146,000854_2014-06-09_19-43-13_260595134347_rgbf000066-resize,-3.5499587215776,3.5499587215776,3.068,11.910827625938722
140433.0,2.5,-0.5943155828431216,0.5943155828431216,002153_2014-06-25_21-27-18_260595134347_rgbf000038-resize,-3.3890205427867204,3.3890205427867204,2.505,17.28886317575377
140433.0,2.5,-0.6260540451632702,0.6260540451632702,000734_2014-06-08_17-39-11_260595134347_rgbf000128-resize,-4.17789690036848,4.17789690036848,4.098,16.052231618370055
140433.0,2.5,-0.9263286965930028,0.9263286965930028,000522_2014-06-08_13-35-06_260595134347_rgbf000244-resize,-3.65758236399584,3.65758236399584,2.3715,25.742609854068213
140433.0,2.5,-0.6744681753912273,0.6744681753912273,002949_2014-06-26_15-57-42_094959634447_rgbf000079-resize,-3.17758236399584,3.17758236399584,1.8915,17.99500168321199
140433.0,2.5,-0.2762008111615981,0.2762008111615981,002989_2014-06-15_12-25-03_094959634447_rgbf000150-resize,-3.87533507915936,3.87533507915936,4.1975,27.906783421951957
140433.0,2.5,-0.9671216251636696,0.9671216251636696,000866_2014-06-09_20-45-42_260595134347_rgbf000139-resize,-4.0995205427867205,4.0995205427867205,3.2155,8.082259189449621
140433.0,2.5,-0.9408926117448092,0.9408926117448092,001555_2014-06-20_17-12-10_260595134347_rgbf000065-resize,-3.32114418520496,3.32114418520496,1.633,7.608284543781994
140433.0,2.5,-0.43021594076742004,0.43021594076742004,003534_2014-05-22_15-06-10_094959634447_rgbf000102-resize,-2.71208236399584,2.71208236399584,1.426,12.376994007247625
140433.0,2.5,-0.14686639687576464,0.14686639687576464,001059_2014-06-08_21-53-27_260595134347_rgbf000061-resize,-2.9004587215776003,2.9004587215776003,2.4185,8.755513319222857
140433.0,2.5,-0.19290641963813202,0.19290641963813202,001032_2014-06-08_13-23-17_260595134347_rgbf000021-resize,-3.3523969003684804,3.3523969003684804,3.2725,15.984983178828962
140433.0,2.5,-0.2448494233661677,0.2448494233661677,001447_2014-06-19_17-00-32_260595134347_rgbf000082-resize,-3.81558507915936,3.81558507915936,4.13775,46.830399423560245
140433.0,2.5,-0.05490784239633244,0.05490784239633244,002630_2014-06-24_14-47-50_094959634447_rgbf000055-resize,-3.0893969003684805,3.0893969003684805,3.0095,10.661401196716628
140433.0,2.5,-0.6205510538016442,0.6205510538016442,002758_2014-06-22_19-11-20_094959634447_rgbf000128-resize,-3.43902054278672,3.43902054278672,2.555,7.204478276142114
140433.0,2.5,-0.45645141172594,0.45645141172594,002549_2014-06-24_13-41-39_094959634447_rgbf000022-resize,-2.76208236399584,2.76208236399584,1.476,4.1736441355391865
140433.0,2.5,-0.11302263933927835,0.11302263933927835,002750_2014-06-22_19-08-03_094959634447_rgbf000094-resize,-2.8359587215776,2.8359587215776,2.354,8.789636111124727
140433.0,2.5,-0.5554870858245152,0.5554870858245152,000502_2014-06-08_23-02-32_260595134347_rgbf000063-resize,-3.3150205427867205,3.3150205427867205,2.431,13.897287578908273
140433.0,2.5,-0.3105757356569225,0.3105757356569225,001806_2014-06-26_20-50-20_260595134347_rgbf000091-resize,-3.2124587215776,3.2124587215776,2.7305,13.909869710567438
140433.0,2.5,-0.06290643226885123,0.06290643226885123,001617_2014-06-20_11-35-32_260595134347_rgbf000066-resize,-3.4688350791593603,3.4688350791593603,3.7910000000000004,19.974169961071475
140433.0,2.5,-0.2807952473491721,0.2807952473491721,000493_2014-06-09_21-01-18_260595134347_rgbf000196-resize,-3.5198969003684804,3.5198969003684804,3.44,19.629285382994567
140433.0,2.5,-0.7146084459577582,0.7146084459577582,003228_2014-05-14_13-42-35_094959634447_rgbf000101-resize,-3.25408236399584,3.25408236399584,1.9680000000000002,14.40337638638131
140433.0,2.5,-0.5843461038788832,0.5843461038788832,000368_2014-06-09_15-53-01_260595134347_rgbf000155-resize,-3.3700205427867203,3.3700205427867203,2.4859999999999998,21.090700959072958
140433.0,2.5,-0.5654597935585844,0.5654597935585844,002763_2014-06-22_19-13-10_094959634447_rgbf000075-resize,-2.96983236399584,2.96983236399584,1.68375,5.5919783591245595
140433.0,2.5,-0.17795865873144112,0.17795865873144112,001110_2014-06-15_17-25-28_260595134347_rgbf000150-resize,-2.59552054278672,2.59552054278672,1.7115,9.336195527413247
140433.0,2.5,-0.28329084586006026,0.28329084586006026,000927_2014-06-09_16-32-30_260595134347_rgbf000123-resize,-3.1604587215776,3.1604587215776,2.6785,11.715239650325241
140433.0,2.5,-0.1919849493847576,0.1919849493847576,002570_2014-06-24_13-59-54_094959634447_rgbf000059-resize,-3.71483507915936,3.71483507915936,4.037,41.596140375002705
140433.0,2.5,-0.059764633293485574,0.059764633293485574,001810_2014-06-26_20-51-35_260595134347_rgbf000040-resize,-2.7344587215775995,2.7344587215775995,2.2525,22.411391411207674
140433.0,2.5,-0.5658404105436468,0.5658404105436468,002663_2014-06-13_15-50-26_094959634447_rgbf000075-resize,-4.42733507915936,4.42733507915936,4.7495,16.725954086732166
140433.0,2.5,-0.434797461875674,0.434797461875674,000409_2014-06-04_19-23-33_260595134347_rgbf000067-resize,-3.81339690036848,3.81339690036848,3.7335,12.696549983566419
140433.0,2.5,-0.2911614871476105,0.2911614871476105,001092_2014-06-15_17-34-58_260595134347_rgbf000171-resize,-3.1754587215776,3.1754587215776,2.6935,9.164038324933468
140433.0,2.5,-0.6529550892052434,0.6529550892052434,001167_2014-06-17_15-38-07_260595134347_rgbf000108-resize,-3.1365823639958395,3.1365823639958395,1.8505,12.019050657019696
140433.0,2.5,-1.1981346332629077,1.1981346332629077,003587_2014-05-23_16-48-02_094959634447_rgbf002384-resize,-3.4472060064140804,3.4472060064140804,1.357,20.788172722830538
455617.0,2.5,-0.8952513121217973,0.8952513121217973,001808_2014-06-26_20-50-58_260595134347_rgbf000029-resize,-4.518863045032275,4.518863045032275,4.249,20.030651550568866
455617.0,2.5,-0.283702484078735,0.283702484078735,001029_2014-06-08_13-17-57_260595134347_rgbf000065-resize,-3.353363045032276,3.353363045032276,3.0835,18.209734661918688
455617.0,2.5,-1.032337430841191,1.032337430841191,000677_2014-06-08_23-10-32_260595134347_rgbf000158-resize,-4.326572791236739,4.326572791236739,3.556,19.65196273325612
455617.0,2.5,-1.0928044084394268,1.0928044084394268,001417_2014-06-19_16-25-36_260595134347_rgbf000115-resize,-4.895363045032275,4.895363045032275,4.6255,49.17091269608214
455617.0,2.5,-0.09506944788698468,0.09506944788698468,000682_2014-06-08_23-14-58_260595134347_rgbf000041-resize,-2.9938630450322763,2.9938630450322763,2.7239999999999998,8.707843071693064
455617.0,2.5,-0.7388994711313124,0.7388994711313124,001244_2014-06-17_16-47-45_260595134347_rgbf000030-resize,-3.313782537441201,3.313782537441201,2.0425,6.7629638807870815
455617.0,2.5,-0.01938589713280581,0.01938589713280581,003495_2014-05-21_16-01-51_094959634447_rgbf000100-resize,-2.3960727912367386,2.3960727912367386,1.6255,12.747278812179
455617.0,2.5,-1.7068513891846913,1.7068513891846913,000556_2014-06-09_22-42-56_260595134347_rgbf000214-resize,-5.612072791236738,5.612072791236738,4.8415,23.88242025565649
455617.0,2.5,-0.7816517228714148,0.7816517228714148,001150_2014-06-17_15-27-34_260595134347_rgbf000108-resize,-4.3023630450322745,4.3023630450322745,4.0325,11.088139074292139
455617.0,2.5,-2.4310989138780155,2.4310989138780155,000788_2014-06-08_22-34-36_260595134347_rgbf000131-resize,-5.631702029850128,5.631702029850128,3.359,21.46386213810664
455617.0,2.5,-2.088589057553423,2.088589057553423,001235_2014-06-17_16-37-36_260595134347_rgbf000084-resize,-5.432492283645664,5.432492283645664,3.6605,14.547706659434104
455617.0,2.5,-0.440590600410669,0.440590600410669,000780_2014-06-08_22-28-29_260595134347_rgbf000126-resize,-3.652363045032276,3.652363045032276,3.3825,14.165390776882042
455617.0,2.5,-0.1133963347341812,0.1133963347341812,002784_2014-06-22_19-26-30_094959634447_rgbf000083-resize,-2.5752394579034386,2.5752394579034386,1.8046666666667,3.0422522474895675
455617.0,2.5,-1.0551738564973936,1.0551738564973936,002964_2014-06-08_17-46-11_094959634447_rgbf000091-resize,-3.4629922836456637,3.4629922836456637,1.6909999999999998,28.953812917975768
455617.0,2.5,-0.1933270695877809,0.1933270695877809,002136_2014-06-25_21-18-03_260595134347_rgbf000109-resize,-2.7275727912367387,2.7275727912367387,1.9569999999999999,13.297078442475444
455617.0,2.5,-0.9786801097698814,0.9786801097698814,002039_2014-06-24_20-22-38_260595134347_rgbf000084-resize,-4.677863045032277,4.677863045032277,4.408,15.524303639345458
455617.0,2.5,-1.3204029019657255,1.3204029019657255,002103_2014-06-25_20-00-40_260595134347_rgbf000049-resize,-4.875572791236738,4.875572791236738,4.105,11.598018874569219
455617.0,2.5,-0.8448792078814411,0.8448792078814411,000691_2014-06-08_13-08-50_260595134347_rgbf000132-resize,-4.422863045032276,4.422863045032276,4.1530000000000005,14.740846212587924
455617.0,2.5,-1.081135406824036,1.081135406824036,000457_2014-06-08_16-52-43_260595134347_rgbf000199-resize,-4.419572791236739,4.419572791236739,3.6489999999999996,14.067279821032837
455617.0,2.5,-0.25523121512759794,0.25523121512759794,003621_2014-05-23_18-06-08_094959634447_rgbf000101-resize,-3.7526532988278127,3.7526532988278127,3.9835,23.07176470133362
455617.0,2.5,-0.3976898224323475,0.3976898224323475,001175_2014-06-17_15-45-55_260595134347_rgbf000129-resize,-4.024153298827812,4.024153298827812,4.255,15.34903910495583
455617.0,2.5,-0.5780644682333036,0.5780644682333036,003490_2014-05-21_15-50-11_094959634447_rgbf000101-resize,-3.914363045032276,3.914363045032276,3.6445,19.999457360175192
455617.0,2.5,-0.15777222347784914,0.15777222347784914,002043_2014-06-24_20-29-38_260595134347_rgbf000039-resize,-3.1133630450322767,3.1133630450322767,2.8435,8.475049543704081
455617.0,2.5,-1.267144895919927,1.267144895919927,003048_2014-06-15_13-49-43_094959634447_rgbf000150-resize,-4.774072791236739,4.774072791236739,4.0035,24.355606534500392
455617.0,2.5,-0.996668756259896,0.996668756259896,002344_2014-06-28_20-06-29_260595134347_rgbf000030-resize,-3.3514922836456638,3.3514922836456638,1.5795,37.33165518125916
455617.0,2.5,-0.5101145984507396,0.5101145984507396,000736_2014-06-08_18-24-15_260595134347_rgbf000206-resize,-3.784863045032276,3.784863045032276,3.515,33.408170606136416
455617.0,2.5,-2.7128678719725032,2.7128678719725032,002425_2014-06-28_20-27-29_260595134347_rgbf000031-resize,-6.168702029850127,6.168702029850127,3.8960000000000004,8.40495801096819
455617.0,2.5,-0.06279981860801409,0.06279981860801409,001056_2014-06-08_18-46-44_260595134347_rgbf000068-resize,-2.932363045032276,2.932363045032276,2.6625,11.38594592369452
455617.0,2.5,-1.7159199755488164,1.7159199755488164,002199_2014-06-28_18-33-56_260595134347_rgbf000074-resize,-4.268702029850127,4.268702029850127,1.996,17.12852126070164
455617.0,2.5,-2.3645862120370382,2.3645862120370382,000917_2014-06-09_22-45-29_260595134347_rgbf000149-resize,-5.958492283645665,5.958492283645665,4.1865,9.740561609074897
455617.0,2.5,-1.6248713254004663,1.6248713254004663,002323_2014-06-28_20-01-54_260595134347_rgbf000051-resize,-5.002282537441203,5.002282537441203,3.7310000000000003,18.09172628388976
455617.0,2.5,-2.3778409078322253,2.3778409078322253,003423_2014-05-21_10-23-26_094959634447_rgbf002665-resize,-5.530202029850127,5.530202029850127,3.2575,35.43119222475438
455617.0,2.5,-1.7535505274908616,1.7535505274908616,003129_2014-05-12_10-48-10_094959634447_rgbf000100-resize,-5.701072791236738,5.701072791236738,4.9305,17.9074543760639
455617.0,2.5,-0.81943080105167,0.81943080105167,001052_2014-06-08_18-24-54_260595134347_rgbf000130-resize,-4.374363045032276,4.374363045032276,4.1045,25.87613690895519
455617.0,2.5,-1.5586325441913582,1.5586325441913582,001214_2014-06-17_16-13-55_260595134347_rgbf000111-resize,-4.4224922836456635,4.4224922836456635,2.6505,18.479282579459067
455617.0,2.5,-0.7099034927610082,0.7099034927610082,003070_2014-06-15_14-58-27_094959634447_rgbf000150-resize,-3.7120727912367375,3.7120727912367375,2.9415,10.664823740812926
455617.0,2.5,-0.4398035362819088,0.4398035362819088,000758_2014-06-08_22-05-08_260595134347_rgbf000085-resize,-3.650863045032275,3.650863045032275,3.3810000000000002,11.91317737826679
455617.0,2.5,-0.7762792342860534,0.7762792342860534,000854_2014-06-09_19-43-13_260595134347_rgbf000066-resize,-3.8385727912367376,3.8385727912367376,3.068,11.910827625938722
455617.0,2.5,-0.4016367089984174,0.4016367089984174,001164_2014-06-17_15-35-46_260595134347_rgbf000085-resize,-3.1245727912367385,3.1245727912367385,2.354,17.325668807481115
455617.0,2.5,-1.0428316192246043,1.0428316192246043,002660_2014-06-13_15-44-18_094959634447_rgbf001878-resize,-4.3465727912367385,4.3465727912367385,3.576,15.11997681444361
455617.0,2.5,-0.0356518891270875,0.0356518891270875,001016_2014-06-09_16-16-10_260595134347_rgbf000112-resize,-2.4270727912367387,2.4270727912367387,1.6565,7.049977084494088
455617.0,2.5,-1.7758506778055911,1.7758506778055911,000773_2014-06-08_22-24-54_260595134347_rgbf000093-resize,-5.743572791236738,5.743572791236738,4.973,21.45352631724976
455617.0,2.5,-0.9550681859072188,0.9550681859072188,002414_2014-06-28_20-24-58_260595134347_rgbf000067-resize,-4.632863045032276,4.632863045032276,4.363,31.720662178139435
455617.0,2.5,-0.8835823105063902,0.8835823105063902,001032_2014-06-08_13-23-17_260595134347_rgbf000021-resize,-4.043072791236739,4.043072791236739,3.2725,15.984983178828962
455617.0,2.5,-0.4925368329085338,0.4925368329085338,003292_2014-05-14_21-53-49_094959634447_rgbf000100-resize,-3.751363045032276,3.751363045032276,3.4815,33.084282711345374
455617.0,2.5,-0.8354344383363657,0.8354344383363657,001392_2014-06-19_16-07-59_260595134347_rgbf000046-resize,-4.404863045032275,4.404863045032275,4.135,18.95235574822112
455617.0,2.5,-1.0159344785309772,1.0159344785309772,000447_2014-06-08_16-15-46_260595134347_rgbf000130-resize,-4.748863045032277,4.748863045032277,4.479,19.081432914605553
455617.0,2.5,-0.3361676430346201,0.3361676430346201,001447_2014-06-19_17-00-32_260595134347_rgbf000082-resize,-3.906903298827812,3.906903298827812,4.13775,46.830399423560245
455617.0,2.5,-0.7455837332645907,0.7455837332645907,002630_2014-06-24_14-47-50_094959634447_rgbf000055-resize,-3.7800727912367384,3.7800727912367384,3.0095,10.661401196716628
455617.0,2.5,-0.006393556047199933,0.006393556047199933,002758_2014-06-22_19-11-20_094959634447_rgbf000128-resize,-2.8248630450322767,2.8248630450322767,2.555,7.204478276142114
455617.0,2.5,-0.4016367089984172,0.4016367089984172,002750_2014-06-22_19-08-03_094959634447_rgbf000094-resize,-3.1245727912367385,3.1245727912367385,2.354,8.789636111124727
455617.0,2.5,-0.0984800591115984,0.0984800591115984,001806_2014-06-26_20-50-20_260595134347_rgbf000091-resize,-3.0003630450322767,3.0003630450322767,2.7305,13.909869710567438
455617.0,2.5,-0.6549343981417666,0.6549343981417666,001617_2014-06-20_11-35-32_260595134347_rgbf000066-resize,-4.060863045032277,4.060863045032277,3.7910000000000004,19.974169961071475
455617.0,2.5,-0.4707613920129674,0.4707613920129674,000493_2014-06-09_21-01-18_260595134347_rgbf000196-resize,-3.709863045032276,3.709863045032276,3.44,19.629285382994567
455617.0,2.5,-2.798133152587684,2.798133152587684,000506_2014-06-08_23-21-00_260595134347_rgbf000070-resize,-6.331202029850128,6.331202029850128,4.0585,16.716212007621664
455617.0,2.5,-1.6777415823430264,1.6777415823430264,003079_2014-06-15_15-18-20_094959634447_rgbf000152-resize,-4.649492283645664,4.649492283645664,2.8775,9.032134209869396
455617.0,2.5,-0.7701955672195329,0.7701955672195329,001450_2014-06-19_17-02-03_260595134347_rgbf000203-resize,-4.280529711698976,4.280529711698976,4.0106666666667,12.34882649363641
455617.0,2.5,-0.16065812528327994,0.16065812528327994,000906_2014-06-08_13-35-43_260595134347_rgbf000155-resize,-3.1188630450322763,3.1188630450322763,2.8489999999999998,16.12201726422563
455617.0,2.5,-0.0645109071814598,0.0645109071814598,001110_2014-06-15_17-25-28_260595134347_rgbf000150-resize,-2.4820727912367393,2.4820727912367393,1.7115,9.336195527413247
455617.0,2.5,-0.07119516931473613,0.07119516931473613,000927_2014-06-09_16-32-30_260595134347_rgbf000123-resize,-2.948363045032276,2.948363045032276,2.6785,11.715239650325241
455617.0,2.5,-0.7840129152576729,0.7840129152576729,002570_2014-06-24_13-59-54_094959634447_rgbf000059-resize,-4.3068630450322765,4.3068630450322765,4.037,41.596140375002705
455617.0,2.5,-1.1539330557727758,1.1539330557727758,002467_2014-06-28_20-38-07_260595134347_rgbf000026-resize,-5.0118630450322765,5.0118630450322765,4.742,15.331046216195933
455617.0,2.5,-1.34979819536155,1.34979819536155,001810_2014-06-26_20-51-35_260595134347_rgbf000040-resize,-4.024492283645664,4.024492283645664,2.2525,22.411391411207674
455617.0,2.5,-1.3034868061586196,1.3034868061586196,003010_2014-06-15_12-54-35_094959634447_rgbf000112-resize,-4.389782537441201,4.389782537441201,3.1185,6.696951333567531
455617.0,2.5,-0.6571586302120991,0.6571586302120991,002663_2014-06-13_15-50-26_094959634447_rgbf000075-resize,-4.518653298827814,4.518653298827814,4.7495,16.725954086732166
455617.0,2.5,-1.1254733527439322,1.1254733527439322,000409_2014-06-04_19-23-33_260595134347_rgbf000067-resize,-4.504072791236738,4.504072791236738,3.7335,12.696549983566419
455617.0,2.5,-0.19883651848907055,0.19883651848907055,002875_2014-06-01_15-19-00_094959634447_rgbf000151-resize,-2.738072791236738,2.738072791236738,1.9675,11.625680938349673
455617.0,2.5,-0.07906581060228635,0.07906581060228635,001092_2014-06-15_17-34-58_260595134347_rgbf000171-resize,-2.9633630450322754,2.9633630450322754,2.6935,9.164038324933468
455617.0,2.5,-0.17417517578806652,0.17417517578806652,002545_2014-06-24_13-38-53_094959634447_rgbf000080-resize,-2.6910727912367385,2.6910727912367385,1.9205,12.083824048628237
455617.0,2.5,-0.6381552626506053,0.6381552626506053,001167_2014-06-17_15-38-07_260595134347_rgbf000108-resize,-3.1217825374412014,3.1217825374412014,1.8505,12.019050657019696
487132.0,2.5,-0.2531911443476928,0.2531911443476928,001029_2014-06-08_13-17-57_260595134347_rgbf000065-resize,-3.3228517053012334,3.3228517053012334,3.0835,18.209734661918688
487132.0,2.5,-0.4600532940794775,0.4600532940794775,001417_2014-06-19_16-25-36_260595134347_rgbf000115-resize,-4.262611930672327,4.262611930672327,4.6255,49.17091269608214
487132.0,2.5,-0.08593547821101978,0.08593547821101978,003081_2014-06-15_15-19-16_094959634447_rgbf000150-resize,-3.5496119306723264,3.5496119306723264,3.9125,16.632991649560594
487132.0,2.5,-0.6667978827848496,0.6667978827848496,000682_2014-06-08_23-14-58_260595134347_rgbf000041-resize,-3.565591479930141,3.565591479930141,2.7239999999999998,8.707843071693064
487132.0,2.5,-0.26093514705657805,0.26093514705657805,001650_2014-06-20_12-09-00_260595134347_rgbf000087-resize,-2.7920914799301406,2.7920914799301406,1.9505,47.6804595860539
487132.0,2.5,-0.0904045858262078,0.0904045858262078,003495_2014-05-21_16-01-51_094959634447_rgbf000100-resize,-2.4670914799301404,2.4670914799301404,1.6255,12.747278812179
487132.0,2.5,-0.1410299672239037,0.1410299672239037,002375_2014-06-28_20-13-44_260595134347_rgbf000032-resize,-3.6546119306723264,3.6546119306723264,4.0175,48.76103649676905
487132.0,2.5,-0.3977485893291217,0.3977485893291217,000788_2014-06-08_22-34-36_260595134347_rgbf000131-resize,-3.598351705301233,3.598351705301233,3.359,21.46386213810664
487132.0,2.5,-0.5559484792089924,0.5559484792089924,001235_2014-06-17_16-37-36_260595134347_rgbf000084-resize,-3.899851705301234,3.899851705301234,3.6605,14.547706659434104
487132.0,2.5,-0.24597185105796626,0.24597185105796626,001094_2014-06-15_17-36-00_260595134347_rgbf000205-resize,-3.854611930672327,3.854611930672327,4.2175,17.196771274488466
487132.0,2.5,-0.4100792606796268,0.4100792606796268,000780_2014-06-08_22-28-29_260595134347_rgbf000126-resize,-3.621851705301233,3.621851705301233,3.3825,14.165390776882042
487132.0,2.5,-0.7280622462491202,0.7280622462491202,003338_2014-05-20_11-01-23_094959634447_rgbf000051-resize,-3.1368312545590484,3.1368312545590484,1.693,28.251495663089063
487132.0,2.5,-1.3888945726853978,1.3888945726853978,002784_2014-06-22_19-26-30_094959634447_rgbf000083-resize,-3.8507376958546553,3.8507376958546553,1.8046666666667,3.0422522474895675
487132.0,2.5,-1.0150782985353082,1.0150782985353082,001100_2014-06-15_17-46-26_260595134347_rgbf000225-resize,-3.6838312545590486,3.6838312545590486,2.24,9.548860596737413
487132.0,2.5,-0.7065491600631293,0.7065491600631293,000469_2014-06-09_19-42-10_260595134347_rgbf000081-resize,-3.0958312545590485,3.0958312545590485,1.652,25.13136208408983
487132.0,2.5,-0.5412656930244671,0.5412656930244671,000483_2014-06-09_20-41-45_260595134347_rgbf000116-resize,-2.7808312545590486,2.7808312545590486,1.337,29.232414989368262
487132.0,2.5,-0.1247730527818699,0.1247730527818699,002964_2014-06-08_17-46-11_094959634447_rgbf000091-resize,-2.532591479930141,2.532591479930141,1.6909999999999998,28.953812917975768
487132.0,2.5,-0.2643457582811829,0.2643457582811829,002136_2014-06-25_21-18-03_260595134347_rgbf000109-resize,-2.798591479930141,2.798591479930141,1.9569999999999999,13.297078442475444
487132.0,2.5,-1.3914215906591276,1.3914215906591276,002103_2014-06-25_20-00-40_260595134347_rgbf000049-resize,-4.946591479930142,4.946591479930142,4.105,11.598018874569219
487132.0,2.5,-0.1401162645164759,0.1401162645164759,000929_2014-06-09_16-33-19_260595134347_rgbf000139-resize,-3.1073517053012343,3.1073517053012343,2.8680000000000003,19.501338012209015
487132.0,2.5,-0.12318984697211155,0.12318984697211155,003621_2014-05-23_18-06-08_094959634447_rgbf000101-resize,-3.620611930672326,3.620611930672326,3.9835,23.07176470133362
487132.0,2.5,-1.0897136746361578,1.0897136746361578,001584_2014-06-20_11-07-43_260595134347_rgbf000002-resize,-4.3715914799301405,4.3715914799301405,3.53,17.602834139105468
487132.0,2.5,-0.6290670691656274,0.6290670691656274,002279_2014-06-28_18-55-32_260595134347_rgbf000040-resize,-2.9481645878923484,2.9481645878923484,1.5043333333333,15.963772282558683
487132.0,2.5,-0.3257367603241213,0.3257367603241213,000635_2014-06-08_16-38-42_260595134347_rgbf000106-resize,-2.915591479930141,2.915591479930141,2.074,10.796976226722654
487132.0,2.5,-0.12726088374680694,0.12726088374680694,002043_2014-06-24_20-29-38_260595134347_rgbf000039-resize,-3.0828517053012336,3.0828517053012336,2.8435,8.475049543704081
487132.0,2.5,-0.3892266000437287,0.3892266000437287,002725_2014-06-22_11-47-51_094959634447_rgbf000070-resize,-3.036591479930141,3.036591479930141,2.195,3.938570017428758
487132.0,2.5,-1.270747501802187,1.270747501802187,002344_2014-06-28_20-06-29_260595134347_rgbf000030-resize,-3.625571029187955,3.625571029187955,1.5795,37.33165518125916
487132.0,2.5,-0.8057192402863325,0.8057192402863325,000549_2014-06-08_22-10-24_260595134347_rgbf000247-resize,-3.2848312545590486,3.2848312545590486,1.841,30.99307977870557
487132.0,2.5,-0.4796032587196974,0.4796032587196974,000736_2014-06-08_18-24-15_260595134347_rgbf000206-resize,-3.7543517053012336,3.7543517053012336,3.515,33.408170606136416
487132.0,2.5,-0.6217995113148679,0.6217995113148679,000137_2014-05-20_17-04-49_260595134347_rgbf000120-resize,-4.025351705301233,4.025351705301233,3.786,14.89611111351161
487132.0,2.5,-0.14719984167528016,0.14719984167528016,000642_2014-06-08_16-59-25_260595134347_rgbf000098-resize,-3.120851705301233,3.120851705301233,2.8815,31.36214301237791
487132.0,2.5,-0.032288478876971886,0.032288478876971886,001056_2014-06-08_18-46-44_260595134347_rgbf000068-resize,-2.9018517053012336,2.9018517053012336,2.6625,11.38594592369452
487132.0,2.5,-0.887049200257737,0.887049200257737,002199_2014-06-28_18-33-56_260595134347_rgbf000074-resize,-3.4398312545590484,3.4398312545590484,1.996,17.12852126070164
487132.0,2.5,-0.22970585906369975,0.22970585906369975,000917_2014-06-09_22-45-29_260595134347_rgbf000149-resize,-3.823611930672326,3.823611930672326,4.1865,9.740561609074897
487132.0,2.5,-0.5929404932604982,0.5929404932604982,002323_2014-06-28_20-01-54_260595134347_rgbf000051-resize,-3.9703517053012334,3.9703517053012334,3.7310000000000003,18.09172628388976
487132.0,2.5,-0.3351815298691853,0.3351815298691853,000878_2014-06-08_22-52-45_260595134347_rgbf000045-resize,-2.933591479930141,2.933591479930141,2.092,5.576511521775202
487132.0,2.5,-0.6535535087269235,0.6535535087269235,002953_2014-06-08_17-32-18_094959634447_rgbf000059-resize,-2.9948312545590485,2.9948312545590485,1.551,13.905027931093345
487132.0,2.5,-0.302387191171038,0.302387191171038,002905_2014-06-03_18-04-43_094959634447_rgbf000151-resize,-2.871091479930141,2.871091479930141,2.0295,12.020604335789361
487132.0,2.5,-0.5342996768920951,0.5342996768920951,002988_2014-06-15_12-24-20_094959634447_rgbf000150-resize,-4.404111930672327,4.404111930672327,4.7669999999999995,14.460306569198616
487132.0,2.5,-0.18667968669172064,0.18667968669172064,001052_2014-06-08_18-24-54_260595134347_rgbf000130-resize,-3.741611930672326,3.741611930672326,4.1045,25.87613690895519
487132.0,2.5,-0.017469976561532485,0.017469976561532485,000810_2014-06-08_17-20-01_260595134347_rgbf000105-resize,-2.3280914799301407,2.3280914799301407,1.4865,3.0958890116960642
487132.0,2.5,-0.6282317404758345,0.6282317404758345,001214_2014-06-17_16-13-55_260595134347_rgbf000111-resize,-3.492091479930141,3.492091479930141,2.6505,18.479282579459067
487132.0,2.5,-0.4368485186095679,0.4368485186095679,002272_2014-06-28_18-53-56_260595134347_rgbf000067-resize,-2.5818312545590483,2.5818312545590483,1.138,10.409245808146235
487132.0,2.5,-0.21344894462166408,0.21344894462166408,001571_2014-06-20_17-21-32_260595134347_rgbf000089-resize,-2.7015914799301406,2.7015914799301406,1.86,4.991960350191473
487132.0,2.5,-0.33595951644569544,0.33595951644569544,002444_2014-06-28_20-32-08_260595134347_rgbf000027-resize,-4.026111930672325,4.026111930672325,4.388999999999999,17.102760279009576
487132.0,2.5,-0.18354050772894848,0.18354050772894848,000709_2014-06-08_13-51-55_260595134347_rgbf000068-resize,-2.6445914799301407,2.6445914799301407,1.8030000000000002,14.429351101546246
487132.0,2.5,-0.4092921965508666,0.4092921965508666,000758_2014-06-08_22-05-08_260595134347_rgbf000085-resize,-3.620351705301233,3.620351705301233,3.3810000000000002,11.91317737826679
487132.0,2.5,-0.8472979229794554,0.8472979229794554,000854_2014-06-09_19-43-13_260595134347_rgbf000066-resize,-3.909591479930141,3.909591479930141,3.068,11.910827625938722
487132.0,2.5,-0.2163348464270961,0.2163348464270961,001136_2014-06-17_15-19-41_260595134347_rgbf000076-resize,-2.7070914799301407,2.7070914799301407,1.8655,18.667799879387072
487132.0,2.5,-0.5518865199865423,0.5518865199865423,002153_2014-06-25_21-27-18_260595134347_rgbf000038-resize,-3.3465914799301406,3.3465914799301406,2.505,17.28886317575377
487132.0,2.5,-0.18326907546711624,0.18326907546711624,000734_2014-06-08_17-39-11_260595134347_rgbf000128-resize,-3.735111930672326,3.735111930672326,4.098,16.052231618370055
487132.0,2.5,-1.0840775871562114,1.0840775871562114,000522_2014-06-08_13-35-06_260595134347_rgbf000244-resize,-3.8153312545590485,3.8153312545590485,2.3715,25.742609854068213
487132.0,2.5,-0.22997729132552824,0.22997729132552824,002949_2014-06-26_15-57-42_094959634447_rgbf000079-resize,-2.7330914799301405,2.7330914799301405,1.8915,17.99500168321199
487132.0,2.5,-0.23547766267456405,0.23547766267456405,002989_2014-06-15_12-25-03_094959634447_rgbf000150-resize,-3.834611930672326,3.834611930672326,4.1975,27.906783421951957
487132.0,2.5,-0.32245278767818325,0.32245278767818325,000866_2014-06-09_20-45-42_260595134347_rgbf000139-resize,-3.454851705301233,3.454851705301233,3.2155,8.082259189449621
487132.0,2.5,-0.6965796810988977,0.6965796810988977,001555_2014-06-20_17-12-10_260595134347_rgbf000065-resize,-3.0768312545590484,3.0768312545590484,1.633,7.608284543781994
487132.0,2.5,-0.5879648313306285,0.5879648313306285,003534_2014-05-22_15-06-10_094959634447_rgbf000102-resize,-2.8698312545590485,2.8698312545590485,1.426,12.376994007247625
487132.0,2.5,-0.5353581732826779,0.5353581732826779,002340_2014-06-28_20-05-46_260595134347_rgbf000113-resize,-3.3150914799301407,3.3150914799301407,2.4735,7.91768620575396
487132.0,2.5,-0.040150042612271286,0.040150042612271286,000773_2014-06-08_22-24-54_260595134347_rgbf000093-resize,-4.007872156043419,4.007872156043419,4.973,21.45352631724976
487132.0,2.5,-0.9546009991997922,0.9546009991997922,001032_2014-06-08_13-23-17_260595134347_rgbf000021-resize,-4.11409147993014,4.11409147993014,3.2725,15.984983178828962
487132.0,2.5,-0.38318336417102783,0.38318336417102783,000447_2014-06-08_16-15-46_260595134347_rgbf000130-resize,-4.116111930672327,4.116111930672327,4.479,19.081432914605553
487132.0,2.5,-1.408605824136948,1.408605824136948,001447_2014-06-19_17-00-32_260595134347_rgbf000082-resize,-4.97934147993014,4.97934147993014,4.13775,46.830399423560245
487132.0,2.5,-0.2541048470551113,0.2541048470551113,001066_2014-06-08_22-03-20_260595134347_rgbf000066-resize,-3.870111930672327,3.870111930672327,4.2330000000000005,19.743449467077777
487132.0,2.5,-0.011960527660240916,0.011960527660240916,002549_2014-06-24_13-41-39_094959634447_rgbf000022-resize,-2.3175914799301407,2.3175914799301407,1.476,4.1736441355391865
487132.0,2.5,-0.5130580229679359,0.5130580229679359,000502_2014-06-08_23-02-32_260595134347_rgbf000063-resize,-3.2725914799301408,3.2725914799301408,2.431,13.897287578908273
487132.0,2.5,-0.20556922578184933,0.20556922578184933,003083_2014-06-15_15-21-03_094959634447_rgbf000063-resize,-3.777611930672327,3.777611930672327,4.1405,19.172834459547143
487132.0,2.5,-0.6702084940094634,0.6702084940094634,001806_2014-06-26_20-50-20_260595134347_rgbf000091-resize,-3.572091479930141,3.572091479930141,2.7305,13.909869710567438
487132.0,2.5,-1.0424898269108325,1.0424898269108325,000493_2014-06-09_21-01-18_260595134347_rgbf000196-resize,-4.281591479930141,4.281591479930141,3.44,19.629285382994567
487132.0,2.5,-0.02664331384476548,0.02664331384476548,000191_2014-05-12_17-07-38_260595134347_rgbf000199-resize,-3.4366119306723264,3.4366119306723264,3.7995,12.340757267219296
487132.0,2.5,-0.44654656531196907,0.44654656531196907,001449_2014-06-19_17-01-27_260595134347_rgbf000116-resize,-3.6913517053012335,3.6913517053012335,3.452,8.994872108877228
487132.0,2.5,-0.1374444528595835,0.1374444528595835,001450_2014-06-19_17-02-03_260595134347_rgbf000203-resize,-3.6477785973390255,3.6477785973390255,4.0106666666667,12.34882649363641
487132.0,2.5,-0.08213587369815006,0.08213587369815006,002600_2014-06-24_14-27-04_094959634447_rgbf000074-resize,-2.9968517053012333,2.9968517053012333,2.7575,44.47386082434929
487132.0,2.5,-0.27011756189205915,0.27011756189205915,003228_2014-05-14_13-42-35_094959634447_rgbf000101-resize,-2.8095914799301407,2.8095914799301407,1.9680000000000002,14.40337638638131
487132.0,2.5,-1.1441568156512114,1.1441568156512114,000368_2014-06-09_15-53-01_260595134347_rgbf000155-resize,-3.9298312545590486,3.9298312545590486,2.4859999999999998,21.090700959072958
487132.0,2.5,-0.1209689094928854,0.1209689094928854,002763_2014-06-22_19-13-10_094959634447_rgbf000075-resize,-2.525341479930141,2.525341479930141,1.68375,5.5919783591245595
487132.0,2.5,-0.31681670019822106,0.31681670019822106,002209_2014-06-28_18-36-10_260595134347_rgbf000051-resize,-2.8985914799301407,2.8985914799301407,2.057,12.962068825921264
487132.0,2.5,-0.5652575326231464,0.5652575326231464,001828_2014-06-26_21-40-03_260595134347_rgbf000024-resize,-4.463111930672326,4.463111930672326,4.8260000000000005,35.55232951340613
487132.0,2.5,-0.13014678555223774,0.13014678555223774,000906_2014-06-08_13-35-43_260595134347_rgbf000155-resize,-3.0883517053012337,3.0883517053012337,2.8489999999999998,16.12201726422563
487132.0,2.5,-0.7535015755266308,0.7535015755266308,002570_2014-06-24_13-59-54_094959634447_rgbf000059-resize,-4.2763517053012325,4.2763517053012325,4.037,41.596140375002705
487132.0,2.5,-0.4193973916460264,0.4193973916460264,001810_2014-06-26_20-51-35_260595134347_rgbf000040-resize,-3.0940914799301407,3.0940914799301407,2.2525,22.411391411207674
487132.0,2.5,-0.8720949818113801,0.8720949818113801,002875_2014-06-01_15-19-00_094959634447_rgbf000151-resize,-3.4113312545590486,3.4113312545590486,1.9675,11.625680938349673
487132.0,2.5,-0.6507942455001513,0.6507942455001513,001092_2014-06-15_17-34-58_260595134347_rgbf000171-resize,-3.5350914799301405,3.5350914799301405,2.6935,9.164038324933468
487132.0,2.5,-0.2451938644814685,0.2451938644814685,002545_2014-06-24_13-38-53_094959634447_rgbf000080-resize,-2.762091479930141,2.762091479930141,1.9205,12.083824048628237
487132.0,2.5,-0.20846420513954436,0.20846420513954436,001167_2014-06-17_15-38-07_260595134347_rgbf000108-resize,-2.6920914799301405,2.6920914799301405,1.8505,12.019050657019696
487132.0,2.5,-0.5517598814078755,0.5517598814078755,003587_2014-05-23_16-48-02_094959634447_rgbf002384-resize,-2.8008312545590486,2.8008312545590486,1.357,20.788172722830538
420492.0,2.5,-0.2987469337138209,0.2987469337138209,001808_2014-06-26_20-50-58_260595134347_rgbf000029-resize,-3.922358666624299,3.922358666624299,4.249,20.030651550568866
420492.0,2.5,-0.3404807724221615,0.3404807724221615,001029_2014-06-08_13-17-57_260595134347_rgbf000065-resize,-3.410141333375702,3.410141333375702,3.0835,18.209734661918688
420492.0,2.5,-0.5884059729801545,0.5884059729801545,000677_2014-06-08_23-10-32_260595134347_rgbf000158-resize,-3.8826413333757017,3.8826413333757017,3.556,19.65196273325612
420492.0,2.5,-1.0525503340049458,1.0525503340049458,001650_2014-06-20_12-09-00_260595134347_rgbf000087-resize,-3.5837066668785083,3.5837066668785083,1.9505,47.6804595860539
420492.0,2.5,-0.22873710602317246,0.22873710602317246,003495_2014-05-21_16-01-51_094959634447_rgbf000100-resize,-2.605424000127105,2.605424000127105,1.6255,12.747278812179
420492.0,2.5,-1.1002600113808492,1.1002600113808492,001158_2014-06-17_15-32-16_260595134347_rgbf000138-resize,-4.858141333375703,4.858141333375703,4.5315,26.954451973303737
420492.0,2.5,-2.569485264826461,2.569485264826461,000556_2014-06-09_22-42-56_260595134347_rgbf000214-resize,-6.474706666878508,6.474706666878508,4.8415,23.88242025565649
420492.0,2.5,-0.18514734446343845,0.18514734446343845,001150_2014-06-17_15-27-34_260595134347_rgbf000108-resize,-3.7058586666242985,3.7058586666242985,4.0325,11.088139074292139
420492.0,2.5,-0.3265759728141476,0.3265759728141476,000665_2014-06-09_20-42-35_260595134347_rgbf000110-resize,-3.383641333375702,3.383641333375702,3.057,18.49880761375764
420492.0,2.5,-0.8305593699272795,0.8305593699272795,002375_2014-06-28_20-13-44_260595134347_rgbf000032-resize,-4.3441413333757035,4.3441413333757035,4.0175,48.76103649676905
420492.0,2.5,-0.957820843960388,0.957820843960388,002568_2014-06-24_13-59-21_094959634447_rgbf000062-resize,-3.9949240001271056,3.9949240001271056,3.015,29.63840999388049
420492.0,2.5,-1.1383208841549934,1.1383208841549934,000788_2014-06-08_22-34-36_260595134347_rgbf000131-resize,-4.338924000127105,4.338924000127105,3.359,21.46386213810664
420492.0,2.5,-1.296520774034864,1.296520774034864,001235_2014-06-17_16-37-36_260595134347_rgbf000084-resize,-4.640424000127106,4.640424000127106,3.6605,14.547706659434104
420492.0,2.5,-0.935501253761342,0.935501253761342,001094_2014-06-15_17-36-00_260595134347_rgbf000205-resize,-4.544141333375703,4.544141333375703,4.2175,17.196771274488466
420492.0,2.5,-0.3365648916626831,0.3365648916626831,000470_2014-06-09_19-42-40_260595134347_rgbf000094-resize,-2.8109240001271054,2.8109240001271054,1.831,22.486379427626872
420492.0,2.5,-0.7398235201794108,0.7398235201794108,000109_2014-05-14_23-41-52_260595134347_rgbf000035-resize,-2.987706666878508,2.987706666878508,1.3545,6.620498200896815
420492.0,2.5,-0.06135480130782955,0.06135480130782955,002509_2014-06-24_13-19-22_094959634447_rgbf000077-resize,-2.286424000127105,2.286424000127105,1.3065,40.21868783296904
420492.0,2.5,-0.976030210375951,0.976030210375951,002784_2014-06-22_19-26-30_094959634447_rgbf000083-resize,-3.437873333545208,3.437873333545208,1.8046666666667,3.0422522474895675
420492.0,2.5,-1.035458398113308,1.035458398113308,002039_2014-06-24_20-22-38_260595134347_rgbf000084-resize,-4.734641333375703,4.734641333375703,4.408,15.524303639345458
420492.0,2.5,-0.876471444104689,0.876471444104689,002103_2014-06-25_20-00-40_260595134347_rgbf000049-resize,-4.431641333375703,4.431641333375703,4.105,11.598018874569219
420492.0,2.5,-1.5549401629762707,1.5549401629762707,000691_2014-06-08_13-08-50_260595134347_rgbf000132-resize,-5.1329240001271055,5.1329240001271055,4.1530000000000005,14.740846212587924
420492.0,2.5,-0.22740589259094465,0.22740589259094465,000929_2014-06-09_16-33-19_260595134347_rgbf000139-resize,-3.1946413333757024,3.1946413333757024,2.8680000000000003,19.501338012209015
420492.0,2.5,-0.5747635280817192,0.5747635280817192,001584_2014-06-20_11-07-43_260595134347_rgbf000002-resize,-3.856641333375702,3.856641333375702,3.53,17.602834139105468
420492.0,2.5,-0.16515981473368446,0.16515981473368446,002279_2014-06-28_18-55-32_260595134347_rgbf000040-resize,-2.484257333460405,2.484257333460405,1.5043333333333,15.963772282558683
420492.0,2.5,-0.21455051182127569,0.21455051182127569,002043_2014-06-24_20-29-38_260595134347_rgbf000039-resize,-3.1701413333757023,3.1701413333757023,2.8435,8.475049543704081
420492.0,2.5,-0.20460047274133708,0.20460047274133708,002344_2014-06-28_20-06-29_260595134347_rgbf000030-resize,-2.5594240001271054,2.5594240001271054,1.5795,37.33165518125916
420492.0,2.5,-0.566892886794166,0.566892886794166,000736_2014-06-08_18-24-15_260595134347_rgbf000206-resize,-3.8416413333757022,3.8416413333757022,3.515,33.408170606136416
420492.0,2.5,-0.8877721365011519,0.8877721365011519,000642_2014-06-08_16-59-25_260595134347_rgbf000098-resize,-3.861424000127105,3.861424000127105,2.8815,31.36214301237791
420492.0,2.5,-0.7728607737028437,0.7728607737028437,001056_2014-06-08_18-46-44_260595134347_rgbf000068-resize,-3.6424240001271055,3.6424240001271055,2.6625,11.38594592369452
420492.0,2.5,-0.4231419458257941,0.4231419458257941,002199_2014-06-28_18-33-56_260595134347_rgbf000074-resize,-2.975924000127105,2.975924000127105,1.996,17.12852126070164
420492.0,2.5,-0.9192352617670756,0.9192352617670756,000917_2014-06-09_22-45-29_260595134347_rgbf000149-resize,-4.513141333375702,4.513141333375702,4.1865,9.740561609074897
420492.0,2.5,-0.02694745458356401,0.02694745458356401,002323_2014-06-28_20-01-54_260595134347_rgbf000051-resize,-3.4043586666242986,3.4043586666242986,3.7310000000000003,18.09172628388976
420492.0,2.5,-0.4407197113680026,0.4407197113680026,002905_2014-06-03_18-04-43_094959634447_rgbf000151-resize,-3.009424000127105,3.009424000127105,2.0295,12.020604335789361
420492.0,2.5,-1.7383455448606062,1.7383455448606062,003423_2014-05-21_10-23-26_094959634447_rgbf002665-resize,-4.890706666878508,4.890706666878508,3.2575,35.43119222475438
420492.0,2.5,-1.962901736381228,1.962901736381228,003129_2014-05-12_10-48-10_094959634447_rgbf000100-resize,-5.910424000127105,5.910424000127105,4.9305,17.9074543760639
420492.0,2.5,-0.8762090893950965,0.8762090893950965,001052_2014-06-08_18-24-54_260595134347_rgbf000130-resize,-4.4311413333757015,4.4311413333757015,4.1045,25.87613690895519
420492.0,2.5,-0.7665642606727991,0.7665642606727991,001214_2014-06-17_16-13-55_260595134347_rgbf000111-resize,-3.630424000127105,3.630424000127105,2.6505,18.479282579459067
420492.0,2.5,-0.3517814648186287,0.3517814648186287,001571_2014-06-20_17-21-32_260595134347_rgbf000089-resize,-2.8399240001271053,2.8399240001271053,1.86,4.991960350191473
420492.0,2.5,-0.5199119538941148,0.5199119538941148,002748_2014-06-22_19-07-22_094959634447_rgbf000078-resize,-4.343858666624299,4.343858666624299,4.6705,35.71435075733748
420492.0,2.5,-0.7353246103478623,0.7353246103478623,002995_2014-06-15_12-31-26_094959634447_rgbf000150-resize,-4.162641333375702,4.162641333375702,3.8360000000000003,27.231594395483473
420492.0,2.5,-0.205086302391905,0.205086302391905,000436_2014-06-09_22-25-11_260595134347_rgbf000137-resize,-3.7438586666242992,3.7438586666242992,4.0705,20.69156545677159
420492.0,2.5,-0.932352997246328,0.932352997246328,001133_2014-06-17_14-49-16_260595134347_rgbf000100-resize,-4.5381413333757035,4.5381413333757035,4.2115,26.759918254713728
420492.0,2.5,-0.2659720348999717,0.2659720348999717,003070_2014-06-15_14-58-27_094959634447_rgbf000150-resize,-3.268141333375702,3.268141333375702,2.9415,10.664823740812926
420492.0,2.5,-0.4965818246253354,0.4965818246253354,000758_2014-06-08_22-05-08_260595134347_rgbf000085-resize,-3.707641333375702,3.707641333375702,3.3810000000000002,11.91317737826679
420492.0,2.5,-1.6389131099278231,1.6389131099278231,000854_2014-06-09_19-43-13_260595134347_rgbf000066-resize,-4.701206666878509,4.701206666878509,3.068,11.910827625938722
420492.0,2.5,-1.3435017069349098,1.3435017069349098,002153_2014-06-25_21-27-18_260595134347_rgbf000038-resize,-4.138206666878508,4.138206666878508,2.505,17.28886317575377
420492.0,2.5,-0.5989001613635678,0.5989001613635678,002660_2014-06-13_15-44-18_094959634447_rgbf001878-resize,-3.9026413333757017,3.9026413333757017,3.576,15.11997681444361
420492.0,2.5,-0.5768623657584053,0.5768623657584053,000739_2014-06-08_18-45-58_260595134347_rgbf000068-resize,-3.860641333375702,3.860641333375702,3.534,8.164356963721069
420492.0,2.5,-0.2195158114190892,0.2195158114190892,000734_2014-06-08_17-39-11_260595134347_rgbf000128-resize,-3.7713586666242986,3.7713586666242986,4.098,16.052231618370055
420492.0,2.5,-0.6201703327242685,0.6201703327242685,000522_2014-06-08_13-35-06_260595134347_rgbf000244-resize,-3.351424000127105,3.351424000127105,2.3715,25.742609854068213
420492.0,2.5,-0.409742415752652,0.409742415752652,000866_2014-06-09_20-45-42_260595134347_rgbf000139-resize,-3.5421413333757017,3.5421413333757017,3.2155,8.082259189449621
420492.0,2.5,-0.8859550934183579,0.8859550934183579,001555_2014-06-20_17-12-10_260595134347_rgbf000065-resize,-3.2662066668785084,3.2662066668785084,1.633,7.608284543781994
420492.0,2.5,-0.7773402436500887,0.7773402436500887,003534_2014-05-22_15-06-10_094959634447_rgbf000102-resize,-3.0592066668785085,3.0592066668785085,1.426,12.376994007247625
420492.0,2.5,-1.9852018866959575,1.9852018866959575,000773_2014-06-08_22-24-54_260595134347_rgbf000093-resize,-5.952924000127106,5.952924000127106,4.973,21.45352631724976
420492.0,2.5,-0.3585638074992424,0.3585638074992424,002414_2014-06-28_20-24-58_260595134347_rgbf000067-resize,-4.0363586666243,4.0363586666243,4.363,31.720662178139435
420492.0,2.5,-1.0929335193967569,1.0929335193967569,001032_2014-06-08_13-23-17_260595134347_rgbf000021-resize,-4.252424000127105,4.252424000127105,3.2725,15.984983178828962
420492.0,2.5,-1.2025977880033634,1.2025977880033634,003292_2014-05-14_21-53-49_094959634447_rgbf000100-resize,-4.4614240001271055,4.4614240001271055,3.4815,33.084282711345374
420492.0,2.5,-0.8410535583106911,0.8410535583106911,002639_2014-06-24_14-51-37_094959634447_rgbf000074-resize,-4.364141333375702,4.364141333375702,4.0375,16.521406794569987
420492.0,2.5,-0.4131335870929492,0.4131335870929492,001570_2014-06-20_17-21-09_260595134347_rgbf000135-resize,-4.140358666624299,4.140358666624299,4.467,22.179510675592084
420492.0,2.5,-0.8922127266797921,0.8922127266797921,001392_2014-06-19_16-07-59_260595134347_rgbf000046-resize,-4.461641333375702,4.461641333375702,4.135,18.95235574822112
420492.0,2.5,-0.4194301001230008,0.4194301001230008,000447_2014-06-08_16-15-46_260595134347_rgbf000130-resize,-4.152358666624298,4.152358666624298,4.479,19.081432914605553
420492.0,2.5,-0.2403730108311067,0.2403730108311067,001447_2014-06-19_17-00-32_260595134347_rgbf000082-resize,-3.811108666624299,3.811108666624299,4.13775,46.830399423560245
420492.0,2.5,-1.152993308007459,1.152993308007459,000742_2014-06-08_18-48-09_260595134347_rgbf000164-resize,-4.958641333375702,4.958641333375702,4.632,18.91549953899407
420492.0,2.5,-0.06317184439062645,0.06317184439062645,002758_2014-06-22_19-11-20_094959634447_rgbf000128-resize,-2.8816413333757023,2.8816413333757023,2.555,7.204478276142114
420492.0,2.5,-0.6513905431649005,0.6513905431649005,000502_2014-06-08_23-02-32_260595134347_rgbf000063-resize,-3.410924000127105,3.410924000127105,2.431,13.897287578908273
420492.0,2.5,-0.8085410142064279,0.8085410142064279,001806_2014-06-26_20-50-20_260595134347_rgbf000091-resize,-3.710424000127105,3.710424000127105,2.7305,13.909869710567438
420492.0,2.5,-0.0584300197337902,0.0584300197337902,001617_2014-06-20_11-35-32_260595134347_rgbf000066-resize,-3.4643586666242987,3.4643586666242987,3.7910000000000004,19.974169961071475
420492.0,2.5,-0.852072456113258,0.852072456113258,000506_2014-06-08_23-21-00_260595134347_rgbf000070-resize,-4.385141333375703,4.385141333375703,4.0585,16.716212007621664
420492.0,2.5,-0.5338361933864377,0.5338361933864377,001449_2014-06-19_17-01-27_260595134347_rgbf000116-resize,-3.778641333375702,3.778641333375702,3.452,8.994872108877228
420492.0,2.5,-0.17369118881155649,0.17369118881155649,001450_2014-06-19_17-02-03_260595134347_rgbf000203-resize,-3.6840253332909993,3.6840253332909993,4.0106666666667,12.34882649363641
420492.0,2.5,-1.475990835275425,1.475990835275425,002600_2014-06-24_14-27-04_094959634447_rgbf000074-resize,-4.390706666878509,4.390706666878509,2.7575,44.47386082434929
420492.0,2.5,-0.4084500820890238,0.4084500820890238,003228_2014-05-14_13-42-35_094959634447_rgbf000101-resize,-2.947924000127105,2.947924000127105,1.9680000000000002,14.40337638638131
420492.0,2.5,-0.6802495612192685,0.6802495612192685,000368_2014-06-09_15-53-01_260595134347_rgbf000155-resize,-3.4659240001271057,3.4659240001271057,2.4859999999999998,21.090700959072958
420492.0,2.5,-1.2547869353265222,1.2547869353265222,001828_2014-06-26_21-40-03_260595134347_rgbf000024-resize,-5.152641333375703,5.152641333375703,4.8260000000000005,35.55232951340613
420492.0,2.5,-0.37222569228196895,0.37222569228196895,002805_2014-06-22_19-54-03_094959634447_rgbf000079-resize,-3.4706413333757022,3.4706413333757022,3.1439999999999997,7.377848172936663
420492.0,2.5,-0.8407912036010994,0.8407912036010994,002570_2014-06-24_13-59-54_094959634447_rgbf000059-resize,-4.363641333375703,4.363641333375703,4.037,41.596140375002705
420492.0,2.5,-0.5574286773647996,0.5574286773647996,002467_2014-06-28_20-38-07_260595134347_rgbf000026-resize,-4.415358666624298,4.415358666624298,4.742,15.331046216195933
420492.0,2.5,-0.5613639980085856,0.5613639980085856,002663_2014-06-13_15-50-26_094959634447_rgbf000075-resize,-4.4228586666243,4.4228586666243,4.7495,16.725954086732166
420492.0,2.5,-1.3348245616342989,1.3348245616342989,000409_2014-06-04_19-23-33_260595134347_rgbf000067-resize,-4.713424000127105,4.713424000127105,3.7335,12.696549983566419
420492.0,2.5,-0.7891267656971159,0.7891267656971159,001092_2014-06-15_17-34-58_260595134347_rgbf000171-resize,-3.673424000127105,3.673424000127105,2.6935,9.164038324933468
420492.0,2.5,-0.08785262697593255,0.08785262697593255,003587_2014-05-23_16-48-02_094959634447_rgbf002384-resize,-2.336924000127105,2.336924000127105,1.357,20.788172722830538
393442.0,2.5,-0.10370452801301744,0.10370452801301744,001808_2014-06-26_20-50-58_260595134347_rgbf000029-resize,-3.7273162609234953,3.7273162609234953,4.249,20.030651550568866
393442.0,2.5,-0.16787419208854856,0.16787419208854856,001029_2014-06-08_13-17-57_260595134347_rgbf000065-resize,-3.2375347530420893,3.2375347530420893,3.0835,18.209734661918688
393442.0,2.5,-0.6549596480153916,0.6549596480153916,000682_2014-06-08_23-14-58_260595134347_rgbf000041-resize,-3.5537532451606832,3.5537532451606832,2.7239999999999998,8.707843071693064
393442.0,2.5,-0.9248154044057132,0.9248154044057132,001650_2014-06-20_12-09-00_260595134347_rgbf000087-resize,-3.455971737279276,3.455971737279276,1.9505,47.6804595860539
393442.0,2.5,-0.5226096762236576,0.5226096762236576,001244_2014-06-17_16-47-45_260595134347_rgbf000030-resize,-3.0974927425335466,3.0974927425335466,2.0425,6.7629638807870815
393442.0,2.5,-0.5290453458024786,0.5290453458024786,003495_2014-05-21_16-01-51_094959634447_rgbf000100-resize,-2.905732239906412,2.905732239906412,1.6255,12.747278812179
393442.0,2.5,-0.8910629282540926,0.8910629282540926,001150_2014-06-17_15-27-34_260595134347_rgbf000108-resize,-4.411774250414953,4.411774250414953,4.0325,11.088139074292139
393442.0,2.5,-0.20747379484793746,0.20747379484793746,002375_2014-06-28_20-13-44_260595134347_rgbf000032-resize,-3.7210557582963597,3.7210557582963597,4.0175,48.76103649676905
393442.0,2.5,-0.35717109424823634,0.35717109424823634,002568_2014-06-24_13-59-21_094959634447_rgbf000062-resize,-3.394274250414953,3.394274250414953,3.015,29.63840999388049
393442.0,2.5,-0.08719213969711283,0.08719213969711283,000788_2014-06-08_22-34-36_260595134347_rgbf000131-resize,-3.2877952556692245,3.2877952556692245,3.359,21.46386213810664
393442.0,2.5,-0.08717618130913574,0.08717618130913574,001094_2014-06-15_17-36-00_260595134347_rgbf000205-resize,-3.695816260923496,3.695816260923496,4.2175,17.196771274488466
393442.0,2.5,-0.09952281104761797,0.09952281104761797,000780_2014-06-08_22-28-29_260595134347_rgbf000126-resize,-3.3112952556692243,3.3112952556692243,3.3825,14.165390776882042
393442.0,2.5,-0.18639413669626048,0.18639413669626048,000470_2014-06-09_19-42-40_260595134347_rgbf000094-resize,-2.6607532451606826,2.6607532451606826,1.831,22.486379427626872
393442.0,2.5,-0.38684909320731387,0.38684909320731387,000109_2014-05-14_23-41-52_260595134347_rgbf000035-resize,-2.634732239906412,2.634732239906412,1.3545,6.620498200896815
393442.0,2.5,-0.36166304108713576,0.36166304108713576,002509_2014-06-24_13-19-22_094959634447_rgbf000077-resize,-2.586732239906412,2.586732239906412,1.3065,40.21868783296904
393442.0,2.5,-0.11398423685075465,0.11398423685075465,003338_2014-05-20_11-01-23_094959634447_rgbf000051-resize,-2.5227532451606827,2.5227532451606827,1.693,28.251495663089063
393442.0,2.5,-0.623055783403854,0.623055783403854,002784_2014-06-22_19-26-30_094959634447_rgbf000083-resize,-3.084898906573112,3.084898906573112,1.8046666666667,3.0422522474895675
393442.0,2.5,-1.0767187812555357,1.0767187812555357,001100_2014-06-15_17-46-26_260595134347_rgbf000225-resize,-3.745471737279276,3.745471737279276,2.24,9.548860596737413
393442.0,2.5,-0.5429501454104926,0.5429501454104926,000469_2014-06-09_19-42-10_260595134347_rgbf000081-resize,-2.932232239906411,2.932232239906411,1.652,25.13136208408983
393442.0,2.5,-0.6029061757446946,0.6029061757446946,000483_2014-06-09_20-41-45_260595134347_rgbf000116-resize,-2.842471737279276,2.842471737279276,1.337,29.232414989368262
393442.0,2.5,-0.3381743153852761,0.3381743153852761,002964_2014-06-08_17-46-11_094959634447_rgbf000091-resize,-2.745992742533547,2.745992742533547,1.6909999999999998,28.953812917975768
393442.0,2.5,-0.02726802613886037,0.02726802613886037,002136_2014-06-25_21-18-03_260595134347_rgbf000109-resize,-2.5615137477878185,2.5615137477878185,1.9569999999999999,13.297078442475444
393442.0,2.5,-0.18713332566110152,0.18713332566110152,002039_2014-06-24_20-22-38_260595134347_rgbf000084-resize,-3.886316260923496,3.886316260923496,4.408,15.524303639345458
393442.0,2.5,-0.4786253663982115,0.4786253663982115,002103_2014-06-25_20-00-40_260595134347_rgbf000049-resize,-4.033795255669225,4.033795255669225,4.105,11.598018874569219
393442.0,2.5,-0.5038114185183901,0.5038114185183901,000691_2014-06-08_13-08-50_260595134347_rgbf000132-resize,-4.081795255669225,4.081795255669225,4.1530000000000005,14.740846212587924
393442.0,2.5,-0.239357871256522,0.239357871256522,000457_2014-06-08_16-52-43_260595134347_rgbf000199-resize,-3.5777952556692245,3.5777952556692245,3.6489999999999996,14.067279821032837
393442.0,2.5,-0.6401126693418745,0.6401126693418745,003621_2014-05-23_18-06-08_094959634447_rgbf000101-resize,-4.137534753042089,4.137534753042089,3.9835,23.07176470133362
393442.0,2.5,-0.6273964451209705,0.6273964451209705,001584_2014-06-20_11-07-43_260595134347_rgbf000002-resize,-3.909274250414953,3.909274250414953,3.53,17.602834139105468
393442.0,2.5,-0.33209228190089485,0.33209228190089485,001175_2014-06-17_15-45-55_260595134347_rgbf000129-resize,-3.95855575829636,3.95855575829636,4.255,15.34903910495583
393442.0,2.5,-0.6874756736159814,0.6874756736159814,003490_2014-05-21_15-50-11_094959634447_rgbf000101-resize,-4.023774250414953,4.023774250414953,3.6445,19.999457360175192
393442.0,2.5,-0.4654680545129906,0.4654680545129906,002279_2014-06-28_18-55-32_260595134347_rgbf000040-resize,-2.7845655732397114,2.7845655732397114,1.5043333333333,15.963772282558683
393442.0,2.5,-0.5049087125206433,0.5049087125206433,002344_2014-06-28_20-06-29_260595134347_rgbf000030-resize,-2.859732239906412,2.859732239906412,1.5795,37.33165518125916
393442.0,2.5,-0.8673597230065601,0.8673597230065601,000549_2014-06-08_22-10-24_260595134347_rgbf000247-resize,-3.346471737279276,3.346471737279276,1.841,30.99307977870557
393442.0,2.5,-0.3942863064605532,0.3942863064605532,000736_2014-06-08_18-24-15_260595134347_rgbf000206-resize,-3.6690347530420895,3.6690347530420895,3.515,33.408170606136416
393442.0,2.5,-0.0860035643099945,0.0860035643099945,000137_2014-05-20_17-04-49_260595134347_rgbf000120-resize,-3.4895557582963597,3.4895557582963597,3.786,14.89611111351161
393442.0,2.5,-0.06188288941613593,0.06188288941613593,000642_2014-06-08_16-59-25_260595134347_rgbf000098-resize,-3.0355347530420893,3.0355347530420893,2.8815,31.36214301237791
393442.0,2.5,-0.14372160041873533,0.14372160041873533,002425_2014-06-28_20-27-29_260595134347_rgbf000031-resize,-3.59955575829636,3.59955575829636,3.8960000000000004,8.40495801096819
393442.0,2.5,-0.7234501856051003,0.7234501856051003,002199_2014-06-28_18-33-56_260595134347_rgbf000074-resize,-3.2762322399064114,3.2762322399064114,1.996,17.12852126070164
393442.0,2.5,-0.09810379772686273,0.09810379772686273,000878_2014-06-08_22-52-45_260595134347_rgbf000045-resize,-2.6965137477878183,2.6965137477878183,2.092,5.576511521775202
393442.0,2.5,-0.4899544940742868,0.4899544940742868,002953_2014-06-08_17-32-18_094959634447_rgbf000059-resize,-2.831232239906411,2.831232239906411,1.551,13.905027931093345
393442.0,2.5,-0.5157884537744442,0.5157884537744442,002905_2014-06-03_18-04-43_094959634447_rgbf000151-resize,-3.0844927425335467,3.0844927425335467,2.0295,12.020604335789361
393442.0,2.5,-0.6813502339106675,0.6813502339106675,000810_2014-06-08_17-20-01_260595134347_rgbf000105-resize,-2.991971737279276,2.991971737279276,1.4865,3.0958890116960642
393442.0,2.5,-1.0668725004521054,1.0668725004521054,001214_2014-06-17_16-13-55_260595134347_rgbf000111-resize,-3.930732239906412,3.930732239906412,2.6505,18.479282579459067
393442.0,2.5,-0.4984890013297954,0.4984890013297954,002272_2014-06-28_18-53-56_260595134347_rgbf000067-resize,-2.643471737279276,2.643471737279276,1.138,10.409245808146235
393442.0,2.5,-0.4268502072250703,0.4268502072250703,001571_2014-06-20_17-21-32_260595134347_rgbf000089-resize,-2.914992742533547,2.914992742533547,1.86,4.991960350191473
393442.0,2.5,-0.31860495193922306,0.31860495193922306,003070_2014-06-15_14-58-27_094959634447_rgbf000150-resize,-3.3207742504149533,3.3207742504149533,2.9415,10.664823740812926
393442.0,2.5,-0.26273935718554586,0.26273935718554586,000943_2014-06-09_19-31-07_260595134347_rgbf000128-resize,-2.8062532451606828,2.8062532451606828,1.9765,15.893099149291922
393442.0,2.5,-0.17170227295949048,0.17170227295949048,000709_2014-06-08_13-51-55_260595134347_rgbf000068-resize,-2.6327532451606825,2.6327532451606825,1.8030000000000002,14.429351101546246
393442.0,2.5,-0.8354596882099974,0.8354596882099974,000854_2014-06-09_19-43-13_260595134347_rgbf000066-resize,-3.8977532451606822,3.8977532451606822,3.068,11.910827625938722
393442.0,2.5,-0.4608171629223614,0.4608171629223614,001164_2014-06-17_15-35-46_260595134347_rgbf000085-resize,-3.1837532451606827,3.1837532451606827,2.354,17.325668807481115
393442.0,2.5,-0.3148087878442197,0.3148087878442197,002153_2014-06-25_21-27-18_260595134347_rgbf000038-resize,-3.1095137477878185,3.1095137477878185,2.505,17.28886317575377
393442.0,2.5,-0.20105408365709032,0.20105408365709032,002660_2014-06-13_15-44-18_094959634447_rgbf001878-resize,-3.504795255669225,3.504795255669225,3.576,15.11997681444361
393442.0,2.5,-0.7001918978368792,0.7001918978368792,000734_2014-06-08_17-39-11_260595134347_rgbf000128-resize,-4.252034753042088,4.252034753042088,4.098,16.052231618370055
393442.0,2.5,-1.1457180698764389,1.1457180698764389,000522_2014-06-08_13-35-06_260595134347_rgbf000244-resize,-3.8769717372792765,3.8769717372792765,2.3715,25.742609854068213
393442.0,2.5,-0.07668199292573352,0.07668199292573352,002989_2014-06-15_12-25-03_094959634447_rgbf000150-resize,-3.675816260923496,3.675816260923496,4.1975,27.906783421951957
393442.0,2.5,-0.6876148301647679,0.6876148301647679,000866_2014-06-09_20-45-42_260595134347_rgbf000139-resize,-3.820013747787818,3.820013747787818,3.2155,8.082259189449621
393442.0,2.5,-0.3077411690733963,0.3077411690733963,001555_2014-06-20_17-12-10_260595134347_rgbf000065-resize,-2.6879927425335466,2.6879927425335466,1.633,7.608284543781994
393442.0,2.5,-0.4243658166779918,0.4243658166779918,003534_2014-05-22_15-06-10_094959634447_rgbf000102-resize,-2.706232239906411,2.706232239906411,1.426,12.376994007247625
393442.0,2.5,-0.3200718404238957,0.3200718404238957,001016_2014-06-09_16-16-10_260595134347_rgbf000112-resize,-2.711492742533547,2.711492742533547,1.6565,7.049977084494088
393442.0,2.5,-0.4946609204588474,0.4946609204588474,001059_2014-06-08_21-53-27_260595134347_rgbf000061-resize,-3.2482532451606825,3.2482532451606825,2.4185,8.755513319222857
393442.0,2.5,-0.7175232670574697,0.7175232670574697,001032_2014-06-08_13-23-17_260595134347_rgbf000021-resize,-3.877013747787818,3.877013747787818,3.2725,15.984983178828962
393442.0,2.5,-0.3767085409183474,0.3767085409183474,003292_2014-05-14_21-53-49_094959634447_rgbf000100-resize,-3.6355347530420894,3.6355347530420894,3.4815,33.084282711345374
393442.0,2.5,-0.21796798323134894,0.21796798323134894,002639_2014-06-24_14-51-37_094959634447_rgbf000074-resize,-3.74105575829636,3.74105575829636,4.0375,16.521406794569987
393442.0,2.5,-1.1715280919946256,1.1715280919946256,001447_2014-06-19_17-00-32_260595134347_rgbf000082-resize,-4.742263747787819,4.742263747787819,4.13775,46.830399423560245
393442.0,2.5,-0.12904569506994132,0.12904569506994132,002630_2014-06-24_14-47-50_094959634447_rgbf000055-resize,-3.1635347530420894,3.1635347530420894,3.0095,10.661401196716628
393442.0,2.5,-0.4506012876365118,0.4506012876365118,002549_2014-06-24_13-41-39_094959634447_rgbf000022-resize,-2.7562322399064114,2.7562322399064114,1.476,4.1736441355391865
393442.0,2.5,-0.2759802908256134,0.2759802908256134,000502_2014-06-08_23-02-32_260595134347_rgbf000063-resize,-3.0355137477878182,3.0355137477878182,2.431,13.897287578908273
393442.0,2.5,-0.4331307618671408,0.4331307618671408,001806_2014-06-26_20-50-20_260595134347_rgbf000091-resize,-3.3350137477878183,3.3350137477878183,2.7305,13.909869710567438
393442.0,2.5,-0.5801725973956452,0.5801725973956452,000493_2014-06-09_21-01-18_260595134347_rgbf000196-resize,-3.819274250414953,3.819274250414953,3.44,19.629285382994567
393442.0,2.5,-0.3183266388416638,0.3183266388416638,000191_2014-05-12_17-07-38_260595134347_rgbf000199-resize,-3.7282952556692246,3.7282952556692246,3.7995,12.340757267219296
393442.0,2.5,-0.4542263784067805,0.4542263784067805,000506_2014-06-08_23-21-00_260595134347_rgbf000070-resize,-3.987295255669225,3.987295255669225,4.0585,16.716212007621664
393442.0,2.5,-0.05978405173945131,0.05978405173945131,003079_2014-06-15_15-18-20_094959634447_rgbf000152-resize,-3.0315347530420893,3.0315347530420893,2.8775,9.032134209869396
393442.0,2.5,-0.5864691104256889,0.5864691104256889,001449_2014-06-19_17-01-27_260595134347_rgbf000116-resize,-3.831274250414953,3.831274250414953,3.452,8.994872108877228
393442.0,2.5,-0.70875832186833,0.70875832186833,003228_2014-05-14_13-42-35_094959634447_rgbf000101-resize,-3.2482322399064114,3.2482322399064114,1.9680000000000002,14.40337638638131
393442.0,2.5,-0.3048393088799813,0.3048393088799813,000368_2014-06-09_15-53-01_260595134347_rgbf000155-resize,-3.0905137477878184,3.0905137477878184,2.4859999999999998,21.090700959072958
393442.0,2.5,-0.3343701720962916,0.3343701720962916,002763_2014-06-22_19-13-10_094959634447_rgbf000075-resize,-2.738742742533547,2.738742742533547,1.68375,5.5919783591245595
393442.0,2.5,-1.5326593497386385,1.5326593497386385,001828_2014-06-26_21-40-03_260595134347_rgbf000024-resize,-5.430513747787819,5.430513747787819,4.8260000000000005,35.55232951340613
393442.0,2.5,-0.044829833293093514,0.044829833293093514,000906_2014-06-08_13-35-43_260595134347_rgbf000155-resize,-3.0030347530420896,3.0030347530420896,2.8489999999999998,16.12201726422563
393442.0,2.5,-0.4248586093212202,0.4248586093212202,002805_2014-06-22_19-54-03_094959634447_rgbf000079-resize,-3.523274250414953,3.523274250414953,3.1439999999999997,7.377848172936663
393442.0,2.5,-0.1236913611054038,0.1236913611054038,001110_2014-06-15_17-25-28_260595134347_rgbf000150-resize,-2.541253245160682,2.541253245160682,1.7115,9.336195527413247
393442.0,2.5,-0.40584587207027856,0.40584587207027856,000927_2014-06-09_16-32-30_260595134347_rgbf000123-resize,-3.2830137477878183,3.2830137477878183,2.6785,11.715239650325241
393442.0,2.5,-1.569142612758944,1.569142612758944,002570_2014-06-24_13-59-54_094959634447_rgbf000059-resize,-5.091992742533547,5.091992742533547,4.037,41.596140375002705
393442.0,2.5,-0.6327986542494326,0.6327986542494326,001810_2014-06-26_20-51-35_260595134347_rgbf000040-resize,-3.3074927425335465,3.3074927425335465,2.2525,22.411391411207674
393442.0,2.5,-0.36632159230778216,0.36632159230778216,002663_2014-06-13_15-50-26_094959634447_rgbf000075-resize,-4.227816260923496,4.227816260923496,4.7495,16.725954086732166
393442.0,2.5,-0.9594143092950116,0.9594143092950116,000409_2014-06-04_19-23-33_260595134347_rgbf000067-resize,-4.3380137477878185,4.3380137477878185,3.7335,12.696549983566419
393442.0,2.5,-0.03277747504015005,0.03277747504015005,002875_2014-06-01_15-19-00_094959634447_rgbf000151-resize,-2.5720137477878184,2.5720137477878184,1.9675,11.625680938349673
393442.0,2.5,-0.18847701598496414,0.18847701598496414,001092_2014-06-15_17-34-58_260595134347_rgbf000171-resize,-3.072774250414953,3.072774250414953,2.6935,9.164038324933468
393442.0,2.5,-0.19662597037008636,0.19662597037008636,001167_2014-06-17_15-38-07_260595134347_rgbf000108-resize,-2.6802532451606824,2.6802532451606824,1.8505,12.019050657019696
393442.0,2.5,-0.3881608667552388,0.3881608667552388,003587_2014-05-23_16-48-02_094959634447_rgbf002384-resize,-2.637232239906411,2.637232239906411,1.357,20.788172722830538
421425.0,2.5,-0.4219673402251003,0.4219673402251003,001808_2014-06-26_20-50-58_260595134347_rgbf000029-resize,-4.0455790731355785,4.0455790731355785,4.249,20.030651550568866
421425.0,2.5,-0.262331600875428,0.262331600875428,001815_2014-06-26_20-52-55_260595134347_rgbf000020-resize,-3.4760052078203465,3.4760052078203465,3.3865,18.626322656731816
421425.0,2.5,-0.05834371274003105,0.05834371274003105,000677_2014-06-08_23-10-32_260595134347_rgbf000158-resize,-3.3525790731355785,3.3525790731355785,3.556,19.65196273325612
421425.0,2.5,-0.6195204365427298,0.6195204365427298,001417_2014-06-19_16-25-36_260595134347_rgbf000115-resize,-4.4220790731355795,4.4220790731355795,4.6255,49.17091269608214
421425.0,2.5,-0.53832875535904,0.53832875535904,003081_2014-06-15_15-19-16_094959634447_rgbf000150-resize,-4.002005207820346,4.002005207820346,3.9125,16.632991649560594
421425.0,2.5,-0.7934900147293587,0.7934900147293587,000682_2014-06-08_23-14-58_260595134347_rgbf000041-resize,-3.6922836118746503,3.6922836118746503,2.7239999999999998,8.707843071693064
421425.0,2.5,-0.6805534136858549,0.6805534136858549,001650_2014-06-20_12-09-00_260595134347_rgbf000087-resize,-3.2117097465594173,3.2117097465594173,1.9505,47.6804595860539
421425.0,2.5,-1.025783805768299,1.025783805768299,000556_2014-06-09_22-42-56_260595134347_rgbf000214-resize,-4.931005207820347,4.931005207820347,4.8415,23.88242025565649
421425.0,2.5,-0.3083677509747178,0.3083677509747178,001150_2014-06-17_15-27-34_260595134347_rgbf000108-resize,-3.8290790731355786,3.8290790731355786,4.0325,11.088139074292139
421425.0,2.5,-0.6752921166283272,0.6752921166283272,000665_2014-06-09_20-42-35_260595134347_rgbf000110-resize,-3.7323574771898818,3.7323574771898818,3.057,18.49880761375764
421425.0,2.5,-0.30049710968715604,0.30049710968715604,002375_2014-06-28_20-13-44_260595134347_rgbf000032-resize,-3.8140790731355785,3.8140790731355785,4.0175,48.76103649676905
421425.0,2.5,-0.3603281863383973,0.3603281863383973,002568_2014-06-24_13-59-21_094959634447_rgbf000062-resize,-3.3974313425051146,3.3974313425051146,3.015,29.63840999388049
421425.0,2.5,-0.2479020918482347,0.2479020918482347,000788_2014-06-08_22-34-36_260595134347_rgbf000131-resize,-3.448505207820346,3.448505207820346,3.359,21.46386213810664
421425.0,2.5,-0.6990281164128733,0.6990281164128733,001235_2014-06-17_16-37-36_260595134347_rgbf000084-resize,-4.042931342505113,4.042931342505113,3.6605,14.547706659434104
421425.0,2.5,-0.26023276319873984,0.26023276319873984,000780_2014-06-08_22-28-29_260595134347_rgbf000126-resize,-3.4720052078203465,3.4720052078203465,3.3825,14.165390776882042
421425.0,2.5,-0.6178506380949953,0.6178506380949953,000470_2014-06-09_19-42-40_260595134347_rgbf000094-resize,-3.0922097465594174,3.0922097465594174,1.831,22.486379427626872
421425.0,2.5,-0.3678265998603199,0.3678265998603199,000109_2014-05-14_23-41-52_260595134347_rgbf000035-resize,-2.6157097465594177,2.6157097465594177,1.3545,6.620498200896815
421425.0,2.5,-0.3426405477401417,0.3426405477401417,002509_2014-06-24_13-19-22_094959634447_rgbf000077-resize,-2.5677097465594176,2.5677097465594176,1.3065,40.21868783296904
421425.0,2.5,-0.8168537867482661,0.8168537867482661,000469_2014-06-09_19-42-10_260595134347_rgbf000081-resize,-3.206135881244185,3.206135881244185,1.652,25.13136208408983
421425.0,2.5,-0.651570319709604,0.651570319709604,000483_2014-06-09_20-41-45_260595134347_rgbf000116-resize,-2.891135881244185,2.891135881244185,1.337,29.232414989368262
421425.0,2.5,-0.8373174540959143,0.8373174540959143,002964_2014-06-08_17-46-11_094959634447_rgbf000091-resize,-3.2451358812441846,3.2451358812441846,1.6909999999999998,28.953812917975768
421425.0,2.5,-0.34640918386456554,0.34640918386456554,002103_2014-06-25_20-00-40_260595134347_rgbf000049-resize,-3.9015790731355793,3.9015790731355793,4.105,11.598018874569219
421425.0,2.5,-0.5761220364051243,0.5761220364051243,000929_2014-06-09_16-33-19_260595134347_rgbf000139-resize,-3.5433574771898817,3.5433574771898817,2.8680000000000003,19.501338012209015
421425.0,2.5,-0.6929939580924118,0.6929939580924118,000457_2014-06-08_16-52-43_260595134347_rgbf000199-resize,-4.0314313425051145,4.0314313425051145,3.6489999999999996,14.067279821032837
421425.0,2.5,-0.0447012678415957,0.0447012678415957,001584_2014-06-20_11-07-43_260595134347_rgbf000002-resize,-3.3265790731355787,3.3265790731355787,3.53,17.602834139105468
421425.0,2.5,-0.7393716958507642,0.7393716958507642,002279_2014-06-28_18-55-32_260595134347_rgbf000040-resize,-3.0584692145774848,3.0584692145774848,1.5043333333333,15.963772282558683
421425.0,2.5,-0.7788123538584169,0.7788123538584169,002344_2014-06-28_20-06-29_260595134347_rgbf000030-resize,-3.133635881244185,3.133635881244185,1.5795,37.33165518125916
421425.0,2.5,-0.33017159760193393,0.33017159760193393,000549_2014-06-08_22-10-24_260595134347_rgbf000247-resize,-2.8092836118746494,2.8092836118746494,1.841,30.99307977870557
421425.0,2.5,-0.3297567612388104,0.3297567612388104,000736_2014-06-08_18-24-15_260595134347_rgbf000206-resize,-3.604505207820347,3.604505207820347,3.515,33.408170606136416
421425.0,2.5,-0.17902687914921314,0.17902687914921314,000137_2014-05-20_17-04-49_260595134347_rgbf000120-resize,-3.5825790731355784,3.5825790731355784,3.786,14.89611111351161
421425.0,2.5,-0.236744915257954,0.236744915257954,002425_2014-06-28_20-27-29_260595134347_rgbf000031-resize,-3.6925790731355783,3.6925790731355783,3.8960000000000004,8.40495801096819
421425.0,2.5,-0.997353826942874,0.997353826942874,002199_2014-06-28_18-33-56_260595134347_rgbf000074-resize,-3.5501358812441848,3.5501358812441848,1.996,17.12852126070164
421425.0,2.5,-0.13615318843077914,0.13615318843077914,002905_2014-06-03_18-04-43_094959634447_rgbf000151-resize,-2.704857477189882,2.704857477189882,2.0295,12.020604335789361
421425.0,2.5,-0.19370454002016624,0.19370454002016624,003129_2014-05-12_10-48-10_094959634447_rgbf000100-resize,-4.141226803766044,4.141226803766044,4.9305,17.9074543760639
421425.0,2.5,-0.7549238724203435,0.7549238724203435,001214_2014-06-17_16-13-55_260595134347_rgbf000111-resize,-3.6187836118746497,3.6187836118746497,2.6505,18.479282579459067
421425.0,2.5,-0.5471531452947047,0.5471531452947047,002272_2014-06-28_18-53-56_260595134347_rgbf000067-resize,-2.6921358812441847,2.6921358812441847,1.138,10.409245808146235
421425.0,2.5,-1.374205062963251,1.374205062963251,002444_2014-06-28_20-32-08_260595134347_rgbf000027-resize,-5.06435747718988,5.06435747718988,4.388999999999999,17.102760279009576
421425.0,2.5,-0.40229073700620455,0.40229073700620455,001133_2014-06-17_14-49-16_260595134347_rgbf000100-resize,-4.008079073135579,4.008079073135579,4.2115,26.759918254713728
421425.0,2.5,-0.7475637376861264,0.7475637376861264,001132_2014-06-17_14-48-54_260595134347_rgbf000100-resize,-4.1354313425051155,4.1354313425051155,3.753,14.398279213278778
421425.0,2.5,-0.02883590934461606,0.02883590934461606,003070_2014-06-15_14-58-27_094959634447_rgbf000150-resize,-3.0310052078203467,3.0310052078203467,2.9415,10.664823740812926
421425.0,2.5,-0.10834358921474507,0.10834358921474507,000943_2014-06-09_19-31-07_260595134347_rgbf000128-resize,-2.651857477189882,2.651857477189882,1.9765,15.893099149291922
421425.0,2.5,-0.3064213949515606,0.3064213949515606,001164_2014-06-17_15-35-46_260595134347_rgbf000085-resize,-3.029357477189882,3.029357477189882,2.354,17.325668807481115
421425.0,2.5,-0.05010084368683732,0.05010084368683732,001136_2014-06-17_15-19-41_260595134347_rgbf000076-resize,-2.5408574771898818,2.5408574771898818,1.8655,18.667799879387072
421425.0,2.5,-0.38565251724628347,0.38565251724628347,002153_2014-06-25_21-27-18_260595134347_rgbf000038-resize,-3.1803574771898817,3.1803574771898817,2.505,17.28886317575377
421425.0,2.5,-0.3617640358082122,0.3617640358082122,002660_2014-06-13_15-44-18_094959634447_rgbf001878-resize,-3.6655052078203463,3.6655052078203463,3.576,15.11997681444361
421425.0,2.5,-0.04981008324560116,0.04981008324560116,000734_2014-06-08_17-39-11_260595134347_rgbf000128-resize,-3.601652938450811,3.601652938450811,4.098,16.052231618370055
421425.0,2.5,-0.31560380978704505,0.31560380978704505,000522_2014-06-08_13-35-06_260595134347_rgbf000244-resize,-3.046857477189882,3.046857477189882,2.3715,25.742609854068213
421425.0,2.5,-0.06374328858526945,0.06374328858526945,002949_2014-06-26_15-57-42_094959634447_rgbf000079-resize,-2.566857477189882,2.566857477189882,1.8915,17.99500168321199
421425.0,2.5,-0.8068843077840345,0.8068843077840345,001555_2014-06-20_17-12-10_260595134347_rgbf000065-resize,-3.187135881244185,3.187135881244185,1.633,7.608284543781994
421425.0,2.5,-0.6982694580157653,0.6982694580157653,003534_2014-05-22_15-06-10_094959634447_rgbf000102-resize,-2.980135881244185,2.980135881244185,1.426,12.376994007247625
421425.0,2.5,-0.2333627097649985,0.2333627097649985,001016_2014-06-09_16-16-10_260595134347_rgbf000112-resize,-2.624783611874649,2.624783611874649,1.6565,7.049977084494088
421425.0,2.5,-0.6331912871728145,0.6331912871728145,001059_2014-06-08_21-53-27_260595134347_rgbf000061-resize,-3.386783611874649,3.386783611874649,2.4185,8.755513319222857
421425.0,2.5,-1.0812931311443013,1.0812931311443013,001032_2014-06-08_13-23-17_260595134347_rgbf000021-resize,-4.240783611874649,4.240783611874649,3.2725,15.984983178828962
421425.0,2.5,-0.01925286101183679,0.01925286101183679,003292_2014-05-14_21-53-49_094959634447_rgbf000100-resize,-3.2780790731355784,3.2780790731355784,3.4815,33.084282711345374
421425.0,2.5,-0.8355766413190481,0.8355766413190481,000447_2014-06-08_16-15-46_260595134347_rgbf000130-resize,-4.568505207820347,4.568505207820347,4.479,19.081432914605553
421425.0,2.5,-1.2423718213966892,1.2423718213966892,001447_2014-06-19_17-00-32_260595134347_rgbf000082-resize,-4.813107477189881,4.813107477189881,4.13775,46.830399423560245
421425.0,2.5,-0.3300049130825681,0.3300049130825681,000742_2014-06-08_18-48-09_260595134347_rgbf000164-resize,-4.135652938450811,4.135652938450811,4.632,18.91549953899407
421425.0,2.5,-0.4315787942895177,0.4315787942895177,002549_2014-06-24_13-41-39_094959634447_rgbf000022-resize,-2.7372097465594174,2.7372097465594174,1.476,4.1736441355391865
421425.0,2.5,-0.3468240202276771,0.3468240202276771,000502_2014-06-08_23-02-32_260595134347_rgbf000063-resize,-3.106357477189882,3.106357477189882,2.431,13.897287578908273
421425.0,2.5,-0.07211023356033425,0.07211023356033425,003083_2014-06-15_15-21-03_094959634447_rgbf000063-resize,-3.6441529384508113,3.6441529384508113,4.1405,19.172834459547143
421425.0,2.5,-0.7969006259539724,0.7969006259539724,001806_2014-06-26_20-50-20_260595134347_rgbf000091-resize,-3.6987836118746498,3.6987836118746498,2.7305,13.909869710567438
421425.0,2.5,-0.3220101958731345,0.3220101958731345,000506_2014-06-08_23-21-00_260595134347_rgbf000070-resize,-3.8550790731355793,3.8550790731355793,4.0585,16.716212007621664
421425.0,2.5,-0.39680969383656817,0.39680969383656817,003228_2014-05-14_13-42-35_094959634447_rgbf000101-resize,-2.9362836118746496,2.9362836118746496,1.9680000000000002,14.40337638638131
421425.0,2.5,-0.5405871761221622,0.5405871761221622,002763_2014-06-22_19-13-10_094959634447_rgbf000075-resize,-2.9449597465594177,2.9449597465594177,1.68375,5.5919783591245595
421425.0,2.5,-0.7364349668274979,0.7364349668274979,002209_2014-06-28_18-36-10_260595134347_rgbf000051-resize,-3.3182097465594174,3.3182097465594174,2.057,12.962068825921264
421425.0,2.5,-0.7247246750863987,0.7247246750863987,001828_2014-06-26_21-40-03_260595134347_rgbf000024-resize,-4.622579073135579,4.622579073135579,4.8260000000000005,35.55232951340613
421425.0,2.5,-0.18376346678757488,0.18376346678757488,000927_2014-06-09_16-32-30_260595134347_rgbf000123-resize,-3.0609313425051146,3.0609313425051146,2.6785,11.715239650325241
421425.0,2.5,-0.6036550780457438,0.6036550780457438,002570_2014-06-24_13-59-54_094959634447_rgbf000059-resize,-4.126505207820347,4.126505207820347,4.037,41.596140375002705
421425.0,2.5,-0.680649083876079,0.680649083876079,002467_2014-06-28_20-38-07_260595134347_rgbf000026-resize,-4.538579073135579,4.538579073135579,4.742,15.331046216195933
421425.0,2.5,-1.1319417929600708,1.1319417929600708,001810_2014-06-26_20-51-35_260595134347_rgbf000040-resize,-3.806635881244185,3.806635881244185,2.2525,22.411391411207674
421425.0,2.5,-0.15147963464277228,0.15147963464277228,000409_2014-06-04_19-23-33_260595134347_rgbf000067-resize,-3.5300790731355787,3.5300790731355787,3.7335,12.696549983566419
421425.0,2.5,-0.7774863774446603,0.7774863774446603,001092_2014-06-15_17-34-58_260595134347_rgbf000171-resize,-3.6617836118746494,3.6617836118746494,2.6935,9.164038324933468
421425.0,2.5,-0.9210086064535888,0.9210086064535888,001167_2014-06-17_15-38-07_260595134347_rgbf000108-resize,-3.404635881244185,3.404635881244185,1.8505,12.019050657019696
421425.0,2.5,-0.3691383734082448,0.3691383734082448,003587_2014-05-23_16-48-02_094959634447_rgbf002384-resize,-2.6182097465594167,2.6182097465594167,1.357,20.788172722830538
831052.0,2.5,-0.4217329157508379,0.4217329157508379,001808_2014-06-26_20-50-58_260595134347_rgbf000029-resize,-4.045344648661317,4.045344648661317,4.249,20.030651550568866
831052.0,2.5,-0.10979244111949403,0.10979244111949403,001029_2014-06-08_13-17-57_260595134347_rgbf000065-resize,-3.1794530020730347,3.1794530020730347,3.0835,18.209734661918688
831052.0,2.5,-0.006423235673811867,0.006423235673811867,001516_2014-06-20_16-25-09_260595134347_rgbf000076-resize,-2.4396697088964707,2.4396697088964707,1.7445,3.8622659094666254
831052.0,2.5,-0.22076775833946186,0.22076775833946186,000682_2014-06-08_23-14-58_260595134347_rgbf000041-resize,-3.1195613554847528,3.1195613554847528,2.7239999999999998,8.707843071693064
831052.0,2.5,-0.4623949959983,0.4623949959983,001244_2014-06-17_16-47-45_260595134347_rgbf000030-resize,-3.0372780623081894,3.0372780623081894,2.0425,6.7629638807870815
831052.0,2.5,-0.2435911682042564,0.2435911682042564,003495_2014-05-21_16-01-51_094959634447_rgbf000100-resize,-2.620278062308189,2.620278062308189,1.6255,12.747278812179
831052.0,2.5,-0.13340653978583272,0.13340653978583272,000556_2014-06-09_22-42-56_260595134347_rgbf000214-resize,-4.03862794183788,4.03862794183788,4.8415,23.88242025565649
831052.0,2.5,-0.09588764151148008,0.09588764151148008,000665_2014-06-09_20-42-35_260595134347_rgbf000110-resize,-3.1529530020730347,3.1529530020730347,3.057,18.49880761375764
831052.0,2.5,-1.4986960988597666,1.4986960988597666,002375_2014-06-28_20-13-44_260595134347_rgbf000032-resize,-5.012278062308189,5.012278062308189,4.0175,48.76103649676905
831052.0,2.5,-0.3734581993180357,0.3734581993180357,002568_2014-06-24_13-59-21_094959634447_rgbf000062-resize,-3.4105613554847527,3.4105613554847527,3.015,29.63840999388049
831052.0,2.5,-0.8535665929243593,0.8535665929243593,000788_2014-06-08_22-34-36_260595134347_rgbf000131-resize,-4.054169708896471,4.054169708896471,3.359,21.46386213810664
831052.0,2.5,-0.4125497759807936,0.4125497759807936,001235_2014-06-17_16-37-36_260595134347_rgbf000084-resize,-3.7564530020730342,3.7564530020730342,3.6605,14.547706659434104
831052.0,2.5,-0.4052045690469562,0.4052045690469562,001094_2014-06-15_17-36-00_260595134347_rgbf000205-resize,-4.013844648661316,4.013844648661316,4.2175,17.196771274488466
831052.0,2.5,-0.6510273072554853,0.6510273072554853,000470_2014-06-09_19-42-40_260595134347_rgbf000094-resize,-3.1253864157199067,3.1253864157199067,1.831,22.486379427626872
831052.0,2.5,-0.40100326902080985,0.40100326902080985,000109_2014-05-14_23-41-52_260595134347_rgbf000035-resize,-2.6488864157199075,2.6488864157199075,1.3545,6.620498200896815
831052.0,2.5,-0.37581721690063175,0.37581721690063175,002509_2014-06-24_13-19-22_094959634447_rgbf000077-resize,-2.6008864157199074,2.6008864157199074,1.3065,40.21868783296904
831052.0,2.5,-0.5786174074099795,0.5786174074099795,003338_2014-05-20_11-01-23_094959634447_rgbf000051-resize,-2.9873864157199077,2.9873864157199077,1.693,28.251495663089063
831052.0,2.5,-0.6372099592173499,0.6372099592173499,002784_2014-06-22_19-26-30_094959634447_rgbf000083-resize,-3.099053082386608,3.099053082386608,1.8046666666667,3.0422522474895675
831052.0,2.5,-0.8656334596961675,0.8656334596961675,001100_2014-06-15_17-46-26_260595134347_rgbf000225-resize,-3.5343864157199083,3.5343864157199083,2.24,9.548860596737413
831052.0,2.5,-0.25749596781227035,0.25749596781227035,000469_2014-06-09_19-42-10_260595134347_rgbf000081-resize,-2.646778062308189,2.646778062308189,1.652,25.13136208408983
831052.0,2.5,-0.0922125007736082,0.0922125007736082,000483_2014-06-09_20-41-45_260595134347_rgbf000116-resize,-2.331778062308189,2.331778062308189,1.337,29.232414989368262
831052.0,2.5,-0.5775679885716367,0.5775679885716367,002964_2014-06-08_17-46-11_094959634447_rgbf000091-resize,-2.9853864157199075,2.9853864157199075,1.6909999999999998,28.953812917975768
831052.0,2.5,-0.4175323406592315,0.4175323406592315,002136_2014-06-25_21-18-03_260595134347_rgbf000109-resize,-2.9517780623081893,2.9517780623081893,1.9569999999999999,13.297078442475444
831052.0,2.5,-0.07175245809876385,0.07175245809876385,000691_2014-06-08_13-08-50_260595134347_rgbf000132-resize,-3.6497362952495984,3.6497362952495984,4.1530000000000005,14.740846212587924
831052.0,2.5,-0.29632591469999525,0.29632591469999525,000929_2014-06-09_16-33-19_260595134347_rgbf000139-resize,-3.2635613554847525,3.2635613554847525,2.8680000000000003,19.501338012209015
831052.0,2.5,-0.10690726424861366,0.10690726424861366,000457_2014-06-08_16-52-43_260595134347_rgbf000199-resize,-3.4453446486613166,3.4453446486613166,3.6489999999999996,14.067279821032837
831052.0,2.5,-0.4796222303264866,0.4796222303264866,002279_2014-06-28_18-55-32_260595134347_rgbf000040-resize,-2.798719749053207,2.798719749053207,1.5043333333333,15.963772282558683
831052.0,2.5,-0.5190628883341393,0.5190628883341393,002344_2014-06-28_20-06-29_260595134347_rgbf000030-resize,-2.8738864157199067,2.8738864157199067,1.5795,37.33165518125916
831052.0,2.5,-0.6562744014471917,0.6562744014471917,000549_2014-06-08_22-10-24_260595134347_rgbf000247-resize,-3.1353864157199074,3.1353864157199074,1.841,30.99307977870557
831052.0,2.5,-0.17879245467495078,0.17879245467495078,000137_2014-05-20_17-04-49_260595134347_rgbf000120-resize,-3.5823446486613166,3.5823446486613166,3.786,14.89611111351161
831052.0,2.5,-0.3034094918587995,0.3034094918587995,000642_2014-06-08_16-59-25_260595134347_rgbf000098-resize,-3.2770613554847525,3.2770613554847525,2.8815,31.36214301237791
831052.0,2.5,-0.7376043614185963,0.7376043614185963,002199_2014-06-28_18-33-56_260595134347_rgbf000074-resize,-3.2903864157199068,3.2903864157199068,1.996,17.12852126070164
831052.0,2.5,-0.4883681122472338,0.4883681122472338,000878_2014-06-08_22-52-45_260595134347_rgbf000045-resize,-3.086778062308189,3.086778062308189,2.092,5.576511521775202
831052.0,2.5,-0.2045003164760646,0.2045003164760646,002953_2014-06-08_17-32-18_094959634447_rgbf000059-resize,-2.545778062308189,2.545778062308189,1.551,13.905027931093345
831052.0,2.5,-0.15596542013736847,0.15596542013736847,002905_2014-06-03_18-04-43_094959634447_rgbf000151-resize,-2.7246697088964718,2.7246697088964718,2.0295,12.020604335789361
831052.0,2.5,-0.1706565589395811,0.1706565589395811,000810_2014-06-08_17-20-01_260595134347_rgbf000105-resize,-2.4812780623081894,2.4812780623081894,1.4865,3.0958890116960642
831052.0,2.5,-0.7814183228538831,0.7814183228538831,001214_2014-06-17_16-13-55_260595134347_rgbf000111-resize,-3.6452780623081886,3.6452780623081886,2.6505,18.479282579459067
831052.0,2.5,-0.28740367977042713,0.28740367977042713,002272_2014-06-28_18-53-56_260595134347_rgbf000067-resize,-2.4323864157199075,2.4323864157199075,1.138,10.409245808146235
831052.0,2.5,-0.3666355269997127,0.3666355269997127,001571_2014-06-20_17-21-32_260595134347_rgbf000089-resize,-2.8547780623081893,2.8547780623081893,1.86,4.991960350191473
831052.0,2.5,-0.10244795912022432,0.10244795912022432,001133_2014-06-17_14-49-16_260595134347_rgbf000100-resize,-3.7082362952495984,3.7082362952495984,4.2115,26.759918254713728
831052.0,2.5,-0.4610853972540466,0.4610853972540466,001132_2014-06-17_14-48-54_260595134347_rgbf000100-resize,-3.8489530020730354,3.8489530020730354,3.753,14.398279213278778
831052.0,2.5,-0.03528370359730423,0.03528370359730423,003070_2014-06-15_14-58-27_094959634447_rgbf000150-resize,-3.0374530020730353,3.0374530020730353,2.9415,10.664823740812926
831052.0,2.5,-0.4277641743330525,0.4277641743330525,000943_2014-06-09_19-31-07_260595134347_rgbf000128-resize,-2.9712780623081887,2.9712780623081887,1.9765,15.893099149291922
831052.0,2.5,-0.3367270901069971,0.3367270901069971,000709_2014-06-08_13-51-55_260595134347_rgbf000068-resize,-2.7977780623081885,2.7977780623081885,1.8030000000000002,14.429351101546246
831052.0,2.5,-1.000484505357504,1.000484505357504,000854_2014-06-09_19-43-13_260595134347_rgbf000066-resize,-4.0627780623081895,4.0627780623081895,3.068,11.910827625938722
831052.0,2.5,-0.3262336266581499,0.3262336266581499,001164_2014-06-17_15-35-46_260595134347_rgbf000085-resize,-3.0491697088964718,3.0491697088964718,2.354,17.325668807481115
831052.0,2.5,-0.06991307539342663,0.06991307539342663,001136_2014-06-17_15-19-41_260595134347_rgbf000076-resize,-2.5606697088964707,2.5606697088964707,1.8655,18.667799879387072
831052.0,2.5,-0.10585639554115443,0.10585639554115443,002153_2014-06-25_21-27-18_260595134347_rgbf000038-resize,-2.9005613554847525,2.9005613554847525,2.505,17.28886317575377
831052.0,2.5,-0.3682118300609004,0.3682118300609004,002660_2014-06-13_15-44-18_094959634447_rgbf001878-resize,-3.6719530020730353,3.6719530020730353,3.576,15.11997681444361
831052.0,2.5,-0.6457823878674561,0.6457823878674561,000739_2014-06-08_18-45-58_260595134347_rgbf000068-resize,-3.929561355484752,3.929561355484752,3.534,8.164356963721069
831052.0,2.5,-0.9417185002795428,0.9417185002795428,000734_2014-06-08_17-39-11_260595134347_rgbf000128-resize,-4.493561355484752,4.493561355484752,4.098,16.052231618370055
831052.0,2.5,-0.9346327483170708,0.9346327483170708,000522_2014-06-08_13-35-06_260595134347_rgbf000244-resize,-3.6658864157199087,3.6658864157199087,2.3715,25.742609854068213
831052.0,2.5,-0.6827722271152951,0.6827722271152951,002949_2014-06-26_15-57-42_094959634447_rgbf000079-resize,-3.1858864157199074,3.1858864157199074,1.8915,17.99500168321199
831052.0,2.5,-0.17905408444998447,0.17905408444998447,000866_2014-06-09_20-45-42_260595134347_rgbf000139-resize,-3.3114530020730353,3.3114530020730353,3.2155,8.082259189449621
831052.0,2.5,-0.547134842259757,0.547134842259757,001555_2014-06-20_17-12-10_260595134347_rgbf000065-resize,-2.927386415719908,2.927386415719908,1.633,7.608284543781994
831052.0,2.5,-0.43851999249148776,0.43851999249148776,003534_2014-05-22_15-06-10_094959634447_rgbf000102-resize,-2.720386415719908,2.720386415719908,1.426,12.376994007247625
831052.0,2.5,-0.8016225352301688,0.8016225352301688,000773_2014-06-08_22-24-54_260595134347_rgbf000093-resize,-4.769344648661317,4.769344648661317,4.973,21.45352631724976
831052.0,2.5,-0.06046903078291765,0.06046903078291765,001059_2014-06-08_21-53-27_260595134347_rgbf000061-resize,-2.8140613554847524,2.8140613554847524,2.4185,8.755513319222857
831052.0,2.5,-0.2089625213426863,0.2089625213426863,001032_2014-06-08_13-23-17_260595134347_rgbf000021-resize,-3.3684530020730348,3.3684530020730348,3.2725,15.984983178828962
831052.0,2.5,-0.6182351433610109,0.6182351433610109,003292_2014-05-14_21-53-49_094959634447_rgbf000100-resize,-3.8770613554847526,3.8770613554847526,3.4815,33.084282711345374
831052.0,2.5,-0.9611327487888428,0.9611327487888428,001392_2014-06-19_16-07-59_260595134347_rgbf000046-resize,-4.530561355484752,4.530561355484752,4.135,18.95235574822112
831052.0,2.5,-0.3633589928681237,0.3633589928681237,001447_2014-06-19_17-00-32_260595134347_rgbf000082-resize,-3.934094648661316,3.934094648661316,4.13775,46.830399423560245
831052.0,2.5,-0.023479916469636986,0.023479916469636986,000742_2014-06-08_18-48-09_260595134347_rgbf000164-resize,-3.82912794183788,3.82912794183788,4.632,18.91549953899407
831052.0,2.5,-0.4317002199113954,0.4317002199113954,002758_2014-06-22_19-11-20_094959634447_rgbf000128-resize,-3.2501697088964714,3.2501697088964714,2.555,7.204478276142114
831052.0,2.5,-0.16514711003828952,0.16514711003828952,002549_2014-06-24_13-41-39_094959634447_rgbf000022-resize,-2.470778062308189,2.470778062308189,1.476,4.1736441355391865
831052.0,2.5,-0.02662527324643138,0.02662527324643138,002750_2014-06-22_19-08-03_094959634447_rgbf000094-resize,-2.7495613554847527,2.7495613554847527,2.354,8.789636111124727
831052.0,2.5,-0.6662446053459845,0.6662446053459845,000502_2014-06-08_23-02-32_260595134347_rgbf000063-resize,-3.4257780623081886,3.4257780623081886,2.431,13.897287578908273
831052.0,2.5,-0.8233950763875121,0.8233950763875121,001806_2014-06-26_20-50-20_260595134347_rgbf000091-resize,-3.7252780623081887,3.7252780623081887,2.7305,13.909869710567438
831052.0,2.5,-0.5964597024654446,0.5964597024654446,000493_2014-06-09_21-01-18_260595134347_rgbf000196-resize,-3.8355613554847525,3.8355613554847525,3.44,19.629285382994567
831052.0,2.5,-0.3031478620837703,0.3031478620837703,001449_2014-06-19_17-01-27_260595134347_rgbf000116-resize,-3.5479530020730348,3.5479530020730348,3.452,8.994872108877228
831052.0,2.5,-0.2383455238816694,0.2383455238816694,002600_2014-06-24_14-27-04_094959634447_rgbf000074-resize,-3.153061355484753,3.153061355484753,2.7575,44.47386082434929
831052.0,2.5,-0.42330414427010776,0.42330414427010776,003228_2014-05-14_13-42-35_094959634447_rgbf000101-resize,-2.9627780623081885,2.9627780623081885,1.9680000000000002,14.40337638638131
831052.0,2.5,-0.3954952699886344,0.3954952699886344,000368_2014-06-09_15-53-01_260595134347_rgbf000155-resize,-3.1811697088964714,3.1811697088964714,2.4859999999999998,21.090700959072958
831052.0,2.5,-0.274155491870934,0.274155491870934,002763_2014-06-22_19-13-10_094959634447_rgbf000075-resize,-2.6785280623081893,2.6785280623081893,1.68375,5.5919783591245595
831052.0,2.5,-0.4700032825762697,0.4700032825762697,002209_2014-06-28_18-36-10_260595134347_rgbf000051-resize,-3.0517780623081894,3.0517780623081894,2.057,12.962068825921264
831052.0,2.5,-0.4248818972004185,0.4248818972004185,001828_2014-06-26_21-40-03_260595134347_rgbf000024-resize,-4.322736295249599,4.322736295249599,4.8260000000000005,35.55232951340613
831052.0,2.5,-0.2887161782529104,0.2887161782529104,001110_2014-06-15_17-25-28_260595134347_rgbf000150-resize,-2.7062780623081886,2.7062780623081886,1.7115,9.336195527413247
831052.0,2.5,-0.19689347976721328,0.19689347976721328,000927_2014-06-09_16-32-30_260595134347_rgbf000123-resize,-3.0740613554847527,3.0740613554847527,2.6785,11.715239650325241
831052.0,2.5,-0.010886165474995655,0.010886165474995655,002570_2014-06-24_13-59-54_094959634447_rgbf000059-resize,-3.5337362952495983,3.5337362952495983,4.037,41.596140375002705
831052.0,2.5,-0.08119795257838047,0.08119795257838047,002467_2014-06-28_20-38-07_260595134347_rgbf000026-resize,-3.93912794183788,3.93912794183788,4.742,15.331046216195933
831052.0,2.5,-0.572583974024075,0.572583974024075,001810_2014-06-26_20-51-35_260595134347_rgbf000040-resize,-3.2472780623081894,3.2472780623081894,2.2525,22.411391411207674
831052.0,2.5,-0.12815727079045267,0.12815727079045267,003010_2014-06-15_12-54-35_094959634447_rgbf000112-resize,-3.2144530020730353,3.2144530020730353,3.1185,6.696951333567531
831052.0,2.5,-0.7504619169919464,0.7504619169919464,000409_2014-06-04_19-23-33_260595134347_rgbf000067-resize,-4.129061355484753,4.129061355484753,3.7335,12.696549983566419
831052.0,2.5,-0.08906569412770883,0.08906569412770883,001011_2014-06-08_23-18-54_260595134347_rgbf000044-resize,-2.8685613554847533,2.8685613554847533,2.4730000000000003,11.624075606213012
831052.0,2.5,-0.4230417895605212,0.4230417895605212,002875_2014-06-01_15-19-00_094959634447_rgbf000151-resize,-2.962278062308189,2.962278062308189,1.9675,11.625680938349673
831052.0,2.5,-0.5043724744664818,0.5043724744664818,001092_2014-06-15_17-34-58_260595134347_rgbf000171-resize,-3.3886697088964715,3.3886697088964715,2.6935,9.164038324933468
831052.0,2.5,-0.09877209344779904,0.09877209344779904,002545_2014-06-24_13-38-53_094959634447_rgbf000080-resize,-2.6156697088964718,2.6156697088964718,1.9205,12.083824048628237
831052.0,2.5,-0.6612591409293112,0.6612591409293112,001167_2014-06-17_15-38-07_260595134347_rgbf000108-resize,-3.1448864157199075,3.1448864157199075,1.8505,12.019050657019696
831052.0,2.5,-0.4023150425687347,0.4023150425687347,003587_2014-05-23_16-48-02_094959634447_rgbf002384-resize,-2.6513864157199074,2.6513864157199074,1.357,20.788172722830538
799376.0,2.5,-1.0567069192746772,1.0567069192746772,001029_2014-06-08_13-17-57_260595134347_rgbf000065-resize,-4.126367480228218,4.126367480228218,3.0835,18.209734661918688
799376.0,2.5,-1.380908677669383,1.380908677669383,001417_2014-06-19_16-25-36_260595134347_rgbf000115-resize,-5.183467314262232,5.183467314262232,4.6255,49.17091269608214
799376.0,2.5,-0.3831737171169408,0.3831737171169408,000682_2014-06-08_23-14-58_260595134347_rgbf000041-resize,-3.281967314262232,3.281967314262232,2.7239999999999998,8.707843071693064
799376.0,2.5,-0.5104844139183287,0.5104844139183287,001244_2014-06-17_16-47-45_260595134347_rgbf000030-resize,-3.0853674802282183,3.0853674802282183,2.0425,6.7629638807870815
799376.0,2.5,-0.29168058612428505,0.29168058612428505,003495_2014-05-21_16-01-51_094959634447_rgbf000100-resize,-2.668367480228218,2.668367480228218,1.6255,12.747278812179
799376.0,2.5,-1.4942459122101843,1.4942459122101843,000556_2014-06-09_22-42-56_260595134347_rgbf000214-resize,-5.399467314262232,5.399467314262232,4.8415,23.88242025565649
799376.0,2.5,-0.09995566016939866,0.09995566016939866,001150_2014-06-17_15-27-34_260595134347_rgbf000108-resize,-3.6206669823302593,3.6206669823302593,4.0325,11.088139074292139
799376.0,2.5,-0.0920850188818369,0.0920850188818369,002375_2014-06-28_20-13-44_260595134347_rgbf000032-resize,-3.60566698233026,3.60566698233026,4.0175,48.76103649676905
799376.0,2.5,-1.0207643240615007,1.0207643240615007,002568_2014-06-24_13-59-21_094959634447_rgbf000062-resize,-4.057867480228219,4.057867480228219,3.015,29.63840999388049
799376.0,2.5,-0.7163641982901201,0.7163641982901201,000788_2014-06-08_22-34-36_260595134347_rgbf000131-resize,-3.9169673142622323,3.9169673142622323,3.359,21.46386213810664
799376.0,2.5,-1.3594642541359767,1.3594642541359767,001235_2014-06-17_16-37-36_260595134347_rgbf000084-resize,-4.703367480228218,4.703367480228218,3.6605,14.547706659434104
799376.0,2.5,-1.166827234647872,1.166827234647872,001094_2014-06-15_17-36-00_260595134347_rgbf000205-resize,-4.775467314262231,4.775467314262231,4.2175,17.196771274488466
799376.0,2.5,-0.7286948696406251,0.7286948696406251,000780_2014-06-08_22-28-29_260595134347_rgbf000126-resize,-3.940467314262232,3.940467314262232,3.3825,14.165390776882042
799376.0,2.5,-0.6141145242044779,0.6141145242044779,001100_2014-06-15_17-46-26_260595134347_rgbf000225-resize,-3.2828674802282185,3.2828674802282185,2.24,9.548860596737413
799376.0,2.5,-0.30558538573229904,0.30558538573229904,000469_2014-06-09_19-42-10_260595134347_rgbf000081-resize,-2.694867480228217,2.694867480228217,1.652,25.13136208408983
799376.0,2.5,-0.32604905307994714,0.32604905307994714,002964_2014-06-08_17-46-11_094959634447_rgbf000091-resize,-2.7338674802282177,2.7338674802282177,1.6909999999999998,28.953812917975768
799376.0,2.5,-0.29698404706786524,0.29698404706786524,002039_2014-06-24_20-22-38_260595134347_rgbf000084-resize,-3.9961669823302595,3.9961669823302595,4.408,15.524303639345458
799376.0,2.5,-1.3382135226595766,1.3382135226595766,002213_2014-06-28_18-37-58_260595134347_rgbf000055-resize,-4.6628674802282175,4.6628674802282175,3.62,11.387296889913552
799376.0,2.5,-0.8685299298495291,0.8685299298495291,000457_2014-06-08_16-52-43_260595134347_rgbf000199-resize,-4.206967314262232,4.206967314262232,3.6489999999999996,14.067279821032837
799376.0,2.5,-1.0440452305620171,1.0440452305620171,003621_2014-05-23_18-06-08_094959634447_rgbf000101-resize,-4.541467314262231,4.541467314262231,3.9835,23.07176470133362
799376.0,2.5,-1.3510689034292458,1.3510689034292458,003490_2014-05-21_15-50-11_094959634447_rgbf000101-resize,-4.687367480228218,4.687367480228218,3.6445,19.999457360175192
799376.0,2.5,-0.2281032948347971,0.2281032948347971,002279_2014-06-28_18-55-32_260595134347_rgbf000040-resize,-2.5472008135615183,2.5472008135615183,1.5043333333333,15.963772282558683
799376.0,2.5,-0.04211259465621253,0.04211259465621253,000635_2014-06-08_16-38-42_260595134347_rgbf000106-resize,-2.631967314262232,2.631967314262232,2.074,10.796976226722654
799376.0,2.5,-1.0545394189454202,1.0545394189454202,003048_2014-06-15_13-49-43_094959634447_rgbf000150-resize,-4.561467314262232,4.561467314262232,4.0035,24.355606534500392
799376.0,2.5,-0.2283844384616841,0.2283844384616841,001055_2014-06-08_18-45-35_260595134347_rgbf000111-resize,-2.986967314262232,2.986967314262232,2.4290000000000003,8.406298609581565
799376.0,2.5,-0.4658154506362785,0.4658154506362785,000642_2014-06-08_16-59-25_260595134347_rgbf000098-resize,-3.4394673142622323,3.4394673142622323,2.8815,31.36214301237791
799376.0,2.5,-0.9981331563846072,0.9981331563846072,002425_2014-06-28_20-27-29_260595134347_rgbf000031-resize,-4.453967314262232,4.453967314262232,3.8960000000000004,8.40495801096819
799376.0,2.5,-0.0011852599609206704,0.0011852599609206704,002199_2014-06-28_18-33-56_260595134347_rgbf000074-resize,-2.553967314262232,2.553967314262232,1.996,17.12852126070164
799376.0,2.5,-0.18076091072163294,0.18076091072163294,000917_2014-06-09_22-45-29_260595134347_rgbf000149-resize,-3.774666982330259,3.774666982330259,4.1865,9.740561609074897
799376.0,2.5,-0.9115561022214964,0.9115561022214964,002323_2014-06-28_20-01-54_260595134347_rgbf000051-resize,-4.288967314262232,4.288967314262232,3.7310000000000003,18.09172628388976
799376.0,2.5,-0.051557364201276434,0.051557364201276434,000878_2014-06-08_22-52-45_260595134347_rgbf000045-resize,-2.649967314262232,2.649967314262232,2.092,5.576511521775202
799376.0,2.5,-0.2525897343960932,0.2525897343960932,002953_2014-06-08_17-32-18_094959634447_rgbf000059-resize,-2.5938674802282176,2.5938674802282176,1.551,13.905027931093345
799376.0,2.5,-0.6631061922443297,0.6631061922443297,003423_2014-05-21_10-23-26_094959634447_rgbf002665-resize,-3.815467314262232,3.815467314262232,3.2575,35.43119222475438
799376.0,2.5,-2.025845216482341,2.025845216482341,003129_2014-05-12_10-48-10_094959634447_rgbf000100-resize,-5.973367480228218,5.973367480228218,4.9305,17.9074543760639
799376.0,2.5,-0.0004545625840424172,0.0004545625840424172,002988_2014-06-15_12-24-20_094959634447_rgbf000150-resize,-3.870266816364274,3.870266816364274,4.7669999999999995,14.460306569198616
799376.0,2.5,-0.3446075748079257,0.3446075748079257,001214_2014-06-17_16-13-55_260595134347_rgbf000111-resize,-3.208467314262232,3.208467314262232,2.6505,18.479282579459067
799376.0,2.5,-2.37432093346402,2.37432093346402,002748_2014-06-22_19-07-22_094959634447_rgbf000078-resize,-6.198267646194204,6.198267646194204,4.6705,35.71435075733748
799376.0,2.5,-1.5745951159958236,1.5745951159958236,000436_2014-06-09_22-25-11_260595134347_rgbf000137-resize,-5.113367480228217,5.113367480228217,4.0705,20.69156545677159
799376.0,2.5,-1.741715066001587,1.741715066001587,002444_2014-06-28_20-32-08_260595134347_rgbf000027-resize,-5.431867480228217,5.431867480228217,4.388999999999999,17.102760279009576
799376.0,2.5,-0.9955782719413268,0.9955782719413268,002057_2014-06-24_21-00-13_260595134347_rgbf000120-resize,-4.009867480228219,4.009867480228219,2.967,10.990036854719376
799376.0,2.5,-0.26826235431863343,0.26826235431863343,002153_2014-06-25_21-27-18_260595134347_rgbf000038-resize,-3.0629673142622322,3.0629673142622322,2.505,17.28886317575377
799376.0,2.5,-1.3151263082160836,1.3151263082160836,002660_2014-06-13_15-44-18_094959634447_rgbf001878-resize,-4.618867480228218,4.618867480228218,3.576,15.11997681444361
799376.0,2.5,-1.1563330462644696,1.1563330462644696,002989_2014-06-15_12-25-03_094959634447_rgbf000150-resize,-4.755467314262232,4.755467314262232,4.1975,27.906783421951957
799376.0,2.5,-0.6410683966391816,0.6410683966391816,000866_2014-06-09_20-45-42_260595134347_rgbf000139-resize,-3.7734673142622324,3.7734673142622324,3.2155,8.082259189449621
799376.0,2.5,-0.1870010569997982,0.1870010569997982,003534_2014-05-22_15-06-10_094959634447_rgbf000102-resize,-2.4688674802282176,2.4688674802282176,1.426,12.376994007247625
799376.0,2.5,-0.30794657811856674,0.30794657811856674,001016_2014-06-09_16-16-10_260595134347_rgbf000112-resize,-2.6993674802282177,2.6993674802282177,1.6565,7.049977084494088
799376.0,2.5,-0.5934448688991121,0.5934448688991121,000773_2014-06-08_22-24-54_260595134347_rgbf000093-resize,-4.561166982330259,4.561166982330259,4.973,21.45352631724976
799376.0,2.5,-0.7582722891711886,0.7582722891711886,002414_2014-06-28_20-24-58_260595134347_rgbf000067-resize,-4.436067148296246,4.436067148296246,4.363,31.720662178139435
799376.0,2.5,-0.7077751555263827,0.7077751555263827,001059_2014-06-08_21-53-27_260595134347_rgbf000061-resize,-3.4613674802282177,3.4613674802282177,2.4185,8.755513319222857
799376.0,2.5,-1.0723795391972208,1.0723795391972208,002639_2014-06-24_14-51-37_094959634447_rgbf000074-resize,-4.595467314262232,4.595467314262232,4.0375,16.521406794569987
799376.0,2.5,-1.1749602306450169,1.1749602306450169,001066_2014-06-08_22-03-20_260595134347_rgbf000066-resize,-4.7909673142622315,4.7909673142622315,4.2330000000000005,19.743449467077777
799376.0,2.5,-0.4145189569620164,0.4145189569620164,000742_2014-06-08_18-48-09_260595134347_rgbf000164-resize,-4.220166982330259,4.220166982330259,4.632,18.91549953899407
799376.0,2.5,-0.2944978252771561,0.2944978252771561,002758_2014-06-22_19-11-20_094959634447_rgbf000128-resize,-3.112967314262232,3.112967314262232,2.555,7.204478276142114
799376.0,2.5,-0.1890312320239104,0.1890312320239104,002750_2014-06-22_19-08-03_094959634447_rgbf000094-resize,-2.911967314262232,2.911967314262232,2.354,8.789636111124727
799376.0,2.5,-0.7575538876949975,0.7575538876949975,001199_2014-06-17_16-03-48_260595134347_rgbf000077-resize,-3.9954673142622323,3.9954673142622323,3.4375,28.282249848901696
799376.0,2.5,-0.7143340232660131,0.7143340232660131,000502_2014-06-08_23-02-32_260595134347_rgbf000063-resize,-3.4738674802282183,3.4738674802282183,2.431,13.897287578908273
799376.0,2.5,-1.126424609371755,1.126424609371755,003083_2014-06-15_15-21-03_094959634447_rgbf000063-resize,-4.698467314262231,4.698467314262231,4.1405,19.172834459547143
799376.0,2.5,-0.11359810506781536,0.11359810506781536,000506_2014-06-08_23-21-00_260595134347_rgbf000070-resize,-3.6466669823302595,3.6466669823302595,4.0585,16.716212007621664
799376.0,2.5,-0.25829287535439505,0.25829287535439505,000368_2014-06-09_15-53-01_260595134347_rgbf000155-resize,-3.043967314262232,3.043967314262232,2.4859999999999998,21.090700959072958
799376.0,2.5,-0.09930592134577663,0.09930592134577663,002678_2014-06-13_16-15-32_094959634447_rgbf000151-resize,-2.740967314262232,2.740967314262232,2.1830000000000003,32.96558503300821
799376.0,2.5,-0.033192534530312234,0.033192534530312234,002209_2014-06-28_18-36-10_260595134347_rgbf000051-resize,-2.614967314262232,2.614967314262232,2.057,12.962068825921264
799376.0,2.5,-0.03141241831509367,0.03141241831509367,001828_2014-06-26_21-40-03_260595134347_rgbf000024-resize,-3.929266816364274,3.929266816364274,4.8260000000000005,35.55232951340613
799376.0,2.5,-0.35929943854469226,0.35929943854469226,000927_2014-06-09_16-32-30_260595134347_rgbf000123-resize,-3.236467314262232,3.236467314262232,2.6785,11.715239650325241
799376.0,2.5,-1.0721171844876292,1.0721171844876292,002570_2014-06-24_13-59-54_094959634447_rgbf000059-resize,-4.594967314262232,4.594967314262232,4.037,41.596140375002705
799376.0,2.5,-1.9269374909687185,1.9269374909687185,002467_2014-06-28_20-38-07_260595134347_rgbf000026-resize,-5.784867480228218,5.784867480228218,4.742,15.331046216195933
799376.0,2.5,-1.930872811612504,1.930872811612504,002663_2014-06-13_15-50-26_094959634447_rgbf000075-resize,-5.7923674802282195,5.7923674802282195,4.7495,16.725954086732166
799376.0,2.5,-0.4097402054376216,0.4097402054376216,001167_2014-06-17_15-38-07_260595134347_rgbf000108-resize,-2.8933674802282177,2.8933674802282177,1.8505,12.019050657019696
799376.0,2.5,-0.15079610707704516,0.15079610707704516,003587_2014-05-23_16-48-02_094959634447_rgbf002384-resize,-2.3998674802282176,2.3998674802282176,1.357,20.788172722830538
649317.0,2.5,-0.13500050932115287,0.13500050932115287,001808_2014-06-26_20-50-58_260595134347_rgbf000029-resize,-3.7586122422316315,3.7586122422316315,4.249,20.030651550568866
649317.0,2.5,-0.3325536056387824,0.3325536056387824,001417_2014-06-19_16-25-36_260595134347_rgbf000115-resize,-4.1351122422316315,4.1351122422316315,4.6255,49.17091269608214
649317.0,2.5,-2.130153002744528,2.130153002744528,003081_2014-06-15_15-19-16_094959634447_rgbf000150-resize,-5.593829455205835,5.593829455205835,3.9125,16.632991649560594
649317.0,2.5,-1.506535858060544,1.506535858060544,000682_2014-06-08_23-14-58_260595134347_rgbf000041-resize,-4.405329455205835,4.405329455205835,2.7239999999999998,8.707843071693064
649317.0,2.5,-0.4250406512378776,0.4250406512378776,001244_2014-06-17_16-47-45_260595134347_rgbf000030-resize,-2.9999237175477673,2.9999237175477673,2.0425,6.7629638807870815
649317.0,2.5,-0.206236823443834,0.206236823443834,003495_2014-05-21_16-01-51_094959634447_rgbf000100-resize,-2.5829237175477666,2.5829237175477666,1.6255,12.747278812179
649317.0,2.5,-0.28323092023677826,0.28323092023677826,001158_2014-06-17_15-32-16_260595134347_rgbf000138-resize,-4.041112242231631,4.041112242231631,4.5315,26.954451973303737
649317.0,2.5,-0.4458908401795839,0.4458908401795839,000556_2014-06-09_22-42-56_260595134347_rgbf000214-resize,-4.351112242231631,4.351112242231631,4.8415,23.88242025565649
649317.0,2.5,-0.021400920070770383,0.021400920070770383,001150_2014-06-17_15-27-34_260595134347_rgbf000108-resize,-3.542112242231631,3.542112242231631,4.0325,11.088139074292139
649317.0,2.5,-0.013530278783208616,0.013530278783208616,002375_2014-06-28_20-13-44_260595134347_rgbf000032-resize,-3.5271122422316314,3.5271122422316314,4.0175,48.76103649676905
649317.0,2.5,-1.9979262291135935,1.9979262291135935,001235_2014-06-17_16-37-36_260595134347_rgbf000084-resize,-5.3418294552058345,5.3418294552058345,3.6605,14.547706659434104
649317.0,2.5,-0.11847216261727116,0.11847216261727116,001094_2014-06-15_17-36-00_260595134347_rgbf000205-resize,-3.727112242231632,3.727112242231632,4.2175,17.196771274488466
649317.0,2.5,-1.7618760843994803,1.7618760843994803,000470_2014-06-09_19-42-40_260595134347_rgbf000094-resize,-4.2362351928639015,4.2362351928639015,1.831,22.486379427626872
649317.0,2.5,-0.7879463085067373,0.7879463085067373,000109_2014-05-14_23-41-52_260595134347_rgbf000035-resize,-3.035829455205835,3.035829455205835,1.3545,6.620498200896815
649317.0,2.5,-0.7627602563865592,0.7627602563865592,002509_2014-06-24_13-19-22_094959634447_rgbf000077-resize,-2.9878294552058353,2.9878294552058353,1.3065,40.21868783296904
649317.0,2.5,-0.24165470923783886,0.24165470923783886,003338_2014-05-20_11-01-23_094959634447_rgbf000051-resize,-2.650423717547767,2.650423717547767,1.693,28.251495663089063
649317.0,2.5,-1.0241529987032774,1.0241529987032774,002784_2014-06-22_19-26-30_094959634447_rgbf000083-resize,-3.4859961218725353,3.4859961218725353,1.8046666666667,3.0422522474895675
649317.0,2.5,-0.21842930696923696,0.21842930696923696,002039_2014-06-24_20-22-38_260595134347_rgbf000084-resize,-3.917612242231632,3.917612242231632,4.408,15.524303639345458
649317.0,2.5,-0.059442352960618124,0.059442352960618124,002103_2014-06-25_20-00-40_260595134347_rgbf000049-resize,-3.614612242231632,3.614612242231632,4.105,11.598018874569219
649317.0,2.5,-0.08462840508079666,0.08462840508079666,000691_2014-06-08_13-08-50_260595134347_rgbf000132-resize,-3.662612242231632,3.662612242231632,4.1530000000000005,14.740846212587924
649317.0,2.5,-1.582094014421077,1.582094014421077,000929_2014-06-09_16-33-19_260595134347_rgbf000139-resize,-4.549329455205835,4.549329455205835,2.8680000000000003,19.501338012209015
649317.0,2.5,-0.13814876583616606,0.13814876583616606,001175_2014-06-17_15-45-55_260595134347_rgbf000129-resize,-3.7646122422316313,3.7646122422316313,4.255,15.34903910495583
649317.0,2.5,-1.5692386336514084,1.5692386336514084,002043_2014-06-24_20-29-38_260595134347_rgbf000039-resize,-4.524829455205835,4.524829455205835,2.8435,8.475049543704081
649317.0,2.5,-2.1779015598890235,2.1779015598890235,003048_2014-06-15_13-49-43_094959634447_rgbf000150-resize,-5.6848294552058345,5.6848294552058345,4.0035,24.355606534500392
649317.0,2.5,-1.1976752709662306,1.1976752709662306,000736_2014-06-08_18-24-15_260595134347_rgbf000206-resize,-4.472423717547766,4.472423717547766,3.515,33.408170606136416
649317.0,2.5,-1.5891775915798816,1.5891775915798816,000642_2014-06-08_16-59-25_260595134347_rgbf000098-resize,-4.5628294552058355,4.5628294552058355,2.8815,31.36214301237791
649317.0,2.5,-2.1981719664396406,2.1981719664396406,001056_2014-06-08_18-46-44_260595134347_rgbf000068-resize,-5.067735192863903,5.067735192863903,2.6625,11.38594592369452
649317.0,2.5,-1.1245474009045238,1.1245474009045238,002199_2014-06-28_18-33-56_260595134347_rgbf000074-resize,-3.677329455205835,3.677329455205835,1.996,17.12852126070164
649317.0,2.5,-0.10220617062300467,0.10220617062300467,000917_2014-06-09_22-45-29_260595134347_rgbf000149-resize,-3.6961122422316315,3.6961122422316315,4.1865,9.740561609074897
649317.0,2.5,-1.8660309041048,1.8660309041048,002905_2014-06-03_18-04-43_094959634447_rgbf000151-resize,-4.434735192863903,4.434735192863903,2.0295,12.020604335789361
649317.0,2.5,-0.17697726285477106,0.17697726285477106,000414_2014-06-04_19-49-13_260595134347_rgbf000044-resize,-3.838612242231631,3.838612242231631,4.329,13.241348366125557
649317.0,2.5,-0.4925899784857542,0.4925899784857542,003129_2014-05-12_10-48-10_094959634447_rgbf000100-resize,-4.44011224223163,4.44011224223163,4.9305,17.9074543760639
649317.0,2.5,-0.4067999884514,0.4067999884514,002988_2014-06-15_12-24-20_094959634447_rgbf000150-resize,-4.276612242231631,4.276612242231631,4.7669999999999995,14.460306569198616
649317.0,2.5,-0.05917999825102555,0.05917999825102555,001052_2014-06-08_18-24-54_260595134347_rgbf000130-resize,-3.614112242231631,3.614112242231631,4.1045,25.87613690895519
649317.0,2.5,-0.21725572124641546,0.21725572124641546,002788_2014-06-22_19-36-03_094959634447_rgbf000088-resize,-2.603923717547767,2.603923717547767,1.6465,21.7158464010581
649317.0,2.5,-0.3561655295014468,0.3561655295014468,002748_2014-06-22_19-07-22_094959634447_rgbf000078-resize,-4.1801122422316315,4.1801122422316315,4.6705,35.71435075733748
649317.0,2.5,-0.04133987799923694,0.04133987799923694,000436_2014-06-09_22-25-11_260595134347_rgbf000137-resize,-3.5801122422316314,3.5801122422316314,4.0705,20.69156545677159
649317.0,2.5,-0.20845982800500035,0.20845982800500035,002444_2014-06-28_20-32-08_260595134347_rgbf000027-resize,-3.8986122422316303,3.8986122422316303,4.388999999999999,17.102760279009576
649317.0,2.5,-0.11532390610225712,0.11532390610225712,001133_2014-06-17_14-49-16_260595134347_rgbf000100-resize,-3.721112242231632,3.721112242231632,4.2115,26.759918254713728
649317.0,2.5,-0.9631301605970816,0.9631301605970816,000854_2014-06-09_19-43-13_260595134347_rgbf000066-resize,-4.025423717547767,4.025423717547767,3.068,11.910827625938722
649317.0,2.5,-0.05576938702642115,0.05576938702642115,000734_2014-06-08_17-39-11_260595134347_rgbf000128-resize,-3.6076122422316312,3.6076122422316312,4.098,16.052231618370055
649317.0,2.5,-1.321575787802998,1.321575787802998,000522_2014-06-08_13-35-06_260595134347_rgbf000244-resize,-4.052829455205835,4.052829455205835,2.3715,25.742609854068213
649317.0,2.5,-0.10797797423386896,0.10797797423386896,002989_2014-06-15_12-25-03_094959634447_rgbf000150-resize,-3.707112242231631,3.707112242231631,4.1975,27.906783421951957
649317.0,2.5,-1.764430537582785,1.764430537582785,000866_2014-06-09_20-45-42_260595134347_rgbf000139-resize,-4.896829455205835,4.896829455205835,3.2155,8.082259189449621
649317.0,2.5,-0.9340778817456844,0.9340778817456844,001555_2014-06-20_17-12-10_260595134347_rgbf000065-resize,-3.3143294552058347,3.3143294552058347,1.633,7.608284543781994
649317.0,2.5,-0.10155729431934712,0.10155729431934712,003534_2014-05-22_15-06-10_094959634447_rgbf000102-resize,-2.3834237175477666,2.3834237175477666,1.426,12.376994007247625
649317.0,2.5,-1.1242850461949372,1.1242850461949372,002637_2014-06-24_14-51-13_094959634447_rgbf000066-resize,-3.676829455205835,3.676829455205835,1.9955,10.972027795242447
649317.0,2.5,-0.5148901288004837,0.5148901288004837,000773_2014-06-08_22-24-54_260595134347_rgbf000093-resize,-4.482612242231631,4.482612242231631,4.973,21.45352631724976
649317.0,2.5,-1.64262885842271,1.64262885842271,002414_2014-06-28_20-24-58_260595134347_rgbf000067-resize,-5.320423717547767,5.320423717547767,4.363,31.720662178139435
649317.0,2.5,-0.02402446716662016,0.02402446716662016,002639_2014-06-24_14-51-37_094959634447_rgbf000074-resize,-3.5471122422316315,3.5471122422316315,4.0375,16.521406794569987
649317.0,2.5,-0.2493871627002811,0.2493871627002811,001570_2014-06-20_17-21-09_260595134347_rgbf000135-resize,-3.9766122422316315,3.9766122422316315,4.467,22.179510675592084
649317.0,2.5,-1.5229951108518571,1.5229951108518571,001392_2014-06-19_16-07-59_260595134347_rgbf000046-resize,-5.092423717547766,5.092423717547766,4.135,18.95235574822112
649317.0,2.5,-1.7034951510464684,1.7034951510464684,000447_2014-06-08_16-15-46_260595134347_rgbf000130-resize,-5.436423717547767,5.436423717547767,4.479,19.081432914605553
649317.0,2.5,-0.07662658643843863,0.07662658643843863,001447_2014-06-19_17-00-32_260595134347_rgbf000082-resize,-3.6473622422316314,3.6473622422316314,4.13775,46.830399423560245
649317.0,2.5,-0.12660515861441618,0.12660515861441618,001066_2014-06-08_22-03-20_260595134347_rgbf000066-resize,-3.742612242231632,3.742612242231632,4.2330000000000005,19.743449467077777
649317.0,2.5,-1.7837756921795238,1.7837756921795238,000742_2014-06-08_18-48-09_260595134347_rgbf000164-resize,-5.589423717547767,5.589423717547767,4.632,18.91549953899407
649317.0,2.5,-0.8516985029359352,0.8516985029359352,002549_2014-06-24_13-41-39_094959634447_rgbf000022-resize,-3.157329455205834,3.157329455205834,1.476,4.1736441355391865
649317.0,2.5,-1.3123933729675137,1.3123933729675137,002750_2014-06-22_19-08-03_094959634447_rgbf000094-resize,-4.035329455205835,4.035329455205835,2.354,8.789636111124727
649317.0,2.5,-0.07806953734115424,0.07806953734115424,003083_2014-06-15_15-21-03_094959634447_rgbf000063-resize,-3.650112242231632,3.650112242231632,4.1405,19.172834459547143
649317.0,2.5,-0.7860407316270895,0.7860407316270895,001806_2014-06-26_20-50-20_260595134347_rgbf000091-resize,-3.687923717547767,3.687923717547767,2.7305,13.909869710567438
649317.0,2.5,-0.03504336496918708,0.03504336496918708,000506_2014-06-08_23-21-00_260595134347_rgbf000070-resize,-3.568112242231632,3.568112242231632,4.0585,16.716212007621664
649317.0,2.5,-0.00994476441888842,0.00994476441888842,001450_2014-06-19_17-02-03_260595134347_rgbf000203-resize,-3.5202789088983315,3.5202789088983315,4.0106666666667,12.34882649363641
649317.0,2.5,-1.5241136236027517,1.5241136236027517,002600_2014-06-24_14-27-04_094959634447_rgbf000074-resize,-4.438829455205835,4.438829455205835,2.7575,44.47386082434929
649317.0,2.5,-1.156554675473915,1.156554675473915,002209_2014-06-28_18-36-10_260595134347_rgbf000051-resize,-3.738329455205835,3.738329455205835,2.057,12.962068825921264
649317.0,2.5,-0.4377578441824513,0.4377578441824513,001828_2014-06-26_21-40-03_260595134347_rgbf000024-resize,-4.335612242231631,4.335612242231631,4.8260000000000005,35.55232951340613
649317.0,2.5,-0.975267571150556,0.975267571150556,001110_2014-06-15_17-25-28_260595134347_rgbf000150-resize,-3.3928294552058347,3.3928294552058347,1.7115,9.336195527413247
649317.0,2.5,-1.4715735877731642,1.4715735877731642,002570_2014-06-24_13-59-54_094959634447_rgbf000059-resize,-4.994423717547766,4.994423717547766,4.037,41.596140375002705
649317.0,2.5,-0.3936822529721316,0.3936822529721316,002467_2014-06-28_20-38-07_260595134347_rgbf000026-resize,-4.251612242231631,4.251612242231631,4.742,15.331046216195933
649317.0,2.5,-0.3976175736159176,0.3976175736159176,002663_2014-06-13_15-50-26_094959634447_rgbf000075-resize,-4.259112242231631,4.259112242231631,4.7495,16.725954086732166
649317.0,2.5,-0.6509280561907228,0.6509280561907228,001011_2014-06-08_23-18-54_260595134347_rgbf000044-resize,-3.430423717547767,3.430423717547767,2.4730000000000003,11.624075606213012
617145.0,2.5,-1.120147350000573,1.120147350000573,001808_2014-06-26_20-50-58_260595134347_rgbf000029-resize,-4.743759082911051,4.743759082911051,4.249,20.030651550568866
617145.0,2.5,-0.7565237225155037,0.7565237225155037,000677_2014-06-08_23-10-32_260595134347_rgbf000158-resize,-4.050759082911052,4.050759082911052,3.556,19.65196273325612
617145.0,2.5,-2.0273548884734467,2.0273548884734467,001417_2014-06-19_16-25-36_260595134347_rgbf000115-resize,-5.829913525066295,5.829913525066295,4.6255,49.17091269608214
617145.0,2.5,-1.0296199279210043,1.0296199279210043,000682_2014-06-08_23-14-58_260595134347_rgbf000041-resize,-3.9284135250662953,3.9284135250662953,2.7239999999999998,8.707843071693064
617145.0,2.5,-1.333411634347977,1.333411634347977,001650_2014-06-20_12-09-00_260595134347_rgbf000087-resize,-3.8645679672215394,3.8645679672215394,1.9505,47.6804595860539
617145.0,2.5,-0.4532266309623625,0.4532266309623625,003495_2014-05-21_16-01-51_094959634447_rgbf000100-resize,-2.8299135250662952,2.8299135250662952,1.6255,12.747278812179
617145.0,2.5,-1.9780322030714423,1.9780322030714423,001158_2014-06-17_15-32-16_260595134347_rgbf000138-resize,-5.7359135250662945,5.7359135250662945,4.5315,26.954451973303737
617145.0,2.5,-1.4310376808590042,1.4310376808590042,000556_2014-06-09_22-42-56_260595134347_rgbf000214-resize,-5.3362590829110506,5.3362590829110506,4.8415,23.88242025565649
617145.0,2.5,-0.4946937223494967,0.4946937223494967,000665_2014-06-09_20-42-35_260595134347_rgbf000110-resize,-3.5517590829110515,3.5517590829110515,3.057,18.49880761375764
617145.0,2.5,-1.7083315616178727,1.7083315616178727,002375_2014-06-28_20-13-44_260595134347_rgbf000032-resize,-5.221913525066294,5.221913525066294,4.0175,48.76103649676905
617145.0,2.5,-1.3628104090941835,1.3628104090941835,000788_2014-06-08_22-34-36_260595134347_rgbf000131-resize,-4.563413525066295,4.563413525066295,3.359,21.46386213810664
617145.0,2.5,-0.8113558568188102,0.8113558568188102,001235_2014-06-17_16-37-36_260595134347_rgbf000084-resize,-4.155259082911051,4.155259082911051,3.6605,14.547706659434104
617145.0,2.5,-1.1036190032966913,1.1036190032966913,001094_2014-06-15_17-36-00_260595134347_rgbf000205-resize,-4.712259082911052,4.712259082911052,4.2175,17.196771274488466
617145.0,2.5,-0.5472370685637379,0.5472370685637379,002784_2014-06-22_19-26-30_094959634447_rgbf000083-resize,-3.0090801917329952,3.0090801917329952,1.8046666666667,3.0422522474895675
617145.0,2.5,-0.4875950979180246,0.4875950979180246,002964_2014-06-08_17-46-11_094959634447_rgbf000091-resize,-2.8954135250662945,2.8954135250662945,1.6909999999999998,28.953812917975768
617145.0,2.5,-1.203576147648657,1.203576147648657,002039_2014-06-24_20-22-38_260595134347_rgbf000084-resize,-4.902759082911052,4.902759082911052,4.408,15.524303639345458
617145.0,2.5,-0.7428812776170683,0.7428812776170683,001584_2014-06-20_11-07-43_260595134347_rgbf000002-resize,-4.024759082911052,4.024759082911052,3.53,17.602834139105468
617145.0,2.5,-0.8029605061120793,0.8029605061120793,003490_2014-05-21_15-50-11_094959634447_rgbf000101-resize,-4.139259082911051,4.139259082911051,3.6445,19.999457360175192
617145.0,2.5,-1.0923227035118688,1.0923227035118688,002043_2014-06-24_20-29-38_260595134347_rgbf000039-resize,-4.0479135250662965,4.0479135250662965,2.8435,8.475049543704081
617145.0,2.5,-0.9913311875942395,0.9913311875942395,003048_2014-06-15_13-49-43_094959634447_rgbf000150-resize,-4.4982590829110505,4.4982590829110505,4.0035,24.355606534500392
617145.0,2.5,-0.9349249250334266,0.9349249250334266,002425_2014-06-28_20-27-29_260595134347_rgbf000031-resize,-4.390759082911051,4.390759082911051,3.8960000000000004,8.40495801096819
617145.0,2.5,-0.2876958564867897,0.2876958564867897,001056_2014-06-08_18-46-44_260595134347_rgbf000068-resize,-3.1572590829110516,3.1572590829110516,2.6625,11.38594592369452
617145.0,2.5,-1.7970074534576688,1.7970074534576688,000917_2014-06-09_22-45-29_260595134347_rgbf000149-resize,-5.390913525066295,5.390913525066295,4.1865,9.740561609074897
617145.0,2.5,-1.55800231302556,1.55800231302556,002323_2014-06-28_20-01-54_260595134347_rgbf000051-resize,-4.935413525066295,4.935413525066295,3.7310000000000003,18.09172628388976
617145.0,2.5,-0.5998979608931492,0.5998979608931492,003423_2014-05-21_10-23-26_094959634447_rgbf002665-resize,-3.7522590829110514,3.7522590829110514,3.2575,35.43119222475438
617145.0,2.5,-1.0443268389304456,1.0443268389304456,001052_2014-06-08_18-24-54_260595134347_rgbf000130-resize,-4.599259082911051,4.599259082911051,4.1045,25.87613690895519
617145.0,2.5,-0.3802920216976872,0.3802920216976872,000810_2014-06-08_17-20-01_260595134347_rgbf000105-resize,-2.6909135250662954,2.6909135250662954,1.4865,3.0958890116960642
617145.0,2.5,-1.7007082277672334,1.7007082277672334,001214_2014-06-17_16-13-55_260595134347_rgbf000111-resize,-4.5645679672215405,4.5645679672215405,2.6505,18.479282579459067
617145.0,2.5,-1.341312370180867,1.341312370180867,002748_2014-06-22_19-07-22_094959634447_rgbf000078-resize,-5.165259082911051,5.165259082911051,4.6705,35.71435075733748
617145.0,2.5,-1.026486718678657,1.026486718678657,000436_2014-06-09_22-25-11_260595134347_rgbf000137-resize,-4.565259082911052,4.565259082911052,4.0705,20.69156545677159
617145.0,2.5,-0.8598914780920632,0.8598914780920632,001132_2014-06-17_14-48-54_260595134347_rgbf000100-resize,-4.247759082911052,4.247759082911052,3.753,14.398279213278778
617145.0,2.5,-0.4474698746241603,0.4474698746241603,002057_2014-06-24_21-00-13_260595134347_rgbf000120-resize,-3.4617590829110516,3.4617590829110516,2.967,10.990036854719376
617145.0,2.5,-1.3743540163159285,1.3743540163159285,000758_2014-06-08_22-05-08_260595134347_rgbf000085-resize,-4.585413525066294,4.585413525066294,3.3810000000000002,11.91317737826679
617145.0,2.5,-0.9147085651226968,0.9147085651226968,002153_2014-06-25_21-27-18_260595134347_rgbf000038-resize,-3.7094135250662945,3.7094135250662945,2.505,17.28886317575377
617145.0,2.5,-0.767017910898917,0.767017910898917,002660_2014-06-13_15-44-18_094959634447_rgbf001878-resize,-4.070759082911051,4.070759082911051,3.576,15.11997681444361
617145.0,2.5,-1.0409162277058412,1.0409162277058412,000734_2014-06-08_17-39-11_260595134347_rgbf000128-resize,-4.5927590829110505,4.5927590829110505,4.098,16.052231618370055
617145.0,2.5,-0.8446598576634585,0.8446598576634585,000522_2014-06-08_13-35-06_260595134347_rgbf000244-resize,-3.5759135250662952,3.5759135250662952,2.3715,25.742609854068213
617145.0,2.5,-0.5927993364616829,0.5927993364616829,002949_2014-06-26_15-57-42_094959634447_rgbf000079-resize,-3.0959135250662952,3.0959135250662952,1.8915,17.99500168321199
617145.0,2.5,-1.093124814913289,1.093124814913289,002989_2014-06-15_12-25-03_094959634447_rgbf000150-resize,-4.692259082911051,4.692259082911051,4.1975,27.906783421951957
617145.0,2.5,-0.4571619516061448,0.4571619516061448,001555_2014-06-20_17-12-10_260595134347_rgbf000065-resize,-2.8374135250662946,2.8374135250662946,1.633,7.608284543781994
617145.0,2.5,-0.34854710183787563,0.34854710183787563,003534_2014-05-22_15-06-10_094959634447_rgbf000102-resize,-2.6304135250662948,2.6304135250662948,1.426,12.376994007247625
617145.0,2.5,-0.4694926229566442,0.4694926229566442,001016_2014-06-09_16-16-10_260595134347_rgbf000112-resize,-2.860913525066296,2.860913525066296,1.6565,7.049977084494088
617145.0,2.5,-0.18852577626358855,0.18852577626358855,002340_2014-06-28_20-05-46_260595134347_rgbf000113-resize,-2.9682590829110516,2.9682590829110516,2.4735,7.91768620575396
617145.0,2.5,-2.209691411635148,2.209691411635148,000773_2014-06-08_22-24-54_260595134347_rgbf000093-resize,-6.177413525066295,6.177413525066295,4.973,21.45352631724976
617145.0,2.5,-1.8896186659412384,1.8896186659412384,002414_2014-06-28_20-24-58_260595134347_rgbf000067-resize,-5.567413525066296,5.567413525066296,4.363,31.720662178139435
617145.0,2.5,-0.8693212003644601,0.8693212003644601,001059_2014-06-08_21-53-27_260595134347_rgbf000061-resize,-3.6229135250662945,3.6229135250662945,2.4185,8.755513319222857
617145.0,2.5,-1.3174230443359471,1.3174230443359471,001032_2014-06-08_13-23-17_260595134347_rgbf000021-resize,-4.476913525066295,4.476913525066295,3.2725,15.984983178828962
617145.0,2.5,-0.7174328707873094,0.7174328707873094,003292_2014-05-14_21-53-49_094959634447_rgbf000100-resize,-3.9762590829110516,3.9762590829110516,3.4815,33.084282711345374
617145.0,2.5,-1.060330476215141,1.060330476215141,001392_2014-06-19_16-07-59_260595134347_rgbf000046-resize,-4.629759082911051,4.629759082911051,4.135,18.95235574822112
617145.0,2.5,-0.3521189849626149,0.3521189849626149,001447_2014-06-19_17-00-32_260595134347_rgbf000082-resize,-3.9228546407558067,3.9228546407558067,4.13775,46.830399423560245
617145.0,2.5,-1.1117519992938365,1.1117519992938365,001066_2014-06-08_22-03-20_260595134347_rgbf000066-resize,-4.727759082911051,4.727759082911051,4.2330000000000005,19.743449467077777
617145.0,2.5,-0.9409440360812196,0.9409440360812196,002758_2014-06-22_19-11-20_094959634447_rgbf000128-resize,-3.759413525066296,3.759413525066296,2.555,7.204478276142114
617145.0,2.5,-0.8354774428279739,0.8354774428279739,002750_2014-06-22_19-08-03_094959634447_rgbf000094-resize,-3.5584135250662947,3.5584135250662947,2.354,8.789636111124727
617145.0,2.5,-0.6943456563438171,0.6943456563438171,001199_2014-06-17_16-03-48_260595134347_rgbf000077-resize,-3.932259082911052,3.932259082911052,3.4375,28.282249848901696
617145.0,2.5,-1.033030539145618,1.033030539145618,001806_2014-06-26_20-50-20_260595134347_rgbf000091-resize,-3.9349135250662948,3.9349135250662948,2.7305,13.909869710567438
617145.0,2.5,-0.8842904660834905,0.8842904660834905,000191_2014-05-12_17-07-38_260595134347_rgbf000199-resize,-4.294259082911052,4.294259082911052,3.7995,12.340757267219296
617145.0,2.5,-1.0201902056486072,1.0201902056486072,000506_2014-06-08_23-21-00_260595134347_rgbf000070-resize,-4.553259082911051,4.553259082911051,4.0585,16.716212007621664
617145.0,2.5,-0.9950916050983084,0.9950916050983084,001450_2014-06-19_17-02-03_260595134347_rgbf000203-resize,-4.505425749577752,4.505425749577752,4.0106666666667,12.34882649363641
617145.0,2.5,-0.9047390861584584,0.9047390861584584,000368_2014-06-09_15-53-01_260595134347_rgbf000155-resize,-3.690413525066296,3.690413525066296,2.4859999999999998,21.090700959072958
617145.0,2.5,-0.5403434418173181,0.5403434418173181,002805_2014-06-22_19-54-03_094959634447_rgbf000079-resize,-3.638759082911052,3.638759082911052,3.1439999999999997,7.377848172936663
617145.0,2.5,-0.2960912071935118,0.2960912071935118,000927_2014-06-09_16-32-30_260595134347_rgbf000123-resize,-3.1732590829110516,3.1732590829110516,2.6785,11.715239650325241
617145.0,2.5,-0.5269633516284693,0.5269633516284693,003010_2014-06-15_12-54-35_094959634447_rgbf000112-resize,-3.613259082911052,3.613259082911052,3.1185,6.696951333567531
617145.0,2.5,-1.559314086573489,1.559314086573489,000409_2014-06-04_19-23-33_260595134347_rgbf000067-resize,-4.937913525066294,4.937913525066294,3.7335,12.696549983566419
617145.0,2.5,-0.8979178637092513,0.8979178637092513,001011_2014-06-08_23-18-54_260595134347_rgbf000044-resize,-3.6774135250662963,3.6774135250662963,2.4730000000000003,11.624075606213012
901241.0,2.5,-0.5021806235446007,0.5021806235446007,001029_2014-06-08_13-17-57_260595134347_rgbf000065-resize,-3.5718411844981413,3.5718411844981413,3.0835,18.209734661918688
901241.0,2.5,-0.40436320526588826,0.40436320526588826,001417_2014-06-19_16-25-36_260595134347_rgbf000115-resize,-4.206921841858737,4.206921841858737,4.6255,49.17091269608214
901241.0,2.5,-0.030245389397430544,0.030245389397430544,003081_2014-06-15_15-19-16_094959634447_rgbf000150-resize,-3.4939218418587368,3.4939218418587368,3.9125,16.632991649560594
901241.0,2.5,-0.494931455880731,0.494931455880731,000682_2014-06-08_23-14-58_260595134347_rgbf000041-resize,-3.3937250530260217,3.3937250530260217,2.7239999999999998,8.707843071693064
901241.0,2.5,-0.9959880627918634,0.9959880627918634,001650_2014-06-20_12-09-00_260595134347_rgbf000087-resize,-3.5271443956654256,3.5271443956654256,1.9505,47.6804595860539
901241.0,2.5,-0.31872585524401376,0.31872585524401376,001244_2014-06-17_16-47-45_260595134347_rgbf000030-resize,-2.8936089215539034,2.8936089215539034,2.0425,6.7629638807870815
901241.0,2.5,-0.2813058959778507,0.2813058959778507,003495_2014-05-21_16-01-51_094959634447_rgbf000100-resize,-2.6579927900817832,2.6579927900817832,1.6255,12.747278812179
901241.0,2.5,-1.2432359139182132,1.2432359139182132,000556_2014-06-09_22-42-56_260595134347_rgbf000214-resize,-5.14845731597026,5.14845731597026,4.8415,23.88242025565649
901241.0,2.5,-0.09321051969787623,0.09321051969787623,001150_2014-06-17_15-27-34_260595134347_rgbf000108-resize,-3.613921841858737,3.613921841858737,4.0325,11.088139074292139
901241.0,2.5,-0.12550808688082496,0.12550808688082496,000665_2014-06-09_20-42-35_260595134347_rgbf000110-resize,-3.18257344744238,3.18257344744238,3.057,18.49880761375764
901241.0,2.5,-0.810875352521838,0.810875352521838,002375_2014-06-28_20-13-44_260595134347_rgbf000032-resize,-4.3244573159702595,4.3244573159702595,4.0175,48.76103649676905
901241.0,2.5,-0.10347029127566246,0.10347029127566246,002568_2014-06-24_13-59-21_094959634447_rgbf000062-resize,-3.1405734474423794,3.1405734474423794,3.015,29.63840999388049
901241.0,2.5,-0.4653541999981487,0.4653541999981487,000788_2014-06-08_22-34-36_260595134347_rgbf000131-resize,-3.66595731597026,3.66595731597026,3.359,21.46386213810664
901241.0,2.5,-0.4424325760597192,0.4424325760597192,000692_2014-06-08_13-09-42_260595134347_rgbf000199-resize,-3.78657344744238,3.78657344744238,3.661,54.80046590295557
901241.0,2.5,-0.3716656307722579,0.3716656307722579,001094_2014-06-15_17-36-00_260595134347_rgbf000205-resize,-3.9803057103866175,3.9803057103866175,4.2175,17.196771274488466
901241.0,2.5,-0.5705175501452422,0.5705175501452422,000470_2014-06-09_19-42-40_260595134347_rgbf000094-resize,-3.044876658609664,3.044876658609664,1.831,22.486379427626872
901241.0,2.5,-0.501877380438448,0.501877380438448,000109_2014-05-14_23-41-52_260595134347_rgbf000035-resize,-2.7497605271375454,2.7497605271375454,1.3545,6.620498200896815
901241.0,2.5,-0.4766913283182699,0.4766913283182699,002509_2014-06-24_13-19-22_094959634447_rgbf000077-resize,-2.7017605271375453,2.7017605271375453,1.3065,40.21868783296904
901241.0,2.5,-0.3167237817718556,0.3167237817718556,003338_2014-05-20_11-01-23_094959634447_rgbf000051-resize,-2.725492790081784,2.725492790081784,1.693,28.251495663089063
901241.0,2.5,-0.5567002021071069,0.5567002021071069,002784_2014-06-22_19-26-30_094959634447_rgbf000083-resize,-3.0185433252763643,3.0185433252763643,1.8046666666667,3.0422522474895675
901241.0,2.5,-0.6037398340580435,0.6037398340580435,001100_2014-06-15_17-46-26_260595134347_rgbf000225-resize,-3.272492790081784,3.272492790081784,2.24,9.548860596737413
901241.0,2.5,-0.29521069558586466,0.29521069558586466,000469_2014-06-09_19-42-10_260595134347_rgbf000081-resize,-2.684492790081784,2.684492790081784,1.652,25.13136208408983
901241.0,2.5,-0.3113110970750833,0.3113110970750833,000483_2014-06-09_20-41-45_260595134347_rgbf000116-resize,-2.5508766586096643,2.5508766586096643,1.337,29.232414989368262
901241.0,2.5,-0.4970582314613936,0.4970582314613936,002964_2014-06-08_17-46-11_094959634447_rgbf000091-resize,-2.9048766586096644,2.9048766586096644,1.6909999999999998,28.953812917975768
901241.0,2.5,-1.197158249235747,1.197158249235747,002039_2014-06-24_20-22-38_260595134347_rgbf000084-resize,-4.896341184498142,4.896341184498142,4.408,15.524303639345458
901241.0,2.5,-0.8567874266992475,0.8567874266992475,002103_2014-06-25_20-00-40_260595134347_rgbf000049-resize,-4.411957315970262,4.411957315970262,4.105,11.598018874569219
901241.0,2.5,-0.3378218732357834,0.3378218732357834,000691_2014-06-08_13-08-50_260595134347_rgbf000132-resize,-3.9158057103866186,3.9158057103866186,4.1530000000000005,14.740846212587924
901241.0,2.5,-0.02633800665762201,0.02633800665762201,000929_2014-06-09_16-33-19_260595134347_rgbf000139-resize,-2.9935734474423796,2.9935734474423796,2.8680000000000003,19.501338012209015
901241.0,2.5,-0.6175199315575579,0.6175199315575579,000457_2014-06-08_16-52-43_260595134347_rgbf000199-resize,-3.95595731597026,3.95595731597026,3.6489999999999996,14.067279821032837
901241.0,2.5,-0.3991124732162436,0.3991124732162436,002279_2014-06-28_18-55-32_260595134347_rgbf000040-resize,-2.7182099919429636,2.7182099919429636,1.5043333333333,15.963772282558683
901241.0,2.5,-0.21736017313961,0.21736017313961,002725_2014-06-22_11-47-51_094959634447_rgbf000070-resize,-2.8647250530260218,2.8647250530260218,2.195,3.938570017428758
901241.0,2.5,-0.8013208682796578,0.8013208682796578,002344_2014-06-28_20-06-29_260595134347_rgbf000030-resize,-3.156144395665426,3.156144395665426,1.5795,37.33165518125916
901241.0,2.5,-0.5215260457533553,0.5215260457533553,001055_2014-06-08_18-45-35_260595134347_rgbf000111-resize,-3.280108921553903,3.280108921553903,2.4290000000000003,8.406298609581565
901241.0,2.5,-0.7571485128648299,0.7571485128648299,000549_2014-06-08_22-10-24_260595134347_rgbf000247-resize,-3.2362605271375458,3.2362605271375458,1.841,30.99307977870557
901241.0,2.5,-0.7285927379166053,0.7285927379166053,000736_2014-06-08_18-24-15_260595134347_rgbf000206-resize,-4.003341184498142,4.003341184498142,3.515,33.408170606136416
901241.0,2.5,-0.3266373849281334,0.3266373849281334,000137_2014-05-20_17-04-49_260595134347_rgbf000120-resize,-3.7301895789144983,3.7301895789144983,3.786,14.89611111351161
901241.0,2.5,-0.3961893208721881,0.3961893208721881,000642_2014-06-08_16-59-25_260595134347_rgbf000098-resize,-3.3698411844981413,3.3698411844981413,2.8815,31.36214301237791
901241.0,2.5,-0.09989408954599892,0.09989408954599892,001056_2014-06-08_18-46-44_260595134347_rgbf000068-resize,-2.9694573159702604,2.9694573159702604,2.6625,11.38594592369452
901241.0,2.5,-0.6570946043083532,0.6570946043083532,002199_2014-06-28_18-33-56_260595134347_rgbf000074-resize,-3.2098766586096636,3.2098766586096636,1.996,17.12852126070164
901241.0,2.5,-0.3553996387779914,0.3553996387779914,000917_2014-06-09_22-45-29_260595134347_rgbf000149-resize,-3.9493057103866183,3.9493057103866183,4.1865,9.740561609074897
901241.0,2.5,-0.4235989127775397,0.4235989127775397,002953_2014-06-08_17-32-18_094959634447_rgbf000059-resize,-2.7648766586096643,2.7648766586096643,1.551,13.905027931093345
901241.0,2.5,-0.4932885013226809,0.4932885013226809,002905_2014-06-03_18-04-43_094959634447_rgbf000151-resize,-3.061992790081784,3.061992790081784,2.0295,12.020604335789361
901241.0,2.5,-0.20163184105709864,0.20163184105709864,003129_2014-05-12_10-48-10_094959634447_rgbf000100-resize,-4.149154104802976,4.149154104802976,4.9305,17.9074543760639
901241.0,2.5,-0.2083712867131754,0.2083712867131754,000810_2014-06-08_17-20-01_260595134347_rgbf000105-resize,-2.5189927900817835,2.5189927900817835,1.4865,3.0958890116960642
901241.0,2.5,-0.8191330506274774,0.8191330506274774,001214_2014-06-17_16-13-55_260595134347_rgbf000111-resize,-3.682992790081784,3.682992790081784,2.6505,18.479282579459067
901241.0,2.5,-0.20689392266018405,0.20689392266018405,002272_2014-06-28_18-53-56_260595134347_rgbf000067-resize,-2.3518766586096644,2.3518766586096644,1.138,10.409245808146235
901241.0,2.5,-0.404350254773307,0.404350254773307,001571_2014-06-20_17-21-32_260595134347_rgbf000089-resize,-2.8924927900817834,2.8924927900817834,1.86,4.991960350191473
901241.0,2.5,-0.2840950335787662,0.2840950335787662,000943_2014-06-09_19-31-07_260595134347_rgbf000128-resize,-2.827608921553903,2.827608921553903,1.9765,15.893099149291922
901241.0,2.5,-0.1930579493527108,0.1930579493527108,000709_2014-06-08_13-51-55_260595134347_rgbf000068-resize,-2.6541089215539033,2.6541089215539033,1.8030000000000002,14.429351101546246
901241.0,2.5,-0.6754314960753367,0.6754314960753367,000854_2014-06-09_19-43-13_260595134347_rgbf000066-resize,-3.7377250530260215,3.7377250530260215,3.068,11.910827625938722
901241.0,2.5,-0.4821728393155818,0.4821728393155818,001164_2014-06-17_15-35-46_260595134347_rgbf000085-resize,-3.205108921553903,3.205108921553903,2.354,17.325668807481115
901241.0,2.5,-0.5886200251066198,0.5886200251066198,001136_2014-06-17_15-19-41_260595134347_rgbf000076-resize,-3.0793766586096645,3.0793766586096645,1.8655,18.667799879387072
901241.0,2.5,-0.5614039616103046,0.5614039616103046,002153_2014-06-25_21-27-18_260595134347_rgbf000038-resize,-3.3561089215539033,3.3561089215539033,2.505,17.28886317575377
901241.0,2.5,-0.5792161439581263,0.5792161439581263,002660_2014-06-13_15-44-18_094959634447_rgbf001878-resize,-3.882957315970261,3.882957315970261,3.576,15.11997681444361
901241.0,2.5,-0.3757944798250827,0.3757944798250827,000739_2014-06-08_18-45-58_260595134347_rgbf000068-resize,-3.65957344744238,3.65957344744238,3.534,8.164356963721069
901241.0,2.5,-1.0344983292929313,1.0344983292929313,000734_2014-06-08_17-39-11_260595134347_rgbf000128-resize,-4.586341184498141,4.586341184498141,4.098,16.052231618370055
901241.0,2.5,-0.8541229912068276,0.8541229912068276,000522_2014-06-08_13-35-06_260595134347_rgbf000244-resize,-3.5853766586096647,3.5853766586096647,2.3715,25.742609854068213
901241.0,2.5,-0.23949473294929055,0.23949473294929055,002949_2014-06-26_15-57-42_094959634447_rgbf000079-resize,-2.742608921553903,2.742608921553903,1.8915,17.99500168321199
901241.0,2.5,-0.20867452981932932,0.20867452981932932,000866_2014-06-09_20-45-42_260595134347_rgbf000139-resize,-3.34107344744238,3.34107344744238,3.2155,8.082259189449621
901241.0,2.5,-0.4666250851495138,0.4666250851495138,001555_2014-06-20_17-12-10_260595134347_rgbf000065-resize,-2.8468766586096645,2.8468766586096645,1.633,7.608284543781994
901241.0,2.5,-0.17662636685336386,0.17662636685336386,003534_2014-05-22_15-06-10_094959634447_rgbf000102-resize,-2.458492790081784,2.458492790081784,1.426,12.376994007247625
901241.0,2.5,-0.22393199137182815,0.22393199137182815,000773_2014-06-08_22-24-54_260595134347_rgbf000093-resize,-4.191654104802976,4.191654104802976,4.973,21.45352631724976
901241.0,2.5,-0.2385829667120312,0.2385829667120312,001032_2014-06-08_13-23-17_260595134347_rgbf000021-resize,-3.39807344744238,3.39807344744238,3.2725,15.984983178828962
901241.0,2.5,-0.6399856723773685,0.6399856723773685,002639_2014-06-24_14-51-37_094959634447_rgbf000074-resize,-4.163073447442379,4.163073447442379,4.0375,16.521406794569987
901241.0,2.5,-0.5088771438853195,0.5088771438853195,000447_2014-06-08_16-15-46_260595134347_rgbf000130-resize,-4.241805710386618,4.241805710386618,4.479,19.081432914605553
901241.0,2.5,-1.0553555287049488,1.0553555287049488,001447_2014-06-19_17-00-32_260595134347_rgbf000082-resize,-4.626091184498142,4.626091184498142,4.13775,46.830399423560245
901241.0,2.5,-0.3797986267694029,0.3797986267694029,001066_2014-06-08_22-03-20_260595134347_rgbf000066-resize,-3.9958057103866182,3.9958057103866182,4.2330000000000005,19.743449467077777
901241.0,2.5,-0.9519254220741364,0.9519254220741364,000742_2014-06-08_18-48-09_260595134347_rgbf000164-resize,-4.757573447442379,4.757573447442379,4.632,18.91549953899407
901241.0,2.5,-0.5876394325688272,0.5876394325688272,002758_2014-06-22_19-11-20_094959634447_rgbf000128-resize,-3.406108921553903,3.406108921553903,2.555,7.204478276142114
901241.0,2.5,-0.20286183781188385,0.20286183781188385,002549_2014-06-24_13-41-39_094959634447_rgbf000022-resize,-2.5084927900817835,2.5084927900817835,1.476,4.1736441355391865
901241.0,2.5,-0.3411915960638172,0.3411915960638172,000502_2014-06-08_23-02-32_260595134347_rgbf000063-resize,-3.1007250530260215,3.1007250530260215,2.431,13.897287578908273
901241.0,2.5,-0.4983420671053447,0.4983420671053447,001806_2014-06-26_20-50-20_260595134347_rgbf000091-resize,-3.4002250530260216,3.4002250530260216,2.7305,13.909869710567438
901241.0,2.5,-0.3264717944230713,0.3264717944230713,000493_2014-06-09_21-01-18_260595134347_rgbf000196-resize,-3.56557344744238,3.56557344744238,3.44,19.629285382994567
901241.0,2.5,-0.6510045701799354,0.6510045701799354,000506_2014-06-08_23-21-00_260595134347_rgbf000070-resize,-4.18407344744238,4.18407344744238,4.0585,16.716212007621664
901241.0,2.5,-0.21270661466762256,0.21270661466762256,003079_2014-06-15_15-18-20_094959634447_rgbf000152-resize,-3.1844573159702603,3.1844573159702603,2.8775,9.032134209869396
901241.0,2.5,-0.5141521759809962,0.5141521759809962,001449_2014-06-19_17-01-27_260595134347_rgbf000116-resize,-3.75895731597026,3.75895731597026,3.452,8.994872108877228
901241.0,2.5,-0.2796350035158215,0.2796350035158215,003228_2014-05-14_13-42-35_094959634447_rgbf000101-resize,-2.8191089215539034,2.8191089215539034,1.9680000000000002,14.40337638638131
901241.0,2.5,-0.5514344826460662,0.5514344826460662,000368_2014-06-09_15-53-01_260595134347_rgbf000155-resize,-3.337108921553903,3.337108921553903,2.4859999999999998,21.090700959072958
901241.0,2.5,-0.507718010349864,0.507718010349864,002209_2014-06-28_18-36-10_260595134347_rgbf000051-resize,-3.0894927900817835,3.0894927900817835,2.057,12.962068825921264
901241.0,2.5,-0.10828944025272096,0.10828944025272096,000927_2014-06-09_16-32-30_260595134347_rgbf000123-resize,-2.9854573159702604,2.9854573159702604,2.6785,11.715239650325241
901241.0,2.5,-0.8211071861956578,0.8211071861956578,002570_2014-06-24_13-59-54_094959634447_rgbf000059-resize,-4.34395731597026,4.34395731597026,4.037,41.596140375002705
901241.0,2.5,-0.6468757211271183,0.6468757211271183,002467_2014-06-28_20-38-07_260595134347_rgbf000026-resize,-4.504805710386618,4.504805710386618,4.742,15.331046216195933
901241.0,2.5,-0.4694271732430234,0.4694271732430234,002663_2014-06-13_15-50-26_094959634447_rgbf000075-resize,-4.3309218418587365,4.3309218418587365,4.7495,16.725954086732166
901241.0,2.5,-0.4804740089495732,0.4804740089495732,000409_2014-06-04_19-23-33_260595134347_rgbf000067-resize,-3.85907344744238,3.85907344744238,3.7335,12.696549983566419
901241.0,2.5,-0.00046165461321651113,0.00046165461321651113,001011_2014-06-08_23-18-54_260595134347_rgbf000044-resize,-2.7799573159702606,2.7799573159702606,2.4730000000000003,11.624075606213012
901241.0,2.5,-0.4607565173341155,0.4607565173341155,002875_2014-06-01_15-19-00_094959634447_rgbf000151-resize,-2.999992790081784,2.999992790081784,1.9675,11.625680938349673
901241.0,2.5,-0.4789278185960326,0.4789278185960326,001092_2014-06-15_17-34-58_260595134347_rgbf000171-resize,-3.3632250530260217,3.3632250530260217,2.6935,9.164038324933468
901241.0,2.5,-0.25471130610523085,0.25471130610523085,002545_2014-06-24_13-38-53_094959634447_rgbf000080-resize,-2.771608921553903,2.771608921553903,1.9205,12.083824048628237
901241.0,2.5,-0.21798164676330667,0.21798164676330667,001167_2014-06-17_15-38-07_260595134347_rgbf000108-resize,-2.7016089215539028,2.7016089215539028,1.8505,12.019050657019696
901241.0,2.5,-0.5031891539863729,0.5031891539863729,003587_2014-05-23_16-48-02_094959634447_rgbf002384-resize,-2.7522605271375458,2.7522605271375458,1.357,20.788172722830538
816125.0,2.5,-0.14757714988404938,0.14757714988404938,001815_2014-06-26_20-52-55_260595134347_rgbf000020-resize,-3.361250756828968,3.361250756828968,3.3865,18.626322656731816
816125.0,2.5,-0.23651539643342026,0.23651539643342026,000677_2014-06-08_23-10-32_260595134347_rgbf000158-resize,-3.530750756828968,3.530750756828968,3.556,19.65196273325612
816125.0,2.5,-1.7129771851860325,1.7129771851860325,001417_2014-06-19_16-25-36_260595134347_rgbf000115-resize,-5.51553582177888,5.51553582177888,4.6255,49.17091269608214
816125.0,2.5,-0.4235743043676613,0.4235743043676613,003081_2014-06-15_15-19-16_094959634447_rgbf000150-resize,-3.8872507568289687,3.8872507568289687,3.9125,16.632991649560594
816125.0,2.5,-0.7152422246335903,0.7152422246335903,000682_2014-06-08_23-14-58_260595134347_rgbf000041-resize,-3.6140358217788817,3.6140358217788817,2.7239999999999998,8.707843071693064
816125.0,2.5,-0.30937948890531874,0.30937948890531874,001650_2014-06-20_12-09-00_260595134347_rgbf000087-resize,-2.8405358217788814,2.8405358217788814,1.9505,47.6804595860539
816125.0,2.5,-0.3576527554689921,0.3576527554689921,001244_2014-06-17_16-47-45_260595134347_rgbf000030-resize,-2.9325358217788815,2.9325358217788815,2.0425,6.7629638807870815
816125.0,2.5,-0.7483694348341149,0.7483694348341149,001158_2014-06-17_15-32-16_260595134347_rgbf000138-resize,-4.506250756828968,4.506250756828968,4.5315,26.954451973303737
816125.0,2.5,-0.9110293547769204,0.9110293547769204,000556_2014-06-09_22-42-56_260595134347_rgbf000214-resize,-4.816250756828968,4.816250756828968,4.8415,23.88242025565649
816125.0,2.5,-0.4786687933805453,0.4786687933805453,002375_2014-06-28_20-13-44_260595134347_rgbf000032-resize,-3.9922507568289687,3.9922507568289687,4.0175,48.76103649676905
816125.0,2.5,-0.13314764085685607,0.13314764085685607,000788_2014-06-08_22-34-36_260595134347_rgbf000131-resize,-3.333750756828968,3.333750756828968,3.359,21.46386213810664
816125.0,2.5,-0.2913475307367267,0.2913475307367267,001235_2014-06-17_16-37-36_260595134347_rgbf000084-resize,-3.635250756828968,3.635250756828968,3.6605,14.547706659434104
816125.0,2.5,-1.206894950396221,1.206894950396221,000692_2014-06-08_13-09-42_260595134347_rgbf000199-resize,-4.551035821778881,4.551035821778881,3.661,54.80046590295557
816125.0,2.5,-0.5836106772146078,0.5836106772146078,001094_2014-06-15_17-36-00_260595134347_rgbf000205-resize,-4.192250756828969,4.192250756828969,4.2175,17.196771274488466
816125.0,2.5,-1.1619617782643723,1.1619617782643723,000470_2014-06-09_19-42-40_260595134347_rgbf000094-resize,-3.6363208867287935,3.6363208867287935,1.831,22.486379427626872
816125.0,2.5,-0.9119377400296969,0.9119377400296969,000109_2014-05-14_23-41-52_260595134347_rgbf000035-resize,-3.1598208867287942,3.1598208867287942,1.3545,6.620498200896815
816125.0,2.5,-0.2328593652763239,0.2328593652763239,002784_2014-06-22_19-26-30_094959634447_rgbf000083-resize,-2.694702488445581,2.694702488445581,1.8046666666667,3.0422522474895675
816125.0,2.5,-0.15275372728296244,0.15275372728296244,000469_2014-06-09_19-42-10_260595134347_rgbf000081-resize,-2.5420358217788808,2.5420358217788808,1.652,25.13136208408983
816125.0,2.5,-0.1732173946306106,0.1732173946306106,002964_2014-06-08_17-46-11_094959634447_rgbf000091-resize,-2.5810358217788814,2.5810358217788814,1.6909999999999998,28.953812917975768
816125.0,2.5,-0.3127901001299236,0.3127901001299236,002136_2014-06-25_21-18-03_260595134347_rgbf000109-resize,-2.8470358217788814,2.8470358217788814,1.9569999999999999,13.297078442475444
816125.0,2.5,-1.5988528865164866,1.5988528865164866,002039_2014-06-24_20-22-38_260595134347_rgbf000084-resize,-5.298035821778882,5.298035821778882,4.408,15.524303639345458
816125.0,2.5,-1.4398659325078682,1.4398659325078682,002103_2014-06-25_20-00-40_260595134347_rgbf000049-resize,-4.995035821778882,4.995035821778882,4.105,11.598018874569219
816125.0,2.5,-0.2700967992603266,0.2700967992603266,002213_2014-06-28_18-37-58_260595134347_rgbf000055-resize,-3.5947507568289687,3.5947507568289687,3.62,11.387296889913552
816125.0,2.5,-0.5497669196781333,0.5497669196781333,000691_2014-06-08_13-08-50_260595134347_rgbf000132-resize,-4.127750756828968,4.127750756828968,4.1530000000000005,14.740846212587924
816125.0,2.5,-0.7908003809941238,0.7908003809941238,000929_2014-06-09_16-33-19_260595134347_rgbf000139-resize,-3.7580358217788814,3.7580358217788814,2.8680000000000003,19.501338012209015
816125.0,2.5,-0.4608286731287531,0.4608286731287531,003621_2014-05-23_18-06-08_094959634447_rgbf000101-resize,-3.958250756828968,3.958250756828968,3.9835,23.07176470133362
816125.0,2.5,-0.2228729515349849,0.2228729515349849,001584_2014-06-20_11-07-43_260595134347_rgbf000002-resize,-3.5047507568289675,3.5047507568289675,3.53,17.602834139105468
816125.0,2.5,-0.07527163638546053,0.07527163638546053,002279_2014-06-28_18-55-32_260595134347_rgbf000040-resize,-2.394369155112181,2.394369155112181,1.5043333333333,15.963772282558683
816125.0,2.5,-0.7779450002244548,0.7779450002244548,002043_2014-06-24_20-29-38_260595134347_rgbf000039-resize,-3.7335358217788817,3.7335358217788817,2.8435,8.475049543704081
816125.0,2.5,-1.3866079264620697,1.3866079264620697,003048_2014-06-15_13-49-43_094959634447_rgbf000150-resize,-4.893535821778881,4.893535821778881,4.0035,24.355606534500392
816125.0,2.5,-1.1302873751973452,1.1302873751973452,000736_2014-06-08_18-24-15_260595134347_rgbf000206-resize,-4.405035821778881,4.405035821778881,3.515,33.408170606136416
816125.0,2.5,-2.187768692742429,2.187768692742429,000137_2014-05-20_17-04-49_260595134347_rgbf000120-resize,-5.591320886728795,5.591320886728795,3.786,14.89611111351161
816125.0,2.5,-0.6829725953546197,0.6829725953546197,001056_2014-06-08_18-46-44_260595134347_rgbf000068-resize,-3.5525358217788816,3.5525358217788816,2.6625,11.38594592369452
816125.0,2.5,-0.3332537674775702,0.3332537674775702,002199_2014-06-28_18-33-56_260595134347_rgbf000074-resize,-2.8860358217788815,2.8860358217788815,1.996,17.12852126070164
816125.0,2.5,-1.243624609738146,1.243624609738146,002323_2014-06-28_20-01-54_260595134347_rgbf000051-resize,-4.621035821778881,4.621035821778881,3.7310000000000003,18.09172628388976
816125.0,2.5,-1.2661165979696918,1.2661165979696918,002905_2014-06-03_18-04-43_094959634447_rgbf000151-resize,-3.8348208867287945,3.8348208867287945,2.0295,12.020604335789361
816125.0,2.5,-1.9104597647108923,1.9104597647108923,003423_2014-05-21_10-23-26_094959634447_rgbf002665-resize,-5.062820886728794,5.062820886728794,3.2575,35.43119222475438
816125.0,2.5,-1.8730135580330045,1.8730135580330045,003129_2014-05-12_10-48-10_094959634447_rgbf000100-resize,-5.820535821778883,5.820535821778883,4.9305,17.9074543760639
816125.0,2.5,-0.9811993833601864,0.9811993833601864,000810_2014-06-08_17-20-01_260595134347_rgbf000105-resize,-3.2918208867287944,3.2918208867287944,1.4865,3.0958890116960642
816125.0,2.5,-0.6766760823245752,0.6766760823245752,001214_2014-06-17_16-13-55_260595134347_rgbf000111-resize,-3.5405358217788816,3.5405358217788816,2.6505,18.479282579459067
816125.0,2.5,-0.8213040440987834,0.8213040440987834,002748_2014-06-22_19-07-22_094959634447_rgbf000078-resize,-4.6452507568289665,4.6452507568289665,4.6705,35.71435075733748
816125.0,2.5,-1.4217634575464868,1.4217634575464868,000436_2014-06-09_22-25-11_260595134347_rgbf000137-resize,-4.9605358217788815,4.9605358217788815,4.0705,20.69156545677159
816125.0,2.5,-0.673598342602337,0.673598342602337,002444_2014-06-28_20-32-08_260595134347_rgbf000027-resize,-4.363750756828966,4.363750756828966,4.388999999999999,17.102760279009576
816125.0,2.5,-1.4957474856495072,1.4957474856495072,001133_2014-06-17_14-49-16_260595134347_rgbf000100-resize,-5.1015358217788815,5.1015358217788815,4.2115,26.759918254713728
816125.0,2.5,-0.8293665233031509,0.8293665233031509,003070_2014-06-15_14-58-27_094959634447_rgbf000150-resize,-3.8315358217788815,3.8315358217788815,2.9415,10.664823740812926
816125.0,2.5,-0.3230219338037445,0.3230219338037445,000943_2014-06-09_19-31-07_260595134347_rgbf000128-resize,-2.8665358217788817,2.8665358217788817,1.9765,15.893099149291922
816125.0,2.5,-0.8957422648281961,0.8957422648281961,000854_2014-06-09_19-43-13_260595134347_rgbf000066-resize,-3.9580358217788816,3.9580358217788816,3.068,11.910827625938722
816125.0,2.5,-0.2470095848168336,0.2470095848168336,002660_2014-06-13_15-44-18_094959634447_rgbf001878-resize,-3.5507507568289687,3.5507507568289687,3.576,15.11997681444361
816125.0,2.5,-0.22497178921167107,0.22497178921167107,000739_2014-06-08_18-45-58_260595134347_rgbf000068-resize,-3.5087507568289675,3.5087507568289675,3.534,8.164356963721069
816125.0,2.5,-0.5209079016237578,0.5209079016237578,000734_2014-06-08_17-39-11_260595134347_rgbf000128-resize,-4.0727507568289685,4.0727507568289685,4.098,16.052231618370055
816125.0,2.5,-0.05785183920591765,0.05785183920591765,000866_2014-06-09_20-45-42_260595134347_rgbf000139-resize,-3.190250756828968,3.190250756828968,3.2155,8.082259189449621
816125.0,2.5,-0.14278424831873082,0.14278424831873082,001555_2014-06-20_17-12-10_260595134347_rgbf000065-resize,-2.523035821778881,2.523035821778881,1.633,7.608284543781994
816125.0,2.5,-0.03416939855046164,0.03416939855046164,003534_2014-05-22_15-06-10_094959634447_rgbf000102-resize,-2.316035821778881,2.316035821778881,1.426,12.376994007247625
816125.0,2.5,-0.3329914127679836,0.3329914127679836,002637_2014-06-24_14-51-13_094959634447_rgbf000066-resize,-2.8855358217788813,2.8855358217788813,1.9955,10.972027795242447
816125.0,2.5,-0.9800286433978204,0.9800286433978204,000773_2014-06-08_22-24-54_260595134347_rgbf000093-resize,-4.947750756828968,4.947750756828968,4.973,21.45352631724976
816125.0,2.5,-0.6599558977039109,0.6599558977039109,002414_2014-06-28_20-24-58_260595134347_rgbf000067-resize,-4.337750756828968,4.337750756828968,4.363,31.720662178139435
816125.0,2.5,-0.0877602760986195,0.0877602760986195,001032_2014-06-08_13-23-17_260595134347_rgbf000021-resize,-3.247250756828968,3.247250756828968,3.2725,15.984983178828962
816125.0,2.5,-0.19742454470522602,0.19742454470522602,003292_2014-05-14_21-53-49_094959634447_rgbf000100-resize,-3.456250756828968,3.456250756828968,3.4815,33.084282711345374
816125.0,2.5,-1.4044480467138702,1.4044480467138702,002639_2014-06-24_14-51-37_094959634447_rgbf000074-resize,-4.927535821778881,4.927535821778881,4.0375,16.521406794569987
816125.0,2.5,-0.7145256772976177,0.7145256772976177,001570_2014-06-20_17-21-09_260595134347_rgbf000135-resize,-4.4417507568289665,4.4417507568289665,4.467,22.179510675592084
816125.0,2.5,-0.7208221903276694,0.7208221903276694,000447_2014-06-08_16-15-46_260595134347_rgbf000130-resize,-4.453750756828968,4.453750756828968,4.479,19.081432914605553
816125.0,2.5,-0.5417651010357752,0.5417651010357752,001447_2014-06-19_17-00-32_260595134347_rgbf000082-resize,-4.112500756828966,4.112500756828966,4.13775,46.830399423560245
816125.0,2.5,-0.6265663327938056,0.6265663327938056,002758_2014-06-22_19-11-20_094959634447_rgbf000128-resize,-3.445035821778881,3.445035821778881,2.555,7.204478276142114
816125.0,2.5,-0.17433733026173362,0.17433733026173362,001199_2014-06-17_16-03-48_260595134347_rgbf000077-resize,-3.412250756828968,3.412250756828968,3.4375,28.282249848901696
816125.0,2.5,-0.718652835858204,0.718652835858204,001806_2014-06-26_20-50-20_260595134347_rgbf000091-resize,-3.6205358217788817,3.6205358217788817,2.7305,13.909869710567438
816125.0,2.5,-1.2751071748883722,1.2751071748883722,001617_2014-06-20_11-35-32_260595134347_rgbf000066-resize,-4.681035821778881,4.681035821778881,3.7910000000000004,19.974169961071475
816125.0,2.5,-1.090934168759573,1.090934168759573,000493_2014-06-09_21-01-18_260595134347_rgbf000196-resize,-4.330035821778882,4.330035821778882,3.44,19.629285382994567
816125.0,2.5,-1.0972306817896171,1.0972306817896171,001449_2014-06-19_17-01-27_260595134347_rgbf000116-resize,-4.3420358217788815,4.3420358217788815,3.452,8.994872108877228
816125.0,2.5,-0.475083279016225,0.475083279016225,001450_2014-06-19_17-02-03_260595134347_rgbf000203-resize,-3.9854174234956683,3.9854174234956683,4.0106666666667,12.34882649363641
816125.0,2.5,-1.648105055125711,1.648105055125711,002600_2014-06-24_14-27-04_094959634447_rgbf000074-resize,-4.562820886728794,4.562820886728794,2.7575,44.47386082434929
816125.0,2.5,-0.31856190374079985,0.31856190374079985,003228_2014-05-14_13-42-35_094959634447_rgbf000101-resize,-2.858035821778881,2.858035821778881,1.9680000000000002,14.40337638638131
816125.0,2.5,-2.319470756954192,2.319470756954192,002570_2014-06-24_13-59-54_094959634447_rgbf000059-resize,-5.8423208867287935,5.8423208867287935,4.037,41.596140375002705
816125.0,2.5,-1.7741058325193817,1.7741058325193817,002467_2014-06-28_20-38-07_260595134347_rgbf000026-resize,-5.6320358217788815,5.6320358217788815,4.742,15.331046216195933
816125.0,2.5,-0.32965131833616146,0.32965131833616146,000409_2014-06-04_19-23-33_260595134347_rgbf000067-resize,-3.708250756828968,3.708250756828968,3.7335,12.696549983566419
233432.0,2.5,-0.6853210433526081,0.6853210433526081,001029_2014-06-08_13-17-57_260595134347_rgbf000065-resize,-3.7549816043061486,3.7549816043061486,3.0835,18.209734661918688
233432.0,2.5,-0.9332462439106012,0.9332462439106012,000677_2014-06-08_23-10-32_260595134347_rgbf000158-resize,-4.227481604306149,4.227481604306149,3.556,19.65196273325612
233432.0,2.5,-0.5345849553121061,0.5345849553121061,001516_2014-06-20_16-25-09_260595134347_rgbf000076-resize,-2.9678314285347653,2.9678314285347653,1.7445,3.8622659094666254
233432.0,2.5,-0.5684553276162256,0.5684553276162256,003081_2014-06-15_15-19-16_094959634447_rgbf000150-resize,-4.032131780077532,4.032131780077532,3.9125,16.632991649560594
233432.0,2.5,-0.4966880071608578,0.4966880071608578,000682_2014-06-08_23-14-58_260595134347_rgbf000041-resize,-3.395481604306149,3.395481604306149,2.7239999999999998,8.707843071693064
233432.0,2.5,-0.4721445344308326,0.4721445344308326,003495_2014-05-21_16-01-51_094959634447_rgbf000100-resize,-2.8488314285347656,2.8488314285347656,1.6255,12.747278812179
233432.0,2.5,-1.0559103780254848,1.0559103780254848,000556_2014-06-09_22-42-56_260595134347_rgbf000214-resize,-4.961131780077532,4.961131780077532,4.8415,23.88242025565649
233432.0,2.5,-0.1195664195159776,0.1195664195159776,000665_2014-06-09_20-42-35_260595134347_rgbf000110-resize,-3.1766317800775323,3.1766317800775323,3.057,18.49880761375764
233432.0,2.5,-0.6235498166291096,0.6235498166291096,002375_2014-06-28_20-13-44_260595134347_rgbf000032-resize,-4.1371317800775325,4.1371317800775325,4.0175,48.76103649676905
233432.0,2.5,-0.8298784883340369,0.8298784883340369,000788_2014-06-08_22-34-36_260595134347_rgbf000131-resize,-4.030481604306149,4.030481604306149,3.359,21.46386213810664
233432.0,2.5,-0.43622855398529103,0.43622855398529103,001235_2014-06-17_16-37-36_260595134347_rgbf000084-resize,-3.780131780077532,3.780131780077532,3.6605,14.547706659434104
233432.0,2.5,-0.028122495841726658,0.028122495841726658,000470_2014-06-09_19-42-40_260595134347_rgbf000094-resize,-2.5024816043061486,2.5024816043061486,1.831,22.486379427626872
233432.0,2.5,-0.5075624202248374,0.5075624202248374,003338_2014-05-20_11-01-23_094959634447_rgbf000051-resize,-2.916331428534765,2.916331428534765,1.693,28.251495663089063
233432.0,2.5,-0.566154972032208,0.566154972032208,002784_2014-06-22_19-26-30_094959634447_rgbf000083-resize,-3.0279980952014656,3.0279980952014656,1.8046666666667,3.0422522474895675
233432.0,2.5,-0.3207658670001844,0.3207658670001844,000483_2014-06-09_20-41-45_260595134347_rgbf000116-resize,-2.5603314285347656,2.5603314285347656,1.337,29.232414989368262
233432.0,2.5,-1.6102126498437277,1.6102126498437277,002964_2014-06-08_17-46-11_094959634447_rgbf000091-resize,-4.018031076991998,4.018031076991998,1.6909999999999998,28.953812917975768
233432.0,2.5,-0.09423588265719107,0.09423588265719107,002136_2014-06-25_21-18-03_260595134347_rgbf000109-resize,-2.628481604306149,2.628481604306149,1.9569999999999999,13.297078442475444
233432.0,2.5,-1.3802986690437544,1.3802986690437544,002039_2014-06-24_20-22-38_260595134347_rgbf000084-resize,-5.0794816043061495,5.0794816043061495,4.408,15.524303639345458
233432.0,2.5,-0.5722461635213912,0.5722461635213912,000929_2014-06-09_16-33-19_260595134347_rgbf000139-resize,-3.539481604306149,3.539481604306149,2.8680000000000003,19.501338012209015
233432.0,2.5,-0.4085672431413446,0.4085672431413446,002279_2014-06-28_18-55-32_260595134347_rgbf000040-resize,-2.7276647618680654,2.7276647618680654,1.5043333333333,15.963772282558683
233432.0,2.5,-0.6162038847607205,0.6162038847607205,003048_2014-06-15_13-49-43_094959634447_rgbf000150-resize,-4.123131780077532,4.123131780077532,4.0035,24.355606534500392
233432.0,2.5,-0.033369590033433094,0.033369590033433094,000549_2014-06-08_22-10-24_260595134347_rgbf000247-resize,-2.512481604306149,2.512481604306149,1.841,30.99307977870557
233432.0,2.5,-0.3598833334959961,0.3598833334959961,000736_2014-06-08_18-24-15_260595134347_rgbf000206-resize,-3.634631780077533,3.634631780077533,3.515,33.408170606136416
233432.0,2.5,-0.027479916451578903,0.027479916451578903,000642_2014-06-08_16-59-25_260595134347_rgbf000098-resize,-3.0011317800775323,3.0011317800775323,2.8815,31.36214301237791
233432.0,2.5,-0.007947797971291026,0.007947797971291026,002425_2014-06-28_20-27-29_260595134347_rgbf000031-resize,-3.463781955848916,3.463781955848916,3.8960000000000004,8.40495801096819
233432.0,2.5,-0.11469955000483767,0.11469955000483767,002199_2014-06-28_18-33-56_260595134347_rgbf000074-resize,-2.6674816043061487,2.6674816043061487,1.996,17.12852126070164
233432.0,2.5,-3.4714748296119886,3.4714748296119886,000917_2014-06-09_22-45-29_260595134347_rgbf000149-resize,-7.065380901220616,7.065380901220616,4.1865,9.740561609074897
233432.0,2.5,-2.680619864951263,2.680619864951263,002323_2014-06-28_20-01-54_260595134347_rgbf000051-resize,-6.0580310769919965,6.0580310769919965,3.7310000000000003,18.09172628388976
233432.0,2.5,-0.13227731554704614,0.13227731554704614,002905_2014-06-03_18-04-43_094959634447_rgbf000151-resize,-2.7009816043061488,2.7009816043061488,2.0295,12.020604335789361
233432.0,2.5,-0.7766204822882466,0.7766204822882466,003423_2014-05-21_10-23-26_094959634447_rgbf002665-resize,-3.928981604306149,3.928981604306149,3.2575,35.43119222475438
233432.0,2.5,-1.1026095163316552,1.1026095163316552,003129_2014-05-12_10-48-10_094959634447_rgbf000100-resize,-5.050131780077533,5.050131780077533,4.9305,17.9074543760639
233432.0,2.5,-0.043339068997672266,0.043339068997672266,001571_2014-06-20_17-21-32_260595134347_rgbf000089-resize,-2.531481604306149,2.531481604306149,1.86,4.991960350191473
233432.0,2.5,-0.2666295416222849,0.2666295416222849,002444_2014-06-28_20-32-08_260595134347_rgbf000027-resize,-3.9567819558489137,3.9567819558489137,4.388999999999999,17.102760279009576
233432.0,2.5,-2.3808929166340085,2.3808929166340085,001133_2014-06-17_14-49-16_260595134347_rgbf000100-resize,-5.9866812527633835,5.9866812527633835,4.2115,26.759918254713728
233432.0,2.5,-2.140313647944394,2.140313647944394,001132_2014-06-17_14-48-54_260595134347_rgbf000100-resize,-5.528181252763382,5.528181252763382,3.753,14.398279213278778
233432.0,2.5,-2.266361778516268,2.266361778516268,003070_2014-06-15_14-58-27_094959634447_rgbf000150-resize,-5.268531076991998,5.268531076991998,2.9415,10.664823740812926
233432.0,2.5,-0.10446771633101204,0.10446771633101204,000943_2014-06-09_19-31-07_260595134347_rgbf000128-resize,-2.647981604306149,2.647981604306149,1.9765,15.893099149291922
233432.0,2.5,-0.6771880473554636,0.6771880473554636,000854_2014-06-09_19-43-13_260595134347_rgbf000066-resize,-3.7394816043061487,3.7394816043061487,3.068,11.910827625938722
233432.0,2.5,-0.3817766443625504,0.3817766443625504,002153_2014-06-25_21-27-18_260595134347_rgbf000038-resize,-3.176481604306149,3.176481604306149,2.505,17.28886317575377
233432.0,2.5,-0.9437404322940144,0.9437404322940144,002660_2014-06-13_15-44-18_094959634447_rgbf001878-resize,-4.247481604306149,4.247481604306149,3.576,15.11997681444361
233432.0,2.5,-0.6117172399301529,0.6117172399301529,002949_2014-06-26_15-57-42_094959634447_rgbf000079-resize,-3.1148314285347656,3.1148314285347656,1.8915,17.99500168321199
233432.0,2.5,-3.3323089635608514,3.3323089635608514,000773_2014-06-08_22-24-54_260595134347_rgbf000093-resize,-7.3000310769919965,7.3000310769919965,4.973,21.45352631724976
233432.0,2.5,-0.8048369209524753,0.8048369209524753,002414_2014-06-28_20-24-58_260595134347_rgbf000067-resize,-4.482631780077533,4.482631780077533,4.363,31.720662178139435
233432.0,2.5,-0.23264129934718386,0.23264129934718386,001032_2014-06-08_13-23-17_260595134347_rgbf000021-resize,-3.3921317800775324,3.3921317800775324,3.2725,15.984983178828962
233432.0,2.5,-0.8941553921824069,0.8941553921824069,003292_2014-05-14_21-53-49_094959634447_rgbf000100-resize,-4.152981604306149,4.152981604306149,3.4815,33.084282711345374
233432.0,2.5,-0.6340440050125211,0.6340440050125211,002639_2014-06-24_14-51-37_094959634447_rgbf000074-resize,-4.157131780077532,4.157131780077532,4.0375,16.521406794569987
233432.0,2.5,-0.6866461242843396,0.6866461242843396,001447_2014-06-19_17-00-32_260595134347_rgbf000082-resize,-4.257381780077532,4.257381780077532,4.13775,46.830399423560245
233432.0,2.5,-1.4978335789379056,1.4978335789379056,000742_2014-06-08_18-48-09_260595134347_rgbf000164-resize,-5.303481604306148,5.303481604306148,4.632,18.91549953899407
233432.0,2.5,-0.40801211532107307,0.40801211532107307,002758_2014-06-22_19-11-20_094959634447_rgbf000128-resize,-3.226481604306149,3.226481604306149,2.555,7.204478276142114
233432.0,2.5,-2.049249948950716,2.049249948950716,002549_2014-06-24_13-41-39_094959634447_rgbf000022-resize,-4.354880901220616,4.354880901220616,1.476,4.1736441355391865
233432.0,2.5,-0.30254552206782737,0.30254552206782737,002750_2014-06-22_19-08-03_094959634447_rgbf000094-resize,-3.0254816043061488,3.0254816043061488,2.354,8.789636111124727
233432.0,2.5,-0.3429481473439441,0.3429481473439441,000502_2014-06-08_23-02-32_260595134347_rgbf000063-resize,-3.1024816043061487,3.1024816043061487,2.431,13.897287578908273
233432.0,2.5,-0.13623925095843875,0.13623925095843875,003083_2014-06-15_15-21-03_094959634447_rgbf000063-resize,-3.708281955848916,3.708281955848916,4.1405,19.172834459547143
233432.0,2.5,-0.3205301270582239,0.3205301270582239,000493_2014-06-09_21-01-18_260595134347_rgbf000196-resize,-3.5596317800775323,3.5596317800775323,3.44,19.629285382994567
233432.0,2.5,-0.645062902815088,0.645062902815088,000506_2014-06-08_23-21-00_260595134347_rgbf000070-resize,-4.178131780077533,4.178131780077533,4.0585,16.716212007621664
233432.0,2.5,-0.3718071653983121,0.3718071653983121,000368_2014-06-09_15-53-01_260595134347_rgbf000155-resize,-3.157481604306149,3.157481604306149,2.4859999999999998,21.090700959072958
233432.0,2.5,-0.16521613898379894,0.16521613898379894,002805_2014-06-22_19-54-03_094959634447_rgbf000079-resize,-3.2636317800775325,3.2636317800775325,3.1439999999999997,7.377848172936663
233432.0,2.5,-1.185631474531546,1.185631474531546,002570_2014-06-24_13-59-54_094959634447_rgbf000059-resize,-4.708481604306148,4.708481604306148,4.037,41.596140375002705
233432.0,2.5,-1.0037017908180326,1.0037017908180326,002467_2014-06-28_20-38-07_260595134347_rgbf000026-resize,-4.8616317800775315,4.8616317800775315,4.742,15.331046216195933
233432.0,2.5,-0.24928751602203456,0.24928751602203456,001810_2014-06-26_20-51-35_260595134347_rgbf000040-resize,-2.9239816043061486,2.9239816043061486,2.2525,22.411391411207674
233432.0,2.5,-1.559486935690435,1.559486935690435,002663_2014-06-13_15-50-26_094959634447_rgbf000075-resize,-5.4209816043061485,5.4209816043061485,4.7495,16.725954086732166
233432.0,2.5,-1.578231990041959,1.578231990041959,000409_2014-06-04_19-23-33_260595134347_rgbf000067-resize,-4.956831428534764,4.956831428534764,3.7335,12.696549983566419
233432.0,2.5,-0.3649859429491048,0.3649859429491048,001011_2014-06-08_23-18-54_260595134347_rgbf000044-resize,-3.144481604306149,3.144481604306149,2.4730000000000003,11.624075606213012
233432.0,2.5,-0.6515951557870974,0.6515951557870974,002875_2014-06-01_15-19-00_094959634447_rgbf000151-resize,-3.190831428534765,3.190831428534765,1.9675,11.625680938349673
117386.0,2.5,-0.3406993322156713,0.3406993322156713,001808_2014-06-26_20-50-58_260595134347_rgbf000029-resize,-3.964311065126149,3.964311065126149,4.249,20.030651550568866
117386.0,2.5,-0.6018854356711338,0.6018854356711338,001029_2014-06-08_13-17-57_260595134347_rgbf000065-resize,-3.6715459966246735,3.6715459966246735,3.0835,18.209734661918688
117386.0,2.5,-1.0936292031232713,1.0936292031232713,001417_2014-06-19_16-25-36_260595134347_rgbf000115-resize,-4.89618783971612,4.89618783971612,4.6255,49.17091269608214
117386.0,2.5,-0.8781904657090908,0.8781904657090908,003081_2014-06-15_15-19-16_094959634447_rgbf000150-resize,-4.341866918170397,4.341866918170397,3.9125,16.632991649560594
117386.0,2.5,-0.4132523994793835,0.4132523994793835,000682_2014-06-08_23-14-58_260595134347_rgbf000041-resize,-3.3120459966246747,3.3120459966246747,2.7239999999999998,8.707843071693064
117386.0,2.5,-1.0443065177212671,1.0443065177212671,001158_2014-06-17_15-32-16_260595134347_rgbf000138-resize,-4.802187839716121,4.802187839716121,4.5315,26.954451973303737
117386.0,2.5,-1.127626898436934,1.127626898436934,000556_2014-06-09_22-42-56_260595134347_rgbf000214-resize,-5.032848300488982,5.032848300488982,4.8415,23.88242025565649
117386.0,2.5,-0.8618160567823978,0.8618160567823978,001150_2014-06-17_15-27-34_260595134347_rgbf000108-resize,-4.382527378943259,4.382527378943259,4.0325,11.088139074292139
117386.0,2.5,-0.27062247915456544,0.27062247915456544,000665_2014-06-09_20-42-35_260595134347_rgbf000110-resize,-3.3276878397161203,3.3276878397161203,3.057,18.49880761375764
117386.0,2.5,-0.7746058762676975,0.7746058762676975,002375_2014-06-28_20-13-44_260595134347_rgbf000032-resize,-4.28818783971612,4.28818783971612,4.0175,48.76103649676905
117386.0,2.5,-0.42908472374400825,0.42908472374400825,000788_2014-06-08_22-34-36_260595134347_rgbf000131-resize,-3.6296878397161203,3.6296878397161203,3.359,21.46386213810664
117386.0,2.5,-0.2699264567153244,0.2699264567153244,001235_2014-06-17_16-37-36_260595134347_rgbf000084-resize,-3.6138296828075656,3.6138296828075656,3.6605,14.547706659434104
117386.0,2.5,-1.117566377783176,1.117566377783176,001094_2014-06-15_17-36-00_260595134347_rgbf000205-resize,-4.726206457397536,4.726206457397536,4.2175,17.196771274488466
117386.0,2.5,-0.6000944735487906,0.6000944735487906,000780_2014-06-08_22-28-29_260595134347_rgbf000126-resize,-3.811866918170397,3.811866918170397,3.3825,14.165390776882042
117386.0,2.5,-0.02990664793068098,0.02990664793068098,002964_2014-06-08_17-46-11_094959634447_rgbf000091-resize,-2.4377250750789514,2.4377250750789514,1.6909999999999998,28.953812917975768
117386.0,2.5,-0.9001653652265871,0.9001653652265871,002039_2014-06-24_20-22-38_260595134347_rgbf000084-resize,-4.599348300488981,4.599348300488981,4.408,15.524303639345458
117386.0,2.5,-0.9791970288993842,0.9791970288993842,002103_2014-06-25_20-00-40_260595134347_rgbf000049-resize,-4.534366918170399,4.534366918170399,4.105,11.598018874569219
117386.0,2.5,-0.4866943429203401,0.4866943429203401,002213_2014-06-28_18-37-58_260595134347_rgbf000055-resize,-3.811348300488981,3.811348300488981,3.62,11.387296889913552
117386.0,2.5,-0.8457040025652856,0.8457040025652856,000691_2014-06-08_13-08-50_260595134347_rgbf000132-resize,-4.423687839716121,4.423687839716121,4.1530000000000005,14.740846212587924
117386.0,2.5,-0.2507919381585011,0.2507919381585011,000929_2014-06-09_16-33-19_260595134347_rgbf000139-resize,-3.2180273789432587,3.2180273789432587,2.8680000000000003,19.501338012209015
117386.0,2.5,-0.7399295337576947,0.7399295337576947,000457_2014-06-08_16-52-43_260595134347_rgbf000199-resize,-4.0783669181703965,4.0783669181703965,3.6489999999999996,14.067279821032837
117386.0,2.5,-0.20138898142593487,0.20138898142593487,003621_2014-05-23_18-06-08_094959634447_rgbf000101-resize,-3.698811065126149,3.698811065126149,3.9835,23.07176470133362
117386.0,2.5,-1.1372429810020708,1.1372429810020708,001175_2014-06-17_15-45-55_260595134347_rgbf000129-resize,-4.763706457397536,4.763706457397536,4.255,15.34903910495583
117386.0,2.5,-0.7375683413714252,0.7375683413714252,003490_2014-05-21_15-50-11_094959634447_rgbf000101-resize,-4.073866918170396,4.073866918170396,3.6445,19.999457360175192
117386.0,2.5,-0.07925747893455484,0.07925747893455484,002043_2014-06-24_20-29-38_260595134347_rgbf000039-resize,-3.034848300488981,3.034848300488981,2.8435,8.475049543704081
117386.0,2.5,-0.211883169809338,0.211883169809338,003048_2014-06-15_13-49-43_094959634447_rgbf000150-resize,-3.7188110651261495,3.7188110651261495,4.0035,24.355606534500392
117386.0,2.5,-0.2729207754531681,0.2729207754531681,000736_2014-06-08_18-24-15_260595134347_rgbf000206-resize,-3.5476692220347044,3.5476692220347044,3.515,33.408170606136416
117386.0,2.5,-0.3357774888212,0.3357774888212,000137_2014-05-20_17-04-49_260595134347_rgbf000120-resize,-3.7393296828075657,3.7393296828075657,3.786,14.89611111351161
117386.0,2.5,-0.3809827702004129,0.3809827702004129,001056_2014-06-08_18-46-44_260595134347_rgbf000068-resize,-3.2505459966246746,3.2505459966246746,2.6625,11.38594592369452
117386.0,2.5,-0.4665840719718004,0.4665840719718004,000917_2014-06-09_22-45-29_260595134347_rgbf000149-resize,-4.060490143580426,4.060490143580426,4.1865,9.740561609074897
117386.0,2.5,-0.06889985308541441,0.06889985308541441,002323_2014-06-28_20-01-54_260595134347_rgbf000051-resize,-3.446311065126149,3.446311065126149,3.7310000000000003,18.09172628388976
117386.0,2.5,-0.3758267176982179,0.3758267176982179,003423_2014-05-21_10-23-26_094959634447_rgbf002665-resize,-3.52818783971612,3.52818783971612,3.2575,35.43119222475438
117386.0,2.5,-0.30333654652215103,0.30333654652215103,000414_2014-06-04_19-49-13_260595134347_rgbf000044-resize,-3.9649715258990117,3.9649715258990117,4.329,13.241348366125557
117386.0,2.5,-0.4602701836988569,0.4602701836988569,003129_2014-05-12_10-48-10_094959634447_rgbf000100-resize,-4.407792447444733,4.407792447444733,4.9305,17.9074543760639
117386.0,2.5,-1.4058942036173048,1.4058942036173048,002988_2014-06-15_12-24-20_094959634447_rgbf000150-resize,-5.275706457397536,5.275706457397536,4.7669999999999995,14.460306569198616
117386.0,2.5,-0.9789346741897916,0.9789346741897916,001052_2014-06-08_18-24-54_260595134347_rgbf000130-resize,-4.533866918170396,4.533866918170396,4.1045,25.87613690895519
117386.0,2.5,-0.2160071787160912,0.2160071787160912,001214_2014-06-17_16-13-55_260595134347_rgbf000111-resize,-3.079866918170397,3.079866918170397,2.6505,18.479282579459067
117386.0,2.5,-1.275920205440213,1.275920205440213,002748_2014-06-22_19-07-22_094959634447_rgbf000078-resize,-5.099866918170397,5.099866918170397,4.6705,35.71435075733748
117386.0,2.5,-0.326378240120894,0.326378240120894,000436_2014-06-09_22-25-11_260595134347_rgbf000137-resize,-3.8651506043532877,3.8651506043532877,4.0705,20.69156545677159
117386.0,2.5,-1.2075540431709049,1.2075540431709049,002444_2014-06-28_20-32-08_260595134347_rgbf000027-resize,-4.897706457397534,4.897706457397534,4.388999999999999,17.102760279009576
117386.0,2.5,-0.7970599643596072,0.7970599643596072,001133_2014-06-17_14-49-16_260595134347_rgbf000100-resize,-4.402848300488982,4.402848300488982,4.2115,26.759918254713728
117386.0,2.5,-0.8738388525785478,0.8738388525785478,001132_2014-06-17_14-48-54_260595134347_rgbf000100-resize,-4.261706457397536,4.261706457397536,3.753,14.398279213278778
117386.0,2.5,-0.2100185412403896,0.2100185412403896,003070_2014-06-15_14-58-27_094959634447_rgbf000150-resize,-3.2121878397161203,3.2121878397161203,2.9415,10.664823740812926
117386.0,2.5,-0.3612887917386145,0.3612887917386145,000758_2014-06-08_22-05-08_260595134347_rgbf000085-resize,-3.5723483004889816,3.5723483004889816,3.3810000000000002,11.91317737826679
117386.0,2.5,-0.463607128476847,0.463607128476847,002660_2014-06-13_15-44-18_094959634447_rgbf001878-resize,-3.767348300488981,3.767348300488981,3.576,15.11997681444361
117386.0,2.5,-0.5209088720988233,0.5209088720988233,000739_2014-06-08_18-45-58_260595134347_rgbf000068-resize,-3.80468783971612,3.80468783971612,3.534,8.164356963721069
117386.0,2.5,-0.81684498451091,0.81684498451091,000734_2014-06-08_17-39-11_260595134347_rgbf000128-resize,-4.36868783971612,4.36868783971612,4.098,16.052231618370055
117386.0,2.5,-0.2282923292218377,0.2282923292218377,000522_2014-06-08_13-35-06_260595134347_rgbf000244-resize,-2.9595459966246747,2.9595459966246747,2.3715,25.742609854068213
117386.0,2.5,-0.3136767971283874,0.3136767971283874,002989_2014-06-15_12-25-03_094959634447_rgbf000150-resize,-3.912811065126149,3.912811065126149,4.1975,27.906783421951957
117386.0,2.5,-1.5139843439663885,1.5139843439663885,000773_2014-06-08_22-24-54_260595134347_rgbf000093-resize,-5.481706457397536,5.481706457397536,4.973,21.45352631724976
117386.0,2.5,-1.1145720590453403,1.1145720590453403,002414_2014-06-28_20-24-58_260595134347_rgbf000067-resize,-4.792366918170399,4.792366918170399,4.363,31.720662178139435
117386.0,2.5,-0.5423764374400489,0.5423764374400489,001032_2014-06-08_13-23-17_260595134347_rgbf000021-resize,-3.701866918170397,3.701866918170397,3.2725,15.984983178828962
117386.0,2.5,-0.7851000646511089,0.7851000646511089,002639_2014-06-24_14-51-37_094959634447_rgbf000074-resize,-4.30818783971612,4.30818783971612,4.0375,16.521406794569987
117386.0,2.5,-0.5344255248219382,0.5344255248219382,001570_2014-06-20_17-21-09_260595134347_rgbf000135-resize,-4.261650604353288,4.261650604353288,4.467,22.179510675592084
117386.0,2.5,-0.3602219976573783,0.3602219976573783,001392_2014-06-19_16-07-59_260595134347_rgbf000046-resize,-3.929650604353288,3.929650604353288,4.135,18.95235574822112
117386.0,2.5,-0.4613824986248512,0.4613824986248512,000447_2014-06-08_16-15-46_260595134347_rgbf000130-resize,-4.19431106512615,4.19431106512615,4.479,19.081432914605553
117386.0,2.5,-1.0757208016043434,1.0757208016043434,001447_2014-06-19_17-00-32_260595134347_rgbf000082-resize,-4.646456457397536,4.646456457397536,4.13775,46.830399423560245
117386.0,2.5,-1.125699373780321,1.125699373780321,001066_2014-06-08_22-03-20_260595134347_rgbf000066-resize,-4.7417064573975365,4.7417064573975365,4.2330000000000005,19.743449467077777
117386.0,2.5,-1.2557188928021543,1.2557188928021543,000742_2014-06-08_18-48-09_260595134347_rgbf000164-resize,-5.061366918170397,5.061366918170397,4.632,18.91549953899407
117386.0,2.5,-0.5630569386525266,0.5630569386525266,002630_2014-06-24_14-47-50_094959634447_rgbf000055-resize,-3.5975459966246746,3.5975459966246746,3.0095,10.661401196716628
117386.0,2.5,-0.007218350731044321,0.007218350731044321,002758_2014-06-22_19-11-20_094959634447_rgbf000128-resize,-2.8256878397161205,2.8256878397161205,2.555,7.204478276142114
117386.0,2.5,-0.4702744131488858,0.4702744131488858,001199_2014-06-17_16-03-48_260595134347_rgbf000077-resize,-3.7081878397161203,3.7081878397161203,3.4375,28.282249848901696
117386.0,2.5,-0.1008334612081926,0.1008334612081926,000502_2014-06-08_23-02-32_260595134347_rgbf000063-resize,-2.860366918170397,2.860366918170397,2.431,13.897287578908273
117386.0,2.5,-0.2837683602356727,0.2837683602356727,003083_2014-06-15_15-21-03_094959634447_rgbf000063-resize,-3.8558110651261495,3.8558110651261495,4.1405,19.172834459547143
117386.0,2.5,-0.25798393224972005,0.25798393224972005,001806_2014-06-26_20-50-20_260595134347_rgbf000091-resize,-3.1598669181703976,3.1598669181703976,2.7305,13.909869710567438
117386.0,2.5,-0.1003824182356406,0.1003824182356406,001617_2014-06-20_11-35-32_260595134347_rgbf000066-resize,-3.506311065126149,3.506311065126149,3.7910000000000004,19.974169961071475
117386.0,2.5,-0.4715861866968118,0.4715861866968118,000493_2014-06-09_21-01-18_260595134347_rgbf000196-resize,-3.7106878397161203,3.7106878397161203,3.44,19.629285382994567
117386.0,2.5,-0.8188983013428365,0.8188983013428365,000191_2014-05-12_17-07-38_260595134347_rgbf000199-resize,-4.2288669181703975,4.2288669181703975,3.7995,12.340757267219296
117386.0,2.5,-0.8754585016808145,0.8754585016808145,000506_2014-06-08_23-21-00_260595134347_rgbf000070-resize,-4.408527378943258,4.408527378943258,4.0585,16.716212007621664
117386.0,2.5,-0.4144557560948979,0.4144557560948979,003079_2014-06-15_15-18-20_094959634447_rgbf000152-resize,-3.386206457397536,3.386206457397536,2.8775,9.032134209869396
117386.0,2.5,-0.6365617781811329,0.6365617781811329,001449_2014-06-19_17-01-27_260595134347_rgbf000116-resize,-3.881366918170397,3.881366918170397,3.452,8.994872108877228
117386.0,2.5,-1.0090389795847932,1.0090389795847932,001450_2014-06-19_17-02-03_260595134347_rgbf000203-resize,-4.519373124064236,4.519373124064236,4.0106666666667,12.34882649363641
117386.0,2.5,-0.35149062579445245,0.35149062579445245,002600_2014-06-24_14-27-04_094959634447_rgbf000074-resize,-3.2662064573975362,3.2662064573975362,2.7575,44.47386082434929
117386.0,2.5,-0.7773378402959652,0.7773378402959652,000009_2014-05-26_14-32-05_260595134347_rgbf000034-resize,-4.221527378943258,4.221527378943258,3.8715,34.796526826055185
117386.0,2.5,-1.1988334416669402,1.1988334416669402,001828_2014-06-26_21-40-03_260595134347_rgbf000024-resize,-5.096687839716121,5.096687839716121,4.8260000000000005,35.55232951340613
117386.0,2.5,-0.07201996399858053,0.07201996399858053,000927_2014-06-09_16-32-30_260595134347_rgbf000123-resize,-2.9491878397161204,2.9491878397161204,2.6785,11.715239650325241
117386.0,2.5,-0.3613624581852343,0.3613624581852343,002467_2014-06-28_20-38-07_260595134347_rgbf000026-resize,-4.219292447444734,4.219292447444734,4.742,15.331046216195933
117386.0,2.5,-1.0793536318732675,1.0793536318732675,002663_2014-06-13_15-50-26_094959634447_rgbf000075-resize,-4.940848300488982,4.940848300488982,4.7495,16.725954086732166
117386.0,2.5,-0.07989060528613072,0.07989060528613072,001092_2014-06-15_17-34-58_260595134347_rgbf000171-resize,-2.96418783971612,2.96418783971612,2.6935,9.164038324933468
169393.0,2.5,-0.4793946976696871,0.4793946976696871,001029_2014-06-08_13-17-57_260595134347_rgbf000065-resize,-3.5490552586232282,3.5490552586232282,3.0835,18.209734661918688
169393.0,2.5,-0.7273198982276801,0.7273198982276801,000677_2014-06-08_23-10-32_260595134347_rgbf000158-resize,-4.021555258623228,4.021555258623228,3.556,19.65196273325612
169393.0,2.5,-0.1791723330195344,0.1791723330195344,001516_2014-06-20_16-25-09_260595134347_rgbf000076-resize,-2.612418806242194,2.612418806242194,1.7445,3.8622659094666254
169393.0,2.5,-1.0873148482208956,1.0873148482208956,001417_2014-06-19_16-25-36_260595134347_rgbf000115-resize,-4.889873484813744,4.889873484813744,4.6255,49.17091269608214
169393.0,2.5,-0.10965171092398872,0.10965171092398872,003081_2014-06-15_15-19-16_094959634447_rgbf000150-resize,-3.573328163385296,3.573328163385296,3.9125,16.632991649560594
169393.0,2.5,-0.29076166147793675,0.29076166147793675,000682_2014-06-08_23-14-58_260595134347_rgbf000041-resize,-3.189555258623228,3.189555258623228,2.7239999999999998,8.707843071693064
169393.0,2.5,-0.6896260209875973,0.6896260209875973,001650_2014-06-20_12-09-00_260595134347_rgbf000087-resize,-3.22078235386116,3.22078235386116,1.9505,47.6804595860539
169393.0,2.5,-0.7378992875512707,0.7378992875512707,001244_2014-06-17_16-47-45_260595134347_rgbf000030-resize,-3.3127823538611603,3.3127823538611603,2.0425,6.7629638807870815
169393.0,2.5,-0.519095459757227,0.519095459757227,003495_2014-05-21_16-01-51_094959634447_rgbf000100-resize,-2.89578235386116,2.89578235386116,1.6255,12.747278812179
169393.0,2.5,-0.4344468413904423,0.4344468413904423,001158_2014-06-17_15-32-16_260595134347_rgbf000138-resize,-4.1923281633852945,4.1923281633852945,4.5315,26.954451973303737
169393.0,2.5,-0.17261684122443444,0.17261684122443444,001150_2014-06-17_15-27-34_260595134347_rgbf000108-resize,-3.693328163385295,3.693328163385295,4.0325,11.088139074292139
169393.0,2.5,-0.4654898980616731,0.4654898980616731,000665_2014-06-09_20-42-35_260595134347_rgbf000110-resize,-3.5225552586232283,3.5225552586232283,3.057,18.49880761375764
169393.0,2.5,-1.170655068984288,1.170655068984288,002375_2014-06-28_20-13-44_260595134347_rgbf000032-resize,-4.68423703243271,4.68423703243271,4.0175,48.76103649676905
169393.0,2.5,-0.24227032864702736,0.24227032864702736,002568_2014-06-24_13-59-21_094959634447_rgbf000062-resize,-3.2793734848137444,3.2793734848137444,3.015,29.63840999388049
169393.0,2.5,-0.020406821222666627,0.020406821222666627,000788_2014-06-08_22-34-36_260595134347_rgbf000131-resize,-3.2210099371947782,3.2210099371947782,3.359,21.46386213810664
169393.0,2.5,-0.5809702587215033,0.5809702587215033,001235_2014-06-17_16-37-36_260595134347_rgbf000084-resize,-3.924873484813745,3.924873484813745,3.6605,14.547706659434104
169393.0,2.5,-0.22455969777777152,0.22455969777777152,000470_2014-06-09_19-42-40_260595134347_rgbf000094-resize,-2.6989188062421934,2.6989188062421934,1.831,22.486379427626872
169393.0,2.5,-0.5780809809715453,0.5780809809715453,000109_2014-05-14_23-41-52_260595134347_rgbf000035-resize,-2.8259641276706433,2.8259641276706433,1.3545,6.620498200896815
169393.0,2.5,-0.35171315504188416,0.35171315504188416,002509_2014-06-24_13-19-22_094959634447_rgbf000077-resize,-2.57678235386116,2.57678235386116,1.3065,40.21868783296904
169393.0,2.5,-0.3533315717417487,0.3533315717417487,003338_2014-05-20_11-01-23_094959634447_rgbf000051-resize,-2.7621005800516767,2.7621005800516767,1.693,28.251495663089063
169393.0,2.5,-0.6131058973586024,0.6131058973586024,002784_2014-06-22_19-26-30_094959634447_rgbf000083-resize,-3.07494902052786,3.07494902052786,1.8046666666667,3.0422522474895675
169393.0,2.5,-0.8415293978374199,0.8415293978374199,001100_2014-06-15_17-46-26_260595134347_rgbf000225-resize,-3.5102823538611605,3.5102823538611605,2.24,9.548860596737413
169393.0,2.5,-0.533000259365241,0.533000259365241,000469_2014-06-09_19-42-10_260595134347_rgbf000081-resize,-2.9222823538611604,2.9222823538611604,1.652,25.13136208408983
169393.0,2.5,-0.5688985661360618,0.5688985661360618,000483_2014-06-09_20-41-45_260595134347_rgbf000116-resize,-2.8084641276706432,2.8084641276706432,1.337,29.232414989368262
169393.0,2.5,-0.7546457005223721,0.7546457005223721,002964_2014-06-08_17-46-11_094959634447_rgbf000091-resize,-3.1624641276706433,3.1624641276706433,1.6909999999999998,28.953812917975768
169393.0,2.5,-0.4918548584027189,0.4918548584027189,002136_2014-06-25_21-18-03_260595134347_rgbf000109-resize,-3.0261005800516765,3.0261005800516765,1.9569999999999999,13.297078442475444
169393.0,2.5,-0.31131390571027834,0.31131390571027834,001584_2014-06-20_11-07-43_260595134347_rgbf000002-resize,-3.5931917110042613,3.5931917110042613,3.53,17.602834139105468
169393.0,2.5,-0.4555181684677391,0.4555181684677391,002279_2014-06-28_18-55-32_260595134347_rgbf000040-resize,-2.77461568719446,2.77461568719446,1.5043333333333,15.963772282558683
169393.0,2.5,-0.2143721525462986,0.2143721525462986,002725_2014-06-22_11-47-51_094959634447_rgbf000070-resize,-2.8617370324327105,2.8617370324327105,2.195,3.938570017428758
169393.0,2.5,-0.6961406002848747,0.6961406002848747,002344_2014-06-28_20-06-29_260595134347_rgbf000030-resize,-3.0509641276706425,3.0509641276706425,1.5795,37.33165518125916
169393.0,2.5,-0.6321703395884442,0.6321703395884442,000549_2014-06-08_22-10-24_260595134347_rgbf000247-resize,-3.1112823538611605,3.1112823538611605,1.841,30.99307977870557
169393.0,2.5,-0.5046250382322084,0.5046250382322084,000736_2014-06-08_18-24-15_260595134347_rgbf000206-resize,-3.779373484813744,3.779373484813744,3.515,33.408170606136416
169393.0,2.5,-0.04327596939892975,0.04327596939892975,000137_2014-05-20_17-04-49_260595134347_rgbf000120-resize,-3.4468281633852955,3.4468281633852955,3.786,14.89611111351161
169393.0,2.5,-0.3734033949972744,0.3734033949972744,000642_2014-06-08_16-59-25_260595134347_rgbf000098-resize,-3.3470552586232283,3.3470552586232283,2.8815,31.36214301237791
169393.0,2.5,-0.5123185257503655,0.5123185257503655,002199_2014-06-28_18-33-56_260595134347_rgbf000074-resize,-3.0651005800516766,3.0651005800516766,1.996,17.12852126070164
169393.0,2.5,-0.25342209177666875,0.25342209177666875,000917_2014-06-09_22-45-29_260595134347_rgbf000149-resize,-3.847328163385295,3.847328163385295,4.1865,9.740561609074897
169393.0,2.5,-0.278822834219552,0.278822834219552,002953_2014-06-08_17-32-18_094959634447_rgbf000059-resize,-2.620100580051677,2.620100580051677,1.551,13.905027931093345
169393.0,2.5,-0.529896291292574,0.529896291292574,002905_2014-06-03_18-04-43_094959634447_rgbf000151-resize,-3.0986005800516767,3.0986005800516767,2.0295,12.020604335789361
169393.0,2.5,-0.6438058996394183,0.6438058996394183,003129_2014-05-12_10-48-10_094959634447_rgbf000100-resize,-4.5913281633852945,4.5913281633852945,4.9305,17.9074543760639
169393.0,2.5,-0.2103959194046896,0.2103959194046896,001052_2014-06-08_18-24-54_260595134347_rgbf000130-resize,-3.765328163385295,3.765328163385295,4.1045,25.87613690895519
169393.0,2.5,-0.04379730287358552,0.04379730287358552,000810_2014-06-08_17-20-01_260595134347_rgbf000105-resize,-2.354418806242194,2.354418806242194,1.4865,3.0958890116960642
169393.0,2.5,-0.6545590667878876,0.6545590667878876,001214_2014-06-17_16-13-55_260595134347_rgbf000111-resize,-3.518418806242193,3.518418806242193,2.6505,18.479282579459067
169393.0,2.5,-0.26329961791167955,0.26329961791167955,002272_2014-06-28_18-53-56_260595134347_rgbf000067-resize,-2.40828235386116,2.40828235386116,1.138,10.409245808146235
169393.0,2.5,-0.2397762709337171,0.2397762709337171,001571_2014-06-20_17-21-32_260595134347_rgbf000089-resize,-2.7279188062421937,2.7279188062421937,1.86,4.991960350191473
169393.0,2.5,-0.06535805344643786,0.06535805344643786,001133_2014-06-17_14-49-16_260595134347_rgbf000100-resize,-3.6711463895758123,3.6711463895758123,4.2115,26.759918254713728
169393.0,2.5,-0.5020866920765399,0.5020866920765399,000943_2014-06-09_19-31-07_260595134347_rgbf000128-resize,-3.0456005800516763,3.0456005800516763,1.9765,15.893099149291922
169393.0,2.5,-0.015902502717370315,0.015902502717370315,002057_2014-06-24_21-00-13_260595134347_rgbf000120-resize,-3.030191711004261,3.030191711004261,2.967,10.990036854719376
169393.0,2.5,-0.008686060231518411,0.008686060231518411,000709_2014-06-08_13-51-55_260595134347_rgbf000068-resize,-2.4697370324327106,2.4697370324327106,1.8030000000000002,14.429351101546246
169393.0,2.5,-1.0748070231009914,1.0748070231009914,000854_2014-06-09_19-43-13_260595134347_rgbf000066-resize,-4.137100580051676,4.137100580051676,3.068,11.910827625938722
169393.0,2.5,-0.5782138462985953,0.5782138462985953,002153_2014-06-25_21-27-18_260595134347_rgbf000038-resize,-3.3729188062421933,3.3729188062421933,2.505,17.28886317575377
169393.0,2.5,-0.335450538992127,0.335450538992127,002660_2014-06-13_15-44-18_094959634447_rgbf001878-resize,-3.6391917110042615,3.6391917110042615,3.576,15.11997681444361
169393.0,2.5,-0.7157762910059309,0.7157762910059309,000739_2014-06-08_18-45-58_260595134347_rgbf000068-resize,-3.999555258623228,3.999555258623228,3.534,8.164356963721069
169393.0,2.5,-0.8105306296085344,0.8105306296085344,000734_2014-06-08_17-39-11_260595134347_rgbf000128-resize,-4.3623734848137445,4.3623734848137445,4.098,16.052231618370055
169393.0,2.5,-0.9105286864583232,0.9105286864583232,000522_2014-06-08_13-35-06_260595134347_rgbf000244-resize,-3.6417823538611604,3.6417823538611604,2.3715,25.742609854068213
169393.0,2.5,-0.2563046176375813,0.2563046176375813,002949_2014-06-26_15-57-42_094959634447_rgbf000079-resize,-2.7594188062421936,2.7594188062421936,1.8915,17.99500168321199
169393.0,2.5,-0.5486563410001775,0.5486563410001775,000866_2014-06-09_20-45-42_260595134347_rgbf000139-resize,-3.681055258623228,3.681055258623228,3.2155,8.082259189449621
169393.0,2.5,-0.5230307804010094,0.5230307804010094,001555_2014-06-20_17-12-10_260595134347_rgbf000065-resize,-2.9032823538611603,2.9032823538611603,1.633,7.608284543781994
169393.0,2.5,-0.6155977044422232,0.6155977044422232,003534_2014-05-22_15-06-10_094959634447_rgbf000102-resize,-2.8974641276706428,2.8974641276706428,1.426,12.376994007247625
169393.0,2.5,-0.31087439723129595,0.31087439723129595,002637_2014-06-24_14-51-13_094959634447_rgbf000066-resize,-2.8634188062421937,2.8634188062421937,1.9955,10.972027795242447
169393.0,2.5,-0.13299790413254253,0.13299790413254253,001016_2014-06-09_16-16-10_260595134347_rgbf000112-resize,-2.5244188062421937,2.5244188062421937,1.6565,7.049977084494088
169393.0,2.5,-0.06256072852569894,0.06256072852569894,000773_2014-06-08_22-24-54_260595134347_rgbf000093-resize,-4.030282841956846,4.030282841956846,4.973,21.45352631724976
169393.0,2.5,-0.5785647778928793,0.5785647778928793,001032_2014-06-08_13-23-17_260595134347_rgbf000021-resize,-3.7380552586232283,3.7380552586232283,3.2725,15.984983178828962
169393.0,2.5,-0.28586549888051943,0.28586549888051943,003292_2014-05-14_21-53-49_094959634447_rgbf000100-resize,-3.544691711004261,3.544691711004261,3.4815,33.084282711345374
169393.0,2.5,-0.5776039359392502,0.5776039359392502,002639_2014-06-24_14-51-37_094959634447_rgbf000074-resize,-4.100691711004261,4.100691711004261,4.0375,16.521406794569987
169393.0,2.5,-0.8313878290205519,0.8313878290205519,001447_2014-06-19_17-00-32_260595134347_rgbf000082-resize,-4.402123484813744,4.402123484813744,4.13775,46.830399423560245
169393.0,2.5,-0.4871801380170522,0.4871801380170522,000742_2014-06-08_18-48-09_260595134347_rgbf000164-resize,-4.292828163385295,4.292828163385295,4.632,18.91549953899407
169393.0,2.5,-0.6044493172571179,0.6044493172571179,002758_2014-06-22_19-11-20_094959634447_rgbf000128-resize,-3.4229188062421936,3.4229188062421936,2.555,7.204478276142114
169393.0,2.5,-0.2394696277817769,0.2394696277817769,002549_2014-06-24_13-41-39_094959634447_rgbf000022-resize,-2.5451005800516766,2.5451005800516766,1.476,4.1736441355391865
169393.0,2.5,-0.061596510627544176,0.061596510627544176,001199_2014-06-17_16-03-48_260595134347_rgbf000077-resize,-3.2995099371947783,3.2995099371947783,3.4375,28.282249848901696
169393.0,2.5,-0.5393853492799889,0.5393853492799889,000502_2014-06-08_23-02-32_260595134347_rgbf000063-resize,-3.298918806242193,3.298918806242193,2.431,13.897287578908273
169393.0,2.5,-0.6965358203215164,0.6965358203215164,001806_2014-06-26_20-50-20_260595134347_rgbf000091-resize,-3.5984188062421936,3.5984188062421936,2.7305,13.909869710567438
169393.0,2.5,-0.8506266117327186,0.8506266117327186,001617_2014-06-20_11-35-32_260595134347_rgbf000066-resize,-4.2565552586232265,4.2565552586232265,3.7910000000000004,19.974169961071475
169393.0,2.5,-0.4715683448244801,0.4715683448244801,001449_2014-06-19_17-01-27_260595134347_rgbf000116-resize,-3.7163734848137446,3.7163734848137446,3.452,8.994872108877228
169393.0,2.5,-0.6988084358230784,0.6988084358230784,003228_2014-05-14_13-42-35_094959634447_rgbf000101-resize,-3.2382823538611603,3.2382823538611603,1.9680000000000002,14.40337638638131
169393.0,2.5,-0.9706079149533232,0.9706079149533232,000368_2014-06-09_15-53-01_260595134347_rgbf000155-resize,-3.7562823538611605,3.7562823538611605,2.4859999999999998,21.090700959072958
169393.0,2.5,-0.34847800961442144,0.34847800961442144,002763_2014-06-22_19-13-10_094959634447_rgbf000075-resize,-2.7528505800516765,2.7528505800516765,1.68375,5.5919783591245595
169393.0,2.5,-0.5443258003197571,0.5443258003197571,002209_2014-06-28_18-36-10_260595134347_rgbf000051-resize,-3.126100580051677,3.126100580051677,2.057,12.962068825921264
169393.0,2.5,-0.18661021771714925,0.18661021771714925,001828_2014-06-26_21-40-03_260595134347_rgbf000024-resize,-4.08446461576633,4.08446461576633,4.8260000000000005,35.55232951340613
169393.0,2.5,-0.6469064917675624,0.6469064917675624,001810_2014-06-26_20-51-35_260595134347_rgbf000040-resize,-3.321600580051677,3.321600580051677,2.2525,22.411391411207674
169393.0,2.5,-0.015728724892488888,0.015728724892488888,000409_2014-06-04_19-23-33_260595134347_rgbf000067-resize,-3.3943281633852957,3.3943281633852957,3.7335,12.696549983566419
169393.0,2.5,-0.6985460811134918,0.6985460811134918,002875_2014-06-01_15-19-00_094959634447_rgbf000151-resize,-3.23778235386116,3.23778235386116,1.9675,11.625680938349673
169393.0,2.5,-0.4759397980027213,0.4759397980027213,001092_2014-06-15_17-34-58_260595134347_rgbf000171-resize,-3.3602370324327104,3.3602370324327104,2.6935,9.164038324933468
169393.0,2.5,-0.23479153145159734,0.23479153145159734,001167_2014-06-17_15-38-07_260595134347_rgbf000108-resize,-2.7184188062421937,2.7184188062421937,1.8505,12.019050657019696
169393.0,2.5,-0.3782109807099872,0.3782109807099872,003587_2014-05-23_16-48-02_094959634447_rgbf002384-resize,-2.6272823538611605,2.6272823538611605,1.357,20.788172722830538
595060.0,2.5,-0.2999977789969886,0.2999977789969886,001029_2014-06-08_13-17-57_260595134347_rgbf000065-resize,-3.3696583399505293,3.3696583399505293,3.0835,18.209734661918688
595060.0,2.5,-0.5479229795549816,0.5479229795549816,000677_2014-06-08_23-10-32_260595134347_rgbf000158-resize,-3.8421583399505295,3.8421583399505295,3.556,19.65196273325612
595060.0,2.5,-0.265685648766649,0.265685648766649,001417_2014-06-19_16-25-36_260595134347_rgbf000115-resize,-4.068244285359499,4.068244285359499,4.6255,49.17091269608214
595060.0,2.5,-0.5330717701007538,0.5330717701007538,000682_2014-06-08_23-14-58_260595134347_rgbf000041-resize,-3.431865367246045,3.431865367246045,2.7239999999999998,8.707843071693064
595060.0,2.5,-0.7597695753157556,0.7597695753157556,001650_2014-06-20_12-09-00_260595134347_rgbf000087-resize,-3.290925908189318,3.290925908189318,1.9505,47.6804595860539
595060.0,2.5,-0.3863358145839136,0.3863358145839136,001244_2014-06-17_16-47-45_260595134347_rgbf000030-resize,-2.9612188808938034,2.9612188808938034,2.0425,6.7629638807870815
595060.0,2.5,-0.8000925277331432,0.8000925277331432,003495_2014-05-21_16-01-51_094959634447_rgbf000100-resize,-3.1767794218370757,3.1767794218370757,1.6255,12.747278812179
595060.0,2.5,-0.6380699906601608,0.6380699906601608,001158_2014-06-17_15-32-16_260595134347_rgbf000138-resize,-4.395951312655014,4.395951312655014,4.5315,26.954451973303737
595060.0,2.5,-0.8007299106029664,0.8007299106029664,000556_2014-06-09_22-42-56_260595134347_rgbf000214-resize,-4.705951312655014,4.705951312655014,4.8415,23.88242025565649
595060.0,2.5,-1.211783403797622,1.211783403797622,002375_2014-06-28_20-13-44_260595134347_rgbf000032-resize,-4.725365367246045,4.725365367246045,4.0175,48.76103649676905
595060.0,2.5,-0.8662622512739331,0.8662622512739331,000788_2014-06-08_22-34-36_260595134347_rgbf000131-resize,-4.066865367246045,4.066865367246045,3.359,21.46386213810664
595060.0,2.5,-1.0244621411538035,1.0244621411538035,001235_2014-06-17_16-37-36_260595134347_rgbf000084-resize,-4.368365367246045,4.368365367246045,3.6605,14.547706659434104
595060.0,2.5,-0.4862132860771382,0.4862132860771382,000470_2014-06-09_19-42-40_260595134347_rgbf000094-resize,-2.9605723945415603,2.9605723945415603,1.831,22.486379427626872
595060.0,2.5,-0.6578962751379784,0.6578962751379784,000109_2014-05-14_23-41-52_260595134347_rgbf000035-resize,-2.9057794218370763,2.9057794218370763,1.3545,6.620498200896815
595060.0,2.5,-0.6327102230178003,0.6327102230178003,002509_2014-06-24_13-19-22_094959634447_rgbf000077-resize,-2.857779421837076,2.857779421837076,1.3065,40.21868783296904
595060.0,2.5,-0.6246568998793902,0.6246568998793902,003338_2014-05-20_11-01-23_094959634447_rgbf000051-resize,-3.0334259081893182,3.0334259081893182,1.693,28.251495663089063
595060.0,2.5,-0.4723959380390029,0.4723959380390029,002784_2014-06-22_19-26-30_094959634447_rgbf000083-resize,-2.9342390612082605,2.9342390612082605,1.8046666666667,3.0422522474895675
595060.0,2.5,-1.1225264658133358,1.1225264658133358,001100_2014-06-15_17-46-26_260595134347_rgbf000225-resize,-3.791279421837076,3.791279421837076,2.24,9.548860596737413
595060.0,2.5,-0.3922903000456415,0.3922903000456415,000469_2014-06-09_19-42-10_260595134347_rgbf000081-resize,-2.78157239454156,2.78157239454156,1.652,25.13136208408983
595060.0,2.5,-0.648713860302495,0.648713860302495,000483_2014-06-09_20-41-45_260595134347_rgbf000116-resize,-2.8882794218370758,2.8882794218370758,1.337,29.232414989368262
595060.0,2.5,-0.6236074810410475,0.6236074810410475,002964_2014-06-08_17-46-11_094959634447_rgbf000091-resize,-3.031425908189318,3.031425908189318,1.6909999999999998,28.953812917975768
595060.0,2.5,-0.5523266728926026,0.5523266728926026,002136_2014-06-25_21-18-03_260595134347_rgbf000109-resize,-3.0865723945415606,3.0865723945415606,1.9569999999999999,13.297078442475444
595060.0,2.5,-0.8611745027996947,0.8611745027996947,000691_2014-06-08_13-08-50_260595134347_rgbf000132-resize,-4.439158339950531,4.439158339950531,4.1530000000000005,14.740846212587924
595060.0,2.5,-0.1869228991657717,0.1869228991657717,000929_2014-06-09_16-33-19_260595134347_rgbf000139-resize,-3.1541583399505297,3.1541583399505297,2.8680000000000003,19.501338012209015
595060.0,2.5,-0.914694863555064,0.914694863555064,001175_2014-06-17_15-45-55_260595134347_rgbf000129-resize,-4.541158339950528,4.541158339950528,4.255,15.34903910495583
595060.0,2.5,-0.5943597631515571,0.5943597631515571,003490_2014-05-21_15-50-11_094959634447_rgbf000101-resize,-3.930658339950529,3.930658339950529,3.6445,19.999457360175192
595060.0,2.5,-0.5256617227958974,0.5256617227958974,002279_2014-06-28_18-55-32_260595134347_rgbf000040-resize,-2.8447592415226177,2.8447592415226177,1.5043333333333,15.963772282558683
595060.0,2.5,-0.17406751839610274,0.17406751839610274,002043_2014-06-24_20-29-38_260595134347_rgbf000039-resize,-3.1296583399505296,3.1296583399505296,2.8435,8.475049543704081
595060.0,2.5,-0.7759558944513079,0.7759558944513079,002344_2014-06-28_20-06-29_260595134347_rgbf000030-resize,-3.130779421837076,3.130779421837076,1.5795,37.33165518125916
595060.0,2.5,-0.7023138939166025,0.7023138939166025,000549_2014-06-08_22-10-24_260595134347_rgbf000247-resize,-3.1814259081893184,3.1814259081893184,1.841,30.99307977870557
595060.0,2.5,-0.5264098933689931,0.5264098933689931,000736_2014-06-08_18-24-15_260595134347_rgbf000206-resize,-3.8011583399505295,3.8011583399505295,3.515,33.408170606136416
595060.0,2.5,-0.6157135036200915,0.6157135036200915,000642_2014-06-08_16-59-25_260595134347_rgbf000098-resize,-3.5893653672460446,3.5893653672460446,2.8815,31.36214301237791
595060.0,2.5,-0.07909511352626769,0.07909511352626769,001056_2014-06-08_18-46-44_260595134347_rgbf000068-resize,-2.948658339950529,2.948658339950529,2.6625,11.38594592369452
595060.0,2.5,-0.9944973675357648,0.9944973675357648,002199_2014-06-28_18-33-56_260595134347_rgbf000074-resize,-3.547279421837076,3.547279421837076,1.996,17.12852126070164
595060.0,2.5,-0.03533821375087132,0.03533821375087132,000917_2014-06-09_22-45-29_260595134347_rgbf000149-resize,-3.6292442853594977,3.6292442853594977,4.1865,9.740561609074897
595060.0,2.5,-0.5501481623571935,0.5501481623571935,002953_2014-06-08_17-32-18_094959634447_rgbf000059-resize,-2.8914259081893183,2.8914259081893183,1.551,13.905027931093345
595060.0,2.5,-0.4945056277917387,0.4945056277917387,001214_2014-06-17_16-13-55_260595134347_rgbf000111-resize,-3.3583653672460447,3.3583653672460447,2.6505,18.479282579459067
595060.0,2.5,-0.5442966858875957,0.5442966858875957,002272_2014-06-28_18-53-56_260595134347_rgbf000067-resize,-2.689279421837076,2.689279421837076,1.138,10.409245808146235
595060.0,2.5,-0.5014298592330838,0.5014298592330838,001571_2014-06-20_17-21-32_260595134347_rgbf000089-resize,-2.9895723945415598,2.9895723945415598,1.86,4.991960350191473
595060.0,2.5,-0.5625585065664236,0.5625585065664236,000943_2014-06-09_19-31-07_260595134347_rgbf000128-resize,-3.1060723945415605,3.1060723945415605,1.9765,15.893099149291922
595060.0,2.5,-0.03439180390464691,0.03439180390464691,000758_2014-06-08_22-05-08_260595134347_rgbf000085-resize,-3.245451312655013,3.245451312655013,3.3810000000000002,11.91317737826679
595060.0,2.5,-0.9244253239431176,0.9244253239431176,000854_2014-06-09_19-43-13_260595134347_rgbf000066-resize,-3.9867188808938034,3.9867188808938034,3.068,11.910827625938722
595060.0,2.5,-0.4181604073024464,0.4181604073024464,002153_2014-06-25_21-27-18_260595134347_rgbf000038-resize,-3.2128653672460445,3.2128653672460445,2.505,17.28886317575377
595060.0,2.5,-0.8323154847453191,0.8323154847453191,000734_2014-06-08_17-39-11_260595134347_rgbf000128-resize,-4.384158339950528,4.384158339950528,4.098,16.052231618370055
595060.0,2.5,-1.1915257544342392,1.1915257544342392,000522_2014-06-08_13-35-06_260595134347_rgbf000244-resize,-3.9227794218370757,3.9227794218370757,2.3715,25.742609854068213
595060.0,2.5,-0.517958205936948,0.517958205936948,002949_2014-06-26_15-57-42_094959634447_rgbf000079-resize,-3.0210723945415605,3.0210723945415605,1.8915,17.99500168321199
595060.0,2.5,-0.7909664496229946,0.7909664496229946,000866_2014-06-09_20-45-42_260595134347_rgbf000139-resize,-3.9233653672460447,3.9233653672460447,3.2155,8.082259189449621
595060.0,2.5,-0.38232082108140986,0.38232082108140986,001555_2014-06-20_17-12-10_260595134347_rgbf000065-resize,-2.7625723945415603,2.7625723945415603,1.633,7.608284543781994
595060.0,2.5,-0.4845594849608985,0.4845594849608985,003534_2014-05-22_15-06-10_094959634447_rgbf000102-resize,-2.7664259081893183,2.7664259081893183,1.426,12.376994007247625
595060.0,2.5,-0.15082095823514707,0.15082095823514707,002637_2014-06-24_14-51-13_094959634447_rgbf000066-resize,-2.703365367246045,2.703365367246045,1.9955,10.972027795242447
595060.0,2.5,-0.026315144632835352,0.026315144632835352,000773_2014-06-08_22-24-54_260595134347_rgbf000093-resize,-3.994037258063983,3.994037258063983,4.973,21.45352631724976
595060.0,2.5,-0.12794942623444094,0.12794942623444094,002414_2014-06-28_20-24-58_260595134347_rgbf000067-resize,-3.8057442853594985,3.8057442853594985,4.363,31.720662178139435
595060.0,2.5,-0.3991678592201809,0.3991678592201809,001032_2014-06-08_13-23-17_260595134347_rgbf000021-resize,-3.5586583399505294,3.5586583399505294,3.2725,15.984983178828962
595060.0,2.5,-0.5088321278267873,0.5088321278267873,003292_2014-05-14_21-53-49_094959634447_rgbf000100-resize,-3.7676583399505295,3.7676583399505295,3.4815,33.084282711345374
595060.0,2.5,-0.6105227461537153,0.6105227461537153,000447_2014-06-08_16-15-46_260595134347_rgbf000130-resize,-4.343451312655014,4.343451312655014,4.479,19.081432914605553
595060.0,2.5,-1.274879711452852,1.274879711452852,001447_2014-06-19_17-00-32_260595134347_rgbf000082-resize,-4.845615367246045,4.845615367246045,4.13775,46.830399423560245
595060.0,2.5,-0.6922977426855563,0.6922977426855563,001066_2014-06-08_22-03-20_260595134347_rgbf000066-resize,-4.308304826302773,4.308304826302773,4.2330000000000005,19.743449467077777
595060.0,2.5,-0.9016568009345284,0.9016568009345284,000742_2014-06-08_18-48-09_260595134347_rgbf000164-resize,-4.707304826302772,4.707304826302772,4.632,18.91549953899407
595060.0,2.5,-0.5107949559194185,0.5107949559194185,002549_2014-06-24_13-41-39_094959634447_rgbf000022-resize,-2.816425908189318,2.816425908189318,1.476,4.1736441355391865
595060.0,2.5,-0.696598427031053,0.696598427031053,001199_2014-06-17_16-03-48_260595134347_rgbf000077-resize,-3.9345118535982873,3.9345118535982873,3.4375,28.282249848901696
595060.0,2.5,-0.011201580469020866,0.011201580469020866,003083_2014-06-15_15-21-03_094959634447_rgbf000063-resize,-3.5832442853594983,3.5832442853594983,4.1405,19.172834459547143
595060.0,2.5,-0.5364823813253675,0.5364823813253675,001806_2014-06-26_20-50-20_260595134347_rgbf000091-resize,-3.438365367246045,3.438365367246045,2.7305,13.909869710567438
595060.0,2.5,-0.9087637142267364,0.9087637142267364,000493_2014-06-09_21-01-18_260595134347_rgbf000196-resize,-4.147865367246045,4.147865367246045,3.44,19.629285382994567
595060.0,2.5,-0.3898824353925696,0.3898824353925696,000506_2014-06-08_23-21-00_260595134347_rgbf000070-resize,-3.9229513126550137,3.9229513126550137,4.0585,16.716212007621664
595060.0,2.5,-0.4933531999612649,0.4933531999612649,001449_2014-06-19_17-01-27_260595134347_rgbf000116-resize,-3.73815833995053,3.73815833995053,3.452,8.994872108877228
595060.0,2.5,-0.5506495356429614,0.5506495356429614,002600_2014-06-24_14-27-04_094959634447_rgbf000074-resize,-3.4653653672460445,3.4653653672460445,2.7575,44.47386082434929
595060.0,2.5,-0.3472449628557214,0.3472449628557214,003228_2014-05-14_13-42-35_094959634447_rgbf000101-resize,-2.8867188808938034,2.8867188808938034,1.9680000000000002,14.40337638638131
595060.0,2.5,-0.40819092833820797,0.40819092833820797,000368_2014-06-09_15-53-01_260595134347_rgbf000155-resize,-3.193865367246045,3.193865367246045,2.4859999999999998,21.090700959072958
595060.0,2.5,-0.8156511284573986,0.8156511284573986,002209_2014-06-28_18-36-10_260595134347_rgbf000051-resize,-3.397425908189318,3.397425908189318,2.057,12.962068825921264
595060.0,2.5,-0.212656996838524,0.212656996838524,001110_2014-06-15_17-25-28_260595134347_rgbf000150-resize,-2.6302188808938034,2.6302188808938034,1.7115,9.336195527413247
595060.0,2.5,-0.08749046423298973,0.08749046423298973,000927_2014-06-09_16-32-30_260595134347_rgbf000123-resize,-2.964658339950529,2.964658339950529,2.6785,11.715239650325241
595060.0,2.5,-0.8003082101759265,0.8003082101759265,002570_2014-06-24_13-59-54_094959634447_rgbf000059-resize,-4.3231583399505285,4.3231583399505285,4.037,41.596140375002705
595060.0,2.5,-0.32681429609999824,0.32681429609999824,002467_2014-06-28_20-38-07_260595134347_rgbf000026-resize,-4.184744285359498,4.184744285359498,4.742,15.331046216195933
595060.0,2.5,-0.4965247926096886,0.4965247926096886,001810_2014-06-26_20-51-35_260595134347_rgbf000040-resize,-3.1712188808938033,3.1712188808938033,2.2525,22.411391411207674
595060.0,2.5,-0.21935187416220736,0.21935187416220736,000409_2014-06-04_19-23-33_260595134347_rgbf000067-resize,-3.5979513126550136,3.5979513126550136,3.7335,12.696549983566419
595060.0,2.5,-0.3469826081461348,0.3469826081461348,002875_2014-06-01_15-19-00_094959634447_rgbf000151-resize,-2.8862188808938027,2.8862188808938027,1.9675,11.625680938349673
595060.0,2.5,-0.5170681328160555,0.5170681328160555,001092_2014-06-15_17-34-58_260595134347_rgbf000171-resize,-3.4013653672460444,3.4013653672460444,2.6935,9.164038324933468
595060.0,2.5,-0.11146775179737267,0.11146775179737267,002545_2014-06-24_13-38-53_094959634447_rgbf000080-resize,-2.6283653672460447,2.6283653672460447,1.9205,12.083824048628237
595060.0,2.5,-0.2855916061032065,0.2855916061032065,001167_2014-06-17_15-38-07_260595134347_rgbf000108-resize,-2.7692188808938027,2.7692188808938027,1.8505,12.019050657019696
595060.0,2.5,-0.6592080486859033,0.6592080486859033,003587_2014-05-23_16-48-02_094959634447_rgbf002384-resize,-2.908279421837076,2.908279421837076,1.357,20.788172722830538
789991.0,2.5,-0.44877935013335424,0.44877935013335424,001815_2014-06-26_20-52-55_260595134347_rgbf000020-resize,-3.6624529570782727,3.6624529570782727,3.3865,18.626322656731816
789991.0,2.5,-0.2897923961247321,0.2897923961247321,001029_2014-06-08_13-17-57_260595134347_rgbf000065-resize,-3.3594529570782727,3.3594529570782727,3.0835,18.209734661918688
789991.0,2.5,-0.5377175966827251,0.5377175966827251,000677_2014-06-08_23-10-32_260595134347_rgbf000158-resize,-3.831952957078273,3.831952957078273,3.556,19.65196273325612
789991.0,2.5,-1.098894320485424,1.098894320485424,001417_2014-06-19_16-25-36_260595134347_rgbf000115-resize,-4.9014529570782726,4.9014529570782726,4.6255,49.17091269608214
789991.0,2.5,-0.7247765046169662,0.7247765046169662,003081_2014-06-15_15-19-16_094959634447_rgbf000150-resize,-4.1884529570782725,4.1884529570782725,3.9125,16.632991649560594
789991.0,2.5,-0.10115935993298177,0.10115935993298177,000682_2014-06-08_23-14-58_260595134347_rgbf000041-resize,-2.9999529570782726,2.9999529570782726,2.7239999999999998,8.707843071693064
789991.0,2.5,-0.199020051951996,0.199020051951996,003495_2014-05-21_16-01-51_094959634447_rgbf000100-resize,-2.575706946055929,2.575706946055929,1.6255,12.747278812179
789991.0,2.5,-1.04957163508342,1.04957163508342,001158_2014-06-17_15-32-16_260595134347_rgbf000138-resize,-4.807452957078273,4.807452957078273,4.5315,26.954451973303737
789991.0,2.5,-1.2122315550262257,1.2122315550262257,000556_2014-06-09_22-42-56_260595134347_rgbf000214-resize,-5.117452957078274,5.117452957078274,4.8415,23.88242025565649
789991.0,2.5,-0.7877416349174119,0.7877416349174119,001150_2014-06-17_15-27-34_260595134347_rgbf000108-resize,-4.308452957078273,4.308452957078273,4.0325,11.088139074292139
789991.0,2.5,-0.2758875965167181,0.2758875965167181,000665_2014-06-09_20-42-35_260595134347_rgbf000110-resize,-3.3329529570782728,3.3329529570782728,3.057,18.49880761375764
789991.0,2.5,-0.7798709936298501,0.7798709936298501,002375_2014-06-28_20-13-44_260595134347_rgbf000032-resize,-4.293452957078273,4.293452957078273,4.0175,48.76103649676905
789991.0,2.5,-0.2538498009115556,0.2538498009115556,002568_2014-06-24_13-59-21_094959634447_rgbf000062-resize,-3.2909529570782725,3.2909529570782725,3.015,29.63840999388049
789991.0,2.5,-0.4343498411061609,0.4343498411061609,000788_2014-06-08_22-34-36_260595134347_rgbf000131-resize,-3.634952957078273,3.634952957078273,3.359,21.46386213810664
789991.0,2.5,-0.5925497309860316,0.5925497309860316,001235_2014-06-17_16-37-36_260595134347_rgbf000084-resize,-3.9364529570782727,3.9364529570782727,3.6605,14.547706659434104
789991.0,2.5,-0.5928120856956124,0.5928120856956124,000692_2014-06-08_13-09-42_260595134347_rgbf000199-resize,-3.936952957078273,3.936952957078273,3.661,54.80046590295557
789991.0,2.5,-0.3729612244069711,0.3729612244069711,002136_2014-06-25_21-18-03_260595134347_rgbf000109-resize,-2.9072069460559287,2.9072069460559287,1.9569999999999999,13.297078442475444
789991.0,2.5,-0.9847700218158784,0.9847700218158784,002039_2014-06-24_20-22-38_260595134347_rgbf000084-resize,-4.683952957078273,4.683952957078273,4.408,15.524303639345458
789991.0,2.5,-0.8257830678072596,0.8257830678072596,002103_2014-06-25_20-00-40_260595134347_rgbf000049-resize,-4.380952957078272,4.380952957078272,4.105,11.598018874569219
789991.0,2.5,-0.17671751629351518,0.17671751629351518,000929_2014-06-09_16-33-19_260595134347_rgbf000139-resize,-3.1439529570782727,3.1439529570782727,2.8680000000000003,19.501338012209015
789991.0,2.5,-0.762030873378058,0.762030873378058,003621_2014-05-23_18-06-08_094959634447_rgbf000101-resize,-4.259452957078272,4.259452957078272,3.9835,23.07176470133362
789991.0,2.5,-0.9044894806828075,0.9044894806828075,001175_2014-06-17_15-45-55_260595134347_rgbf000129-resize,-4.530952957078274,4.530952957078274,4.255,15.34903910495583
789991.0,2.5,-0.5841543802793007,0.5841543802793007,003490_2014-05-21_15-50-11_094959634447_rgbf000101-resize,-3.9204529570782727,3.9204529570782727,3.6445,19.999457360175192
789991.0,2.5,-0.1638621355238462,0.1638621355238462,002043_2014-06-24_20-29-38_260595134347_rgbf000039-resize,-3.1194529570782725,3.1194529570782725,2.8435,8.475049543704081
789991.0,2.5,-0.4978420661695169,0.4978420661695169,002725_2014-06-22_11-47-51_094959634447_rgbf000070-resize,-3.1452069460559287,3.1452069460559287,2.195,3.938570017428758
789991.0,2.5,-0.17488341867016066,0.17488341867016066,002344_2014-06-28_20-06-29_260595134347_rgbf000030-resize,-2.5297069460559287,2.5297069460559287,1.5795,37.33165518125916
789991.0,2.5,-0.6206240702553811,0.6206240702553811,001055_2014-06-08_18-45-35_260595134347_rgbf000111-resize,-3.3792069460559286,3.3792069460559286,2.4290000000000003,8.406298609581565
789991.0,2.5,-0.5162045104967367,0.5162045104967367,000736_2014-06-08_18-24-15_260595134347_rgbf000206-resize,-3.7909529570782725,3.7909529570782725,3.515,33.408170606136416
789991.0,2.5,-0.6584007630919072,0.6584007630919072,000137_2014-05-20_17-04-49_260595134347_rgbf000120-resize,-4.061952957078272,4.061952957078272,3.786,14.89611111351161
789991.0,2.5,-0.06888973065401116,0.06888973065401116,001056_2014-06-08_18-46-44_260595134347_rgbf000068-resize,-2.938452957078273,2.938452957078273,2.6625,11.38594592369452
789991.0,2.5,-0.8685468854696462,0.8685468854696462,000917_2014-06-09_22-45-29_260595134347_rgbf000149-resize,-4.4624529570782725,4.4624529570782725,4.1865,9.740561609074897
789991.0,2.5,-1.573497329606256,1.573497329606256,002323_2014-06-28_20-01-54_260595134347_rgbf000051-resize,-4.950908541646991,4.950908541646991,3.7310000000000003,18.09172628388976
789991.0,2.5,-0.3810918350603706,0.3810918350603706,003423_2014-05-21_10-23-26_094959634447_rgbf002665-resize,-3.5334529570782727,3.5334529570782727,3.2575,35.43119222475438
789991.0,2.5,-0.9433179777014126,0.9433179777014126,000414_2014-06-04_19-49-13_260595134347_rgbf000044-resize,-4.6049529570782735,4.6049529570782735,4.329,13.241348366125557
789991.0,2.5,-1.933184682310052,1.933184682310052,003129_2014-05-12_10-48-10_094959634447_rgbf000100-resize,-5.880706946055929,5.880706946055929,4.9305,17.9074543760639
789991.0,2.5,-1.1731407032980417,1.1731407032980417,002988_2014-06-15_12-24-20_094959634447_rgbf000150-resize,-5.042952957078273,5.042952957078273,4.7669999999999995,14.460306569198616
789991.0,2.5,-0.06259321762396662,0.06259321762396662,001214_2014-06-17_16-13-55_260595134347_rgbf000111-resize,-2.926452957078273,2.926452957078273,2.6505,18.479282579459067
789991.0,2.5,-1.1225062443480884,1.1225062443480884,002748_2014-06-22_19-07-22_094959634447_rgbf000078-resize,-4.9464529570782725,4.9464529570782725,4.6705,35.71435075733748
789991.0,2.5,-0.6846362340504331,0.6846362340504331,002995_2014-06-15_12-31-26_094959634447_rgbf000150-resize,-4.111952957078272,4.111952957078272,3.8360000000000003,27.231594395483473
789991.0,2.5,-1.4819345818235343,1.4819345818235343,000436_2014-06-09_22-25-11_260595134347_rgbf000137-resize,-5.020706946055928,5.020706946055928,4.0705,20.69156545677159
789991.0,2.5,-0.974800542851642,0.974800542851642,002444_2014-06-28_20-32-08_260595134347_rgbf000027-resize,-4.664952957078271,4.664952957078271,4.388999999999999,17.102760279009576
789991.0,2.5,-0.8816646209488986,0.8816646209488986,001133_2014-06-17_14-49-16_260595134347_rgbf000100-resize,-4.487452957078273,4.487452957078273,4.2115,26.759918254713728
789991.0,2.5,-0.6410853522592846,0.6410853522592846,001132_2014-06-17_14-48-54_260595134347_rgbf000100-resize,-4.028952957078273,4.028952957078273,3.753,14.398279213278778
789991.0,2.5,-0.2286637487913817,0.2286637487913817,002057_2014-06-24_21-00-13_260595134347_rgbf000120-resize,-3.242952957078273,3.242952957078273,2.967,10.990036854719376
789991.0,2.5,-0.4458934483279059,0.4458934483279059,000758_2014-06-08_22-05-08_260595134347_rgbf000085-resize,-3.6569529570782726,3.6569529570782726,3.3810000000000002,11.91317737826679
789991.0,2.5,-0.2816594001275875,0.2816594001275875,000854_2014-06-09_19-43-13_260595134347_rgbf000066-resize,-3.343952957078273,3.343952957078273,3.068,11.910827625938722
789991.0,2.5,-0.3249503125528843,0.3249503125528843,001136_2014-06-17_15-19-41_260595134347_rgbf000076-resize,-2.8157069460559287,2.8157069460559287,1.8655,18.667799879387072
789991.0,2.5,-0.5482117850661384,0.5482117850661384,002660_2014-06-13_15-44-18_094959634447_rgbf001878-resize,-3.851952957078273,3.851952957078273,3.576,15.11997681444361
789991.0,2.5,-0.5261739894609759,0.5261739894609759,000739_2014-06-08_18-45-58_260595134347_rgbf000068-resize,-3.8099529570782726,3.8099529570782726,3.534,8.164356963721069
789991.0,2.5,-0.8221101018730627,0.8221101018730627,000734_2014-06-08_17-39-11_260595134347_rgbf000128-resize,-4.373952957078273,4.373952957078273,4.098,16.052231618370055
789991.0,2.5,-0.590453278653092,0.590453278653092,000522_2014-06-08_13-35-06_260595134347_rgbf000244-resize,-3.3217069460559285,3.3217069460559285,2.3715,25.742609854068213
789991.0,2.5,-0.06889116186025412,0.06889116186025412,002949_2014-06-26_15-57-42_094959634447_rgbf000079-resize,-2.5720053504648663,2.5720053504648663,1.8915,17.99500168321199
789991.0,2.5,-0.3640421184185716,0.3640421184185716,003534_2014-05-22_15-06-10_094959634447_rgbf000102-resize,-2.6459085416469907,2.6459085416469907,1.426,12.376994007247625
789991.0,2.5,-1.2812308436471254,1.2812308436471254,000773_2014-06-08_22-24-54_260595134347_rgbf000093-resize,-5.248952957078274,5.248952957078274,4.973,21.45352631724976
789991.0,2.5,-0.9611580979532158,0.9611580979532158,002414_2014-06-28_20-24-58_260595134347_rgbf000067-resize,-4.638952957078273,4.638952957078273,4.363,31.720662178139435
789991.0,2.5,-0.4986267449545309,0.4986267449545309,003292_2014-05-14_21-53-49_094959634447_rgbf000100-resize,-3.757452957078273,3.757452957078273,3.4815,33.084282711345374
789991.0,2.5,-0.7903651820132617,0.7903651820132617,002639_2014-06-24_14-51-37_094959634447_rgbf000074-resize,-4.3134529570782725,4.3134529570782725,4.0375,16.521406794569987
789991.0,2.5,-0.8415243503823627,0.8415243503823627,001392_2014-06-19_16-07-59_260595134347_rgbf000046-resize,-4.4109529570782735,4.4109529570782735,4.135,18.95235574822112
789991.0,2.5,-1.0220243905769744,1.0220243905769744,000447_2014-06-08_16-15-46_260595134347_rgbf000130-resize,-4.754952957078273,4.754952957078273,4.479,19.081432914605553
789991.0,2.5,-0.8429673012850801,0.8429673012850801,001447_2014-06-19_17-00-32_260595134347_rgbf000082-resize,-4.4137029570782715,4.4137029570782715,4.13775,46.830399423560245
789991.0,2.5,-0.8929458734610577,0.8929458734610577,001066_2014-06-08_22-03-20_260595134347_rgbf000066-resize,-4.508952957078273,4.508952957078273,4.2330000000000005,19.743449467077777
789991.0,2.5,-1.1023049317100295,1.1023049317100295,000742_2014-06-08_18-48-09_260595134347_rgbf000164-resize,-4.9079529570782725,4.9079529570782725,4.632,18.91549953899407
789991.0,2.5,-0.4755395305110385,0.4755395305110385,001199_2014-06-17_16-03-48_260595134347_rgbf000077-resize,-3.713452957078273,3.713452957078273,3.4375,28.282249848901696
789991.0,2.5,-0.4868226912981929,0.4868226912981929,000502_2014-06-08_23-02-32_260595134347_rgbf000063-resize,-3.2463561482603978,3.2463561482603978,2.431,13.897287578908273
789991.0,2.5,-0.8444102521877958,0.8444102521877958,003083_2014-06-15_15-21-03_094959634447_rgbf000063-resize,-4.416452957078273,4.416452957078273,4.1405,19.172834459547143
789991.0,2.5,-0.7788239601352516,0.7788239601352516,001806_2014-06-26_20-50-20_260595134347_rgbf000091-resize,-3.6807069460559285,3.6807069460559285,2.7305,13.909869710567438
789991.0,2.5,-0.6610243101877636,0.6610243101877636,001617_2014-06-20_11-35-32_260595134347_rgbf000066-resize,-4.066952957078272,4.066952957078272,3.7910000000000004,19.974169961071475
789991.0,2.5,-0.8013840798158286,0.8013840798158286,000506_2014-06-08_23-21-00_260595134347_rgbf000070-resize,-4.334452957078272,4.334452957078272,4.0585,16.716212007621664
789991.0,2.5,-0.1817022557756348,0.1817022557756348,003079_2014-06-15_15-18-20_094959634447_rgbf000152-resize,-3.153452957078273,3.153452957078273,2.8775,9.032134209869396
789991.0,2.5,-0.4831478170890083,0.4831478170890083,001449_2014-06-19_17-01-27_260595134347_rgbf000116-resize,-3.727952957078273,3.727952957078273,3.452,8.994872108877228
789991.0,2.5,-0.7762854792655299,0.7762854792655299,001450_2014-06-19_17-02-03_260595134347_rgbf000203-resize,-4.286619623744973,4.286619623744973,4.0106666666667,12.34882649363641
789991.0,2.5,-1.062692710043908,1.062692710043908,002600_2014-06-24_14-27-04_094959634447_rgbf000074-resize,-3.9774085416469913,3.9774085416469913,2.7575,44.47386082434929
789991.0,2.5,-0.37873302801784736,0.37873302801784736,003228_2014-05-14_13-42-35_094959634447_rgbf000101-resize,-2.9182069460559283,2.9182069460559283,1.9680000000000002,14.40337638638131
789991.0,2.5,-0.6505325071480921,0.6505325071480921,000368_2014-06-09_15-53-01_260595134347_rgbf000155-resize,-3.4362069460559286,3.4362069460559286,2.4859999999999998,21.090700959072958
789991.0,2.5,-0.16674803732927698,0.16674803732927698,000906_2014-06-08_13-35-43_260595134347_rgbf000155-resize,-3.1249529570782726,3.1249529570782726,2.8489999999999998,16.12201726422563
789991.0,2.5,-0.3215373159845395,0.3215373159845395,002805_2014-06-22_19-54-03_094959634447_rgbf000079-resize,-3.4199529570782725,3.4199529570782725,3.1439999999999997,7.377848172936663
789991.0,2.5,-0.0772850813607332,0.0772850813607332,000927_2014-06-09_16-32-30_260595134347_rgbf000123-resize,-2.9544529570782725,2.9544529570782725,2.6785,11.715239650325241
789991.0,2.5,-0.7901028273036701,0.7901028273036701,002570_2014-06-24_13-59-54_094959634447_rgbf000059-resize,-4.312952957078273,4.312952957078273,4.037,41.596140375002705
789991.0,2.5,-1.1600229678187732,1.1600229678187732,002467_2014-06-28_20-38-07_260595134347_rgbf000026-resize,-5.017952957078274,5.017952957078274,4.742,15.331046216195933
789991.0,2.5,-0.3081572257956907,0.3081572257956907,003010_2014-06-15_12-54-35_094959634447_rgbf000112-resize,-3.394452957078273,3.394452957078273,3.1185,6.696951333567531
789991.0,2.5,-1.1639582884625592,1.1639582884625592,002663_2014-06-13_15-50-26_094959634447_rgbf000075-resize,-5.025452957078273,5.025452957078273,4.7495,16.725954086732166
789991.0,2.5,-0.6308535185854663,0.6308535185854663,000409_2014-06-04_19-23-33_260595134347_rgbf000067-resize,-4.009452957078272,4.009452957078272,3.7335,12.696549983566419
789991.0,2.5,-0.08515572264828343,0.08515572264828343,001092_2014-06-15_17-34-58_260595134347_rgbf000171-resize,-2.9694529570782726,2.9694529570782726,2.6935,9.164038324933468
789991.0,2.5,-0.0841077350161944,0.0841077350161944,002545_2014-06-24_13-38-53_094959634447_rgbf000080-resize,-2.6010053504648667,2.6010053504648667,1.9205,12.083824048628237
746535.0,2.5,-0.08933068827325552,0.08933068827325552,001516_2014-06-20_16-25-09_260595134347_rgbf000076-resize,-2.5225771614959145,2.5225771614959145,1.7445,3.8622659094666254
746535.0,2.5,-1.5424241003532078,1.5424241003532078,001650_2014-06-20_12-09-00_260595134347_rgbf000087-resize,-4.07358043322677,4.07358043322677,1.9505,47.6804595860539
746535.0,2.5,-0.2456940951860256,0.2456940951860256,001244_2014-06-17_16-47-45_260595134347_rgbf000030-resize,-2.8205771614959145,2.8205771614959145,2.0425,6.7629638807870815
746535.0,2.5,-0.02689026739198197,0.02689026739198197,003495_2014-05-21_16-01-51_094959634447_rgbf000100-resize,-2.4035771614959147,2.4035771614959147,1.6255,12.747278812179
746535.0,2.5,-0.3931969915144839,0.3931969915144839,001150_2014-06-17_15-27-34_260595134347_rgbf000108-resize,-3.913908313675345,3.913908313675345,4.0325,11.088139074292139
746535.0,2.5,-1.2819951980474922,1.2819951980474922,002375_2014-06-28_20-13-44_260595134347_rgbf000032-resize,-4.795577161495915,4.795577161495915,4.0175,48.76103649676905
746535.0,2.5,-0.4881396216135181,0.4881396216135181,000788_2014-06-08_22-34-36_260595134347_rgbf000131-resize,-3.68874273758563,3.68874273758563,3.359,21.46386213810664
746535.0,2.5,-1.0946739354036736,1.0946739354036736,001235_2014-06-17_16-37-36_260595134347_rgbf000084-resize,-4.438577161495915,4.438577161495915,3.6605,14.547706659434104
746535.0,2.5,-0.13471805303149265,0.13471805303149265,000470_2014-06-09_19-42-40_260595134347_rgbf000094-resize,-2.6090771614959145,2.6090771614959145,1.831,22.486379427626872
746535.0,2.5,-0.3330284387071021,0.3330284387071021,000109_2014-05-14_23-41-52_260595134347_rgbf000035-resize,-2.5809115854061995,2.5809115854061995,1.3545,6.620498200896815
746535.0,2.5,-0.7561768104972091,0.7561768104972091,002509_2014-06-24_13-19-22_094959634447_rgbf000077-resize,-2.981246009316485,2.981246009316485,1.3065,40.21868783296904
746535.0,2.5,-0.062308153185986814,0.062308153185986814,003338_2014-05-20_11-01-23_094959634447_rgbf000051-resize,-2.4710771614959146,2.4710771614959146,1.693,28.251495663089063
746535.0,2.5,-0.5692351289036423,0.5692351289036423,002784_2014-06-22_19-26-30_094959634447_rgbf000083-resize,-3.0310782520728994,3.0310782520728994,1.8046666666667,3.0422522474895675
746535.0,2.5,-0.3493242054721748,0.3493242054721748,001100_2014-06-15_17-46-26_260595134347_rgbf000225-resize,-3.018077161495915,3.018077161495915,2.24,9.548860596737413
746535.0,2.5,-0.04079506699999591,0.04079506699999591,000469_2014-06-09_19-42-10_260595134347_rgbf000081-resize,-2.4300771614959147,2.4300771614959147,1.652,25.13136208408983
746535.0,2.5,-0.32384602387161865,0.32384602387161865,000483_2014-06-09_20-41-45_260595134347_rgbf000116-resize,-2.5634115854061994,2.5634115854061994,1.337,29.232414989368262
746535.0,2.5,-0.9579275821682142,0.9579275821682142,002964_2014-06-08_17-46-11_094959634447_rgbf000091-resize,-3.3657460093164846,3.3657460093164846,1.6909999999999998,28.953812917975768
746535.0,2.5,-0.20083143984695706,0.20083143984695706,002136_2014-06-25_21-18-03_260595134347_rgbf000109-resize,-2.735077161495915,2.735077161495915,1.9569999999999999,13.297078442475444
746535.0,2.5,-0.14189095450266598,0.14189095450266598,002039_2014-06-24_20-22-38_260595134347_rgbf000084-resize,-3.841073889765061,3.841073889765061,4.408,15.524303639345458
746535.0,2.5,-0.8795728483146168,0.8795728483146168,002103_2014-06-25_20-00-40_260595134347_rgbf000049-resize,-4.43474273758563,4.43474273758563,4.105,11.598018874569219
746535.0,2.5,-0.1919709292626421,0.1919709292626421,000457_2014-06-08_16-52-43_260595134347_rgbf000199-resize,-3.5304083136753452,3.5304083136753452,3.6489999999999996,14.067279821032837
746535.0,2.5,-0.12953050838136174,0.12953050838136174,001584_2014-06-20_11-07-43_260595134347_rgbf000002-resize,-3.4114083136753446,3.4114083136753446,3.53,17.602834139105468
746535.0,2.5,-0.6659863399414883,0.6659863399414883,002043_2014-06-24_20-29-38_260595134347_rgbf000039-resize,-3.6215771614959142,3.6215771614959142,2.8435,8.475049543704081
746535.0,2.5,-0.8994224819307166,0.8994224819307166,002344_2014-06-28_20-06-29_260595134347_rgbf000030-resize,-3.2542460093164847,3.2542460093164847,1.5795,37.33165518125916
746535.0,2.5,-0.00015986178508220483,0.00015986178508220483,001055_2014-06-08_18-45-35_260595134347_rgbf000111-resize,-2.7587427375856297,2.7587427375856297,2.4290000000000003,8.406298609581565
746535.0,2.5,-1.036633995043769,1.036633995043769,000549_2014-06-08_22-10-24_260595134347_rgbf000247-resize,-3.5157460093164845,3.5157460093164845,1.841,30.99307977870557
746535.0,2.5,-0.12165986709380865,0.12165986709380865,000736_2014-06-08_18-24-15_260595134347_rgbf000206-resize,-3.3964083136753453,3.3964083136753453,3.515,33.408170606136416
746535.0,2.5,-0.22129510719460369,0.22129510719460369,002199_2014-06-28_18-33-56_260595134347_rgbf000074-resize,-2.7740771614959145,2.7740771614959145,1.996,17.12852126070164
746535.0,2.5,-0.4740022420667182,0.4740022420667182,000917_2014-06-09_22-45-29_260595134347_rgbf000149-resize,-4.067908313675344,4.067908313675344,4.1865,9.740561609074897
746535.0,2.5,-0.2716672114349594,0.2716672114349594,000878_2014-06-08_22-52-45_260595134347_rgbf000045-resize,-2.870077161495914,2.870077161495914,2.092,5.576511521775202
746535.0,2.5,-0.2388728727368121,0.2388728727368121,002905_2014-06-03_18-04-43_094959634447_rgbf000151-resize,-2.807577161495914,2.807577161495914,2.0295,12.020604335789361
746535.0,2.5,-0.4160516260191832,0.4160516260191832,003129_2014-05-12_10-48-10_094959634447_rgbf000100-resize,-4.3635738897650596,4.3635738897650596,4.9305,17.9074543760639
746535.0,2.5,-0.33026163598482905,0.33026163598482905,002988_2014-06-15_12-24-20_094959634447_rgbf000150-resize,-4.2000738897650605,4.2000738897650605,4.7669999999999995,14.460306569198616
746535.0,2.5,-0.5647174220416087,0.5647174220416087,001214_2014-06-17_16-13-55_260595134347_rgbf000111-resize,-3.428577161495915,3.428577161495915,2.6505,18.479282579459067
746535.0,2.5,-0.21942884945671934,0.21942884945671934,002272_2014-06-28_18-53-56_260595134347_rgbf000067-resize,-2.3644115854062,2.3644115854062,1.138,10.409245808146235
746535.0,2.5,-0.5982690500977231,0.5982690500977231,001571_2014-06-20_17-21-32_260595134347_rgbf000089-resize,-3.0864115854062004,3.0864115854062004,1.86,4.991960350191473
746535.0,2.5,-0.038785553635686136,0.038785553635686136,001133_2014-06-17_14-49-16_260595134347_rgbf000100-resize,-3.64457388976506,3.64457388976506,4.2115,26.759918254713728
746535.0,2.5,-0.24654070885635665,0.24654070885635665,001132_2014-06-17_14-48-54_260595134347_rgbf000100-resize,-3.6344083136753453,3.6344083136753453,3.753,14.398279213278778
746535.0,2.5,-0.26907343910989945,0.26907343910989945,003070_2014-06-15_14-58-27_094959634447_rgbf000150-resize,-3.27124273758563,3.27124273758563,2.9415,10.664823740812926
746535.0,2.5,-0.6593976974310629,0.6593976974310629,000943_2014-06-09_19-31-07_260595134347_rgbf000128-resize,-3.2029115854062,3.2029115854062,1.9765,15.893099149291922
746535.0,2.5,-0.0513488049249779,0.0513488049249779,000758_2014-06-08_22-05-08_260595134347_rgbf000085-resize,-3.262408313675345,3.262408313675345,3.3810000000000002,11.91317737826679
746535.0,2.5,-1.2321180284555144,1.2321180284555144,000854_2014-06-09_19-43-13_260595134347_rgbf000066-resize,-4.2944115854062,4.2944115854062,3.068,11.910827625938722
746535.0,2.5,-0.4091410792575936,0.4091410792575936,001164_2014-06-17_15-35-46_260595134347_rgbf000085-resize,-3.132077161495915,3.132077161495915,2.354,17.325668807481115
746535.0,2.5,-0.6011549519031552,0.6011549519031552,001136_2014-06-17_15-19-41_260595134347_rgbf000076-resize,-3.0919115854062,3.0919115854062,1.8655,18.667799879387072
746535.0,2.5,-0.4883722015523164,0.4883722015523164,002153_2014-06-25_21-27-18_260595134347_rgbf000038-resize,-3.283077161495915,3.283077161495915,2.505,17.28886317575377
746535.0,2.5,-0.42756545847013466,0.42756545847013466,000734_2014-06-08_17-39-11_260595134347_rgbf000128-resize,-3.9794083136753446,3.9794083136753446,4.098,16.052231618370055
746535.0,2.5,-1.7633267658239336,1.7633267658239336,000522_2014-06-08_13-35-06_260595134347_rgbf000244-resize,-4.494580433226771,4.494580433226771,2.3715,25.742609854068213
746535.0,2.5,-1.0631318207118725,1.0631318207118725,002949_2014-06-26_15-57-42_094959634447_rgbf000079-resize,-3.566246009316485,3.566246009316485,1.8915,17.99500168321199
746535.0,2.5,-2.20618151560372,2.20618151560372,000866_2014-06-09_20-45-42_260595134347_rgbf000139-resize,-5.3385804332267695,5.3385804332267695,3.2155,8.082259189449621
746535.0,2.5,-0.4791600119460492,0.4791600119460492,001555_2014-06-20_17-12-10_260595134347_rgbf000065-resize,-2.8594115854062,2.8594115854062,1.633,7.608284543781994
746535.0,2.5,-0.8188795860880651,0.8188795860880651,003534_2014-05-22_15-06-10_094959634447_rgbf000102-resize,-3.1007460093164845,3.1007460093164845,1.426,12.376994007247625
746535.0,2.5,-0.22103275248501708,0.22103275248501708,002637_2014-06-24_14-51-13_094959634447_rgbf000066-resize,-2.7735771614959153,2.7735771614959153,1.9955,10.972027795242447
746535.0,2.5,-0.023509430938167156,0.023509430938167156,002340_2014-06-28_20-05-46_260595134347_rgbf000113-resize,-2.80324273758563,2.80324273758563,2.4735,7.91768620575396
746535.0,2.5,-1.463282302370858,1.463282302370858,002414_2014-06-28_20-24-58_260595134347_rgbf000067-resize,-5.141077161495915,5.141077161495915,4.363,31.720662178139435
746535.0,2.5,-0.10408210155160286,0.10408210155160286,003292_2014-05-14_21-53-49_094959634447_rgbf000100-resize,-3.3629083136753453,3.3629083136753453,3.4815,33.084282711345374
746535.0,2.5,-0.6274797471740463,0.6274797471740463,000447_2014-06-08_16-15-46_260595134347_rgbf000130-resize,-4.360408313675345,4.360408313675345,4.479,19.081432914605553
746535.0,2.5,-2.2417603535232917,2.2417603535232917,001447_2014-06-19_17-00-32_260595134347_rgbf000082-resize,-5.812496009316485,5.812496009316485,4.13775,46.830399423560245
746535.0,2.5,-0.4984012300581297,0.4984012300581297,001066_2014-06-08_22-03-20_260595134347_rgbf000066-resize,-4.114408313675345,4.114408313675345,4.2330000000000005,19.743449467077777
746535.0,2.5,-0.3967806331363,0.3967806331363,002549_2014-06-24_13-41-39_094959634447_rgbf000022-resize,-2.7024115854062,2.7024115854062,1.476,4.1736441355391865
746535.0,2.5,-0.08099488710811048,0.08099488710811048,001199_2014-06-17_16-03-48_260595134347_rgbf000077-resize,-3.3189083136753452,3.3189083136753452,3.4375,28.282249848901696
746535.0,2.5,-0.4495437045337101,0.4495437045337101,000502_2014-06-08_23-02-32_260595134347_rgbf000063-resize,-3.209077161495915,3.209077161495915,2.431,13.897287578908273
746535.0,2.5,-0.15835975166495264,0.15835975166495264,001806_2014-06-26_20-50-20_260595134347_rgbf000091-resize,-3.06024273758563,3.06024273758563,2.7305,13.909869710567438
746535.0,2.5,-0.08230666065603648,0.08230666065603648,000493_2014-06-09_21-01-18_260595134347_rgbf000196-resize,-3.3214083136753447,3.3214083136753447,3.44,19.629285382994567
746535.0,2.5,-0.5369375975963655,0.5369375975963655,001449_2014-06-19_17-01-27_260595134347_rgbf000116-resize,-3.78174273758563,3.78174273758563,3.452,8.994872108877228
746535.0,2.5,-0.6549376673681182,0.6549376673681182,003228_2014-05-14_13-42-35_094959634447_rgbf000101-resize,-3.1944115854062,3.1944115854062,1.9680000000000002,14.40337638638131
746535.0,2.5,-0.03006829867779315,0.03006829867779315,000368_2014-06-09_15-53-01_260595134347_rgbf000155-resize,-2.8157427375856297,2.8157427375856297,2.4859999999999998,21.090700959072958
746535.0,2.5,-0.5057890149689445,0.5057890149689445,002763_2014-06-22_19-13-10_094959634447_rgbf000075-resize,-2.9101615854061995,2.9101615854061995,1.68375,5.5919783591245595
746535.0,2.5,-0.2533023817639952,0.2533023817639952,002209_2014-06-28_18-36-10_260595134347_rgbf000051-resize,-2.8350771614959145,2.8350771614959145,2.057,12.962068825921264
746535.0,2.5,-0.3612194917158803,0.3612194917158803,001828_2014-06-26_21-40-03_260595134347_rgbf000024-resize,-4.2590738897650615,4.2590738897650615,4.8260000000000005,35.55232951340613
746535.0,2.5,-0.13107486186809034,0.13107486186809034,000927_2014-06-09_16-32-30_260595134347_rgbf000123-resize,-3.00824273758563,3.00824273758563,2.6785,11.715239650325241
746535.0,2.5,-1.7405614556315971,1.7405614556315971,002570_2014-06-24_13-59-54_094959634447_rgbf000059-resize,-5.2634115854062005,5.2634115854062005,4.037,41.596140375002705
746535.0,2.5,-0.23630887518253835,0.23630887518253835,000409_2014-06-04_19-23-33_260595134347_rgbf000067-resize,-3.6149083136753446,3.6149083136753446,3.7335,12.696549983566419
746535.0,2.5,-0.20634088874824674,0.20634088874824674,002875_2014-06-01_15-19-00_094959634447_rgbf000151-resize,-2.7455771614959152,2.7455771614959152,1.9675,11.625680938349673
746535.0,2.5,-0.13894550315564058,0.13894550315564058,001092_2014-06-15_17-34-58_260595134347_rgbf000171-resize,-3.0232427375856297,3.0232427375856297,2.6935,9.164038324933468
746535.0,2.5,-0.1449498867053185,0.1449498867053185,001167_2014-06-17_15-38-07_260595134347_rgbf000108-resize,-2.6285771614959152,2.6285771614959152,1.8505,12.019050657019696
746535.0,2.5,-0.7826746361653121,0.7826746361653121,003587_2014-05-23_16-48-02_094959634447_rgbf002384-resize,-3.0317460093164845,3.0317460093164845,1.357,20.788172722830538
524214.0,2.5,-0.07750467668874388,0.07750467668874388,001029_2014-06-08_13-17-57_260595134347_rgbf000065-resize,-3.1471652376422843,3.1471652376422843,3.0835,18.209734661918688
524214.0,2.5,-0.5509901119767435,0.5509901119767435,000682_2014-06-08_23-14-58_260595134347_rgbf000041-resize,-3.449783709122035,3.449783709122035,2.7239999999999998,8.707843071693064
524214.0,2.5,-1.4693643192079724,1.4693643192079724,001650_2014-06-20_12-09-00_260595134347_rgbf000087-resize,-4.000520652081535,4.000520652081535,1.9505,47.6804595860539
524214.0,2.5,-0.1934006428121453,0.1934006428121453,001244_2014-06-17_16-47-45_260595134347_rgbf000030-resize,-2.7682837091220343,2.7682837091220343,2.0425,6.7629638807870815
524214.0,2.5,-0.17516544416768165,0.17516544416768165,001158_2014-06-17_15-32-16_260595134347_rgbf000138-resize,-3.933046766162535,3.933046766162535,4.5315,26.954451973303737
524214.0,2.5,-0.33782536411048725,0.33782536411048725,000556_2014-06-09_22-42-56_260595134347_rgbf000214-resize,-4.243046766162535,4.243046766162535,4.8415,23.88242025565649
524214.0,2.5,-0.06359987708072994,0.06359987708072994,000665_2014-06-09_20-42-35_260595134347_rgbf000110-resize,-3.1206652376422843,3.1206652376422843,3.057,18.49880761375764
524214.0,2.5,-0.08242460065761238,0.08242460065761238,000470_2014-06-09_19-42-40_260595134347_rgbf000094-resize,-2.5567837091220342,2.5567837091220342,1.831,22.486379427626872
524214.0,2.5,-0.494519033902687,0.494519033902687,000109_2014-05-14_23-41-52_260595134347_rgbf000035-resize,-2.7424021806017844,2.7424021806017844,1.3545,6.620498200896815
524214.0,2.5,-1.1314514532622593,1.1314514532622593,002509_2014-06-24_13-19-22_094959634447_rgbf000077-resize,-3.3565206520815347,3.3565206520815347,1.3065,40.21868783296904
524214.0,2.5,-1.334251643771607,1.334251643771607,003338_2014-05-20_11-01-23_094959634447_rgbf000051-resize,-3.743020652081535,3.743020652081535,1.693,28.251495663089063
524214.0,2.5,-0.06860725261947709,0.06860725261947709,002784_2014-06-22_19-26-30_094959634447_rgbf000083-resize,-2.5304503757887344,2.5304503757887344,1.8046666666667,3.0422522474895675
524214.0,2.5,-0.9591492245780446,0.9591492245780446,001100_2014-06-15_17-46-26_260595134347_rgbf000225-resize,-3.6279021806017853,3.6279021806017853,2.24,9.548860596737413
524214.0,2.5,-0.6506200861058657,0.6506200861058657,000469_2014-06-09_19-42-10_260595134347_rgbf000081-resize,-3.0399021806017847,3.0399021806017847,1.652,25.13136208408983
524214.0,2.5,-0.4853366190672036,0.4853366190672036,000483_2014-06-09_20-41-45_260595134347_rgbf000116-resize,-2.7249021806017844,2.7249021806017844,1.337,29.232414989368262
524214.0,2.5,-0.008965281973763783,0.008965281973763783,002964_2014-06-08_17-46-11_094959634447_rgbf000091-resize,-2.4167837091220346,2.4167837091220346,1.6909999999999998,28.953812917975768
524214.0,2.5,-0.14853798747307678,0.14853798747307678,002136_2014-06-25_21-18-03_260595134347_rgbf000109-resize,-2.6827837091220346,2.6827837091220346,1.9569999999999999,13.297078442475444
524214.0,2.5,-0.626548268337277,0.626548268337277,000929_2014-06-09_16-33-19_260595134347_rgbf000139-resize,-3.593783709122035,3.593783709122035,2.8680000000000003,19.501338012209015
524214.0,2.5,-1.036346324709332,1.036346324709332,000457_2014-06-08_16-52-43_260595134347_rgbf000199-resize,-4.374783709122035,4.374783709122035,3.6489999999999996,14.067279821032837
524214.0,2.5,-0.3718666608433125,0.3718666608433125,003490_2014-05-21_15-50-11_094959634447_rgbf000101-resize,-3.708165237642284,3.708165237642284,3.6445,19.999457360175192
524214.0,2.5,-0.5731379952083638,0.5731379952083638,002279_2014-06-28_18-55-32_260595134347_rgbf000040-resize,-2.8922355139350846,2.8922355139350846,1.5043333333333,15.963772282558683
524214.0,2.5,-0.20992898951601524,0.20992898951601524,000635_2014-06-08_16-38-42_260595134347_rgbf000106-resize,-2.7997837091220346,2.7997837091220346,2.074,10.796976226722654
524214.0,2.5,-0.2734188292356225,0.2734188292356225,002725_2014-06-22_11-47-51_094959634447_rgbf000070-resize,-2.9207837091220337,2.9207837091220337,2.195,3.938570017428758
524214.0,2.5,-1.2746971246957668,1.2746971246957668,002344_2014-06-28_20-06-29_260595134347_rgbf000030-resize,-3.629520652081535,3.629520652081535,1.5795,37.33165518125916
524214.0,2.5,-0.7497901663290689,0.7497901663290689,000549_2014-06-08_22-10-24_260595134347_rgbf000247-resize,-3.2289021806017852,3.2289021806017852,1.841,30.99307977870557
524214.0,2.5,-0.9660352625404984,0.9660352625404984,000736_2014-06-08_18-24-15_260595134347_rgbf000206-resize,-4.2407837091220335,4.2407837091220335,3.515,33.408170606136416
524214.0,2.5,-0.44611304365591903,0.44611304365591903,000137_2014-05-20_17-04-49_260595134347_rgbf000120-resize,-3.849665237642285,3.849665237642285,3.786,14.89611111351161
524214.0,2.5,-0.6336318454960812,0.6336318454960812,000642_2014-06-08_16-59-25_260595134347_rgbf000098-resize,-3.607283709122034,3.607283709122034,2.8815,31.36214301237791
524214.0,2.5,-1.4932385977802238,1.4932385977802238,002199_2014-06-28_18-33-56_260595134347_rgbf000074-resize,-4.046020652081535,4.046020652081535,1.996,17.12852126070164
524214.0,2.5,-0.4172540256015493,0.4172540256015493,002323_2014-06-28_20-01-54_260595134347_rgbf000051-resize,-3.794665237642284,3.794665237642284,3.7310000000000003,18.09172628388976
524214.0,2.5,-0.06891178678567443,0.06891178678567443,000414_2014-06-04_19-49-13_260595134347_rgbf000044-resize,-3.7305467661625342,3.7305467661625342,4.329,13.241348366125557
524214.0,2.5,-0.6132329936616788,0.6132329936616788,001052_2014-06-08_18-24-54_260595134347_rgbf000130-resize,-4.1681652376422855,4.1681652376422855,4.1045,25.87613690895519
524214.0,2.5,-0.5637806772331765,0.5637806772331765,000810_2014-06-08_17-20-01_260595134347_rgbf000105-resize,-2.8744021806017845,2.8744021806017845,1.4865,3.0958890116960642
524214.0,2.5,-1.8366609126272289,1.8366609126272289,001214_2014-06-17_16-13-55_260595134347_rgbf000111-resize,-4.700520652081535,4.700520652081535,2.6505,18.479282579459067
524214.0,2.5,-0.3809194446523043,0.3809194446523043,002272_2014-06-28_18-53-56_260595134347_rgbf000067-resize,-2.5259021806017845,2.5259021806017845,1.138,10.409245808146235
524214.0,2.5,-0.7597596452933081,0.7597596452933081,001571_2014-06-20_17-21-32_260595134347_rgbf000089-resize,-3.2479021806017854,3.2479021806017854,1.86,4.991960350191473
524214.0,2.5,-0.10039435193590374,0.10039435193590374,002444_2014-06-28_20-32-08_260595134347_rgbf000027-resize,-3.790546766162533,3.790546766162533,4.388999999999999,17.102760279009576
524214.0,2.5,-0.06773273692084236,0.06773273692084236,000709_2014-06-08_13-51-55_260595134347_rgbf000068-resize,-2.5287837091220347,2.5287837091220347,1.8030000000000002,14.429351101546246
524214.0,2.5,-0.7314901521713493,0.7314901521713493,000854_2014-06-09_19-43-13_260595134347_rgbf000066-resize,-3.7937837091220334,3.7937837091220334,3.068,11.910827625938722
524214.0,2.5,-0.10052707561899,0.10052707561899,001136_2014-06-17_15-19-41_260595134347_rgbf000076-resize,-2.5912837091220347,2.5912837091220347,1.8655,18.667799879387072
524214.0,2.5,-0.43607874917843614,0.43607874917843614,002153_2014-06-25_21-27-18_260595134347_rgbf000038-resize,-3.2307837091220346,3.2307837091220346,2.505,17.28886317575377
524214.0,2.5,-0.33592406563015026,0.33592406563015026,002660_2014-06-13_15-44-18_094959634447_rgbf001878-resize,-3.639665237642285,3.639665237642285,3.576,15.11997681444361
524214.0,2.5,-0.9760047415047376,0.9760047415047376,000739_2014-06-08_18-45-58_260595134347_rgbf000068-resize,-4.2597837091220345,4.2597837091220345,3.534,8.164356963721069
524214.0,2.5,-0.6098223824370744,0.6098223824370744,000734_2014-06-08_17-39-11_260595134347_rgbf000128-resize,-4.161665237642286,4.161665237642286,4.098,16.052231618370055
524214.0,2.5,-1.6902669846786982,1.6902669846786982,000522_2014-06-08_13-35-06_260595134347_rgbf000244-resize,-4.421520652081535,4.421520652081535,2.3715,25.742609854068213
524214.0,2.5,-0.11416952051742213,0.11416952051742213,002949_2014-06-26_15-57-42_094959634447_rgbf000079-resize,-2.6172837091220345,2.6172837091220345,1.8915,17.99500168321199
524214.0,2.5,-0.6406506071416341,0.6406506071416341,001555_2014-06-20_17-12-10_260595134347_rgbf000065-resize,-3.0209021806017846,3.0209021806017846,1.633,7.608284543781994
524214.0,2.5,-0.5320357573733651,0.5320357573733651,003534_2014-05-22_15-06-10_094959634447_rgbf000102-resize,-2.8139021806017848,2.8139021806017848,1.426,12.376994007247625
524214.0,2.5,-1.0689431242111371,1.0689431242111371,000773_2014-06-08_22-24-54_260595134347_rgbf000093-resize,-5.036665237642286,5.036665237642286,4.973,21.45352631724976
524214.0,2.5,-0.7488703785172276,0.7488703785172276,002414_2014-06-28_20-24-58_260595134347_rgbf000067-resize,-4.426665237642285,4.426665237642285,4.363,31.720662178139435
524214.0,2.5,-0.17667475691193618,0.17667475691193618,001032_2014-06-08_13-23-17_260595134347_rgbf000021-resize,-3.3361652376422843,3.3361652376422843,3.2725,15.984983178828962
524214.0,2.5,-0.2863390255185427,0.2863390255185427,003292_2014-05-14_21-53-49_094959634447_rgbf000100-resize,-3.5451652376422844,3.5451652376422844,3.4815,33.084282711345374
524214.0,2.5,-1.2401959340570234,1.2401959340570234,002639_2014-06-24_14-51-37_094959634447_rgbf000074-resize,-4.763283709122034,4.763283709122034,4.0375,16.521406794569987
524214.0,2.5,-1.4655586295906844,1.4655586295906844,001570_2014-06-20_17-21-09_260595134347_rgbf000135-resize,-5.192783709122034,5.192783709122034,4.467,22.179510675592084
524214.0,2.5,-0.6292366309463745,0.6292366309463745,001392_2014-06-19_16-07-59_260595134347_rgbf000046-resize,-4.1986652376422855,4.1986652376422855,4.135,18.95235574822112
524214.0,2.5,-0.8097366711409859,0.8097366711409859,000447_2014-06-08_16-15-46_260595134347_rgbf000130-resize,-4.542665237642285,4.542665237642285,4.479,19.081432914605553
524214.0,2.5,-1.2927980533288421,1.2927980533288421,001447_2014-06-19_17-00-32_260595134347_rgbf000082-resize,-4.863533709122034,4.863533709122034,4.13775,46.830399423560245
524214.0,2.5,-0.01853968254531957,0.01853968254531957,001066_2014-06-08_22-03-20_260595134347_rgbf000066-resize,-3.634546766162535,3.634546766162535,4.2330000000000005,19.743449467077777
524214.0,2.5,-0.8900172122740414,0.8900172122740414,000742_2014-06-08_18-48-09_260595134347_rgbf000164-resize,-4.6956652376422845,4.6956652376422845,4.632,18.91549953899407
524214.0,2.5,-1.124432691616709,1.124432691616709,002758_2014-06-22_19-11-20_094959634447_rgbf000128-resize,-3.9429021806017848,3.9429021806017848,2.555,7.204478276142114
524214.0,2.5,-1.2165191946811074,1.2165191946811074,001806_2014-06-26_20-50-20_260595134347_rgbf000091-resize,-4.118402180601785,4.118402180601785,2.7305,13.909869710567438
524214.0,2.5,-0.93297856913277,0.93297856913277,001449_2014-06-19_17-01-27_260595134347_rgbf000116-resize,-4.177783709122035,4.177783709122035,3.452,8.994872108877228
524214.0,2.5,-1.088227741693948,1.088227741693948,000368_2014-06-09_15-53-01_260595134347_rgbf000155-resize,-3.8739021806017853,3.8739021806017853,2.4859999999999998,21.090700959072958
524214.0,2.5,-0.0051611386847792975,0.0051611386847792975,002763_2014-06-22_19-13-10_094959634447_rgbf000075-resize,-2.4095337091220346,2.4095337091220346,1.68375,5.5919783591245595
524214.0,2.5,-0.8631274008698651,0.8631274008698651,002209_2014-06-28_18-36-10_260595134347_rgbf000051-resize,-3.4449021806017845,3.4449021806017845,2.057,12.962068825921264
524214.0,2.5,-0.9918108395931046,0.9918108395931046,001828_2014-06-26_21-40-03_260595134347_rgbf000024-resize,-4.889665237642285,4.889665237642285,4.8260000000000005,35.55232951340613
524214.0,2.5,-0.1092495965485513,0.1092495965485513,002805_2014-06-22_19-54-03_094959634447_rgbf000079-resize,-3.2076652376422845,3.2076652376422845,3.1439999999999997,7.377848172936663
524214.0,2.5,-0.285616776903035,0.285616776903035,002467_2014-06-28_20-38-07_260595134347_rgbf000026-resize,-4.143546766162535,4.143546766162535,4.742,15.331046216195933
524214.0,2.5,-0.4192880477649905,0.4192880477649905,001011_2014-06-08_23-18-54_260595134347_rgbf000044-resize,-3.1987837091220346,3.1987837091220346,2.4730000000000003,11.624075606213012
524214.0,2.5,-0.8161659078541166,0.8161659078541166,002875_2014-06-01_15-19-00_094959634447_rgbf000151-resize,-3.3554021806017853,3.3554021806017853,1.9675,11.625680938349673
524214.0,2.5,-0.5349864746920452,0.5349864746920452,001092_2014-06-15_17-34-58_260595134347_rgbf000171-resize,-3.4192837091220336,3.4192837091220336,2.6935,9.164038324933468
524214.0,2.5,-0.7547749058111883,0.7547749058111883,001167_2014-06-17_15-38-07_260595134347_rgbf000108-resize,-3.2384021806017853,3.2384021806017853,1.8505,12.019050657019696
524214.0,2.5,-0.4958308074506119,0.4958308074506119,003587_2014-05-23_16-48-02_094959634447_rgbf002384-resize,-2.7449021806017853,2.7449021806017853,1.357,20.788172722830538
348412.0,2.5,-1.1045658463759804,1.1045658463759804,001808_2014-06-26_20-50-58_260595134347_rgbf000029-resize,-4.7281775792864575,4.7281775792864575,4.249,20.030651550568866
348412.0,2.5,-0.17889193203339193,0.17889193203339193,001815_2014-06-26_20-52-55_260595134347_rgbf000020-resize,-3.3925655389783103,3.3925655389783103,3.3865,18.626322656731816
348412.0,2.5,-0.01990497802476976,0.01990497802476976,001029_2014-06-08_13-17-57_260595134347_rgbf000065-resize,-3.0895655389783103,3.0895655389783103,3.0835,18.209734661918688
348412.0,2.5,-1.538674962847684,1.538674962847684,001417_2014-06-19_16-25-36_260595134347_rgbf000115-resize,-5.341233599440533,5.341233599440533,4.6255,49.17091269608214
348412.0,2.5,-0.6914451066710778,0.6914451066710778,003081_2014-06-15_15-19-16_094959634447_rgbf000150-resize,-4.155121559132384,4.155121559132384,3.9125,16.632991649560594
348412.0,2.5,-0.06782796198709343,0.06782796198709343,000682_2014-06-08_23-14-58_260595134347_rgbf000041-resize,-2.966621559132385,2.966621559132385,2.7239999999999998,8.707843071693064
348412.0,2.5,-0.18335053313064376,0.18335053313064376,001244_2014-06-17_16-47-45_260595134347_rgbf000030-resize,-2.758233599440533,2.758233599440533,2.0425,6.7629638807870815
348412.0,2.5,-1.0162402371375314,1.0162402371375314,001158_2014-06-17_15-32-16_260595134347_rgbf000138-resize,-4.774121559132385,4.774121559132385,4.5315,26.954451973303737
348412.0,2.5,-0.7057881167721887,0.7057881167721887,000556_2014-06-09_22-42-56_260595134347_rgbf000214-resize,-4.611009518824236,4.611009518824236,4.8415,23.88242025565649
348412.0,2.5,-0.04474217650930085,0.04474217650930085,001150_2014-06-17_15-27-34_260595134347_rgbf000108-resize,-3.5654534986701614,3.5654534986701614,4.0325,11.088139074292139
348412.0,2.5,-1.4562076561461843,1.4562076561461843,002375_2014-06-28_20-13-44_260595134347_rgbf000032-resize,-4.969789619594606,4.969789619594606,4.0175,48.76103649676905
348412.0,2.5,-0.3226623128860693,0.3226623128860693,001235_2014-06-17_16-37-36_260595134347_rgbf000084-resize,-3.6665655389783103,3.6665655389783103,3.6605,14.547706659434104
348412.0,2.5,-0.7960367079037984,0.7960367079037984,000692_2014-06-08_13-09-42_260595134347_rgbf000199-resize,-4.1401775792864575,4.1401775792864575,3.661,54.80046590295557
348412.0,2.5,-0.37836943920987604,0.37836943920987604,001094_2014-06-15_17-36-00_260595134347_rgbf000205-resize,-3.987009518824237,3.987009518824237,4.2175,17.196771274488466
348412.0,2.5,-0.03372042077533133,0.03372042077533133,002509_2014-06-24_13-19-22_094959634447_rgbf000077-resize,-2.258789619594607,2.258789619594607,1.3065,40.21868783296904
348412.0,2.5,-0.05855714293797554,0.05855714293797554,002784_2014-06-22_19-26-30_094959634447_rgbf000083-resize,-2.5204002661072327,2.5204002661072327,1.8046666666667,3.0422522474895675
348412.0,2.5,-0.24177056340776745,0.24177056340776745,002039_2014-06-24_20-22-38_260595134347_rgbf000084-resize,-3.940953498670162,3.940953498670162,4.408,15.524303639345458
348412.0,2.5,-0.3193396295532229,0.3193396295532229,002103_2014-06-25_20-00-40_260595134347_rgbf000049-resize,-3.8745095188242367,3.8745095188242367,4.105,11.598018874569219
348412.0,2.5,-0.5379676015637431,0.5379676015637431,002213_2014-06-28_18-37-58_260595134347_rgbf000055-resize,-3.8626215591323847,3.8626215591323847,3.62,11.387296889913552
348412.0,2.5,-0.3445256816734015,0.3445256816734015,000691_2014-06-08_13-08-50_260595134347_rgbf000132-resize,-3.9225095188242367,3.9225095188242367,4.1530000000000005,14.740846212587924
348412.0,2.5,-0.08007213441153341,0.08007213441153341,000457_2014-06-08_16-52-43_260595134347_rgbf000199-resize,-3.4185095188242363,3.4185095188242363,3.6489999999999996,14.067279821032837
348412.0,2.5,-0.2555874351240213,0.2555874351240213,003621_2014-05-23_18-06-08_094959634447_rgbf000101-resize,-3.7530095188242365,3.7530095188242365,3.9835,23.07176470133362
348412.0,2.5,-0.8711580827369192,0.8711580827369192,001175_2014-06-17_15-45-55_260595134347_rgbf000129-resize,-4.4976215591323845,4.4976215591323845,4.255,15.34903910495583
348412.0,2.5,-0.3142669621793384,0.3142669621793384,003490_2014-05-21_15-50-11_094959634447_rgbf000101-resize,-3.6505655389783103,3.6505655389783103,3.6445,19.999457360175192
348412.0,2.5,-0.5026376436614988,0.5026376436614988,003048_2014-06-15_13-49-43_094959634447_rgbf000150-resize,-4.00956553897831,4.00956553897831,4.0035,24.355606534500392
348412.0,2.5,-0.17696609220883885,0.17696609220883885,002344_2014-06-28_20-06-29_260595134347_rgbf000030-resize,-2.531789619594607,2.531789619594607,1.5795,37.33165518125916
348412.0,2.5,-0.3861507236399853,0.3861507236399853,001055_2014-06-08_18-45-35_260595134347_rgbf000111-resize,-3.1447335994405328,3.1447335994405328,2.4290000000000003,8.406298609581565
348412.0,2.5,-0.009761072242699979,0.009761072242699979,000736_2014-06-08_18-24-15_260595134347_rgbf000206-resize,-3.2845095188242364,3.2845095188242364,3.515,33.408170606136416
348412.0,2.5,-0.6250693651460189,0.6250693651460189,000137_2014-05-20_17-04-49_260595134347_rgbf000120-resize,-4.028621559132384,4.028621559132384,3.786,14.89611111351161
348412.0,2.5,-0.6235817358145797,0.6235817358145797,000642_2014-06-08_16-59-25_260595134347_rgbf000098-resize,-3.597233599440533,3.597233599440533,2.8815,31.36214301237791
348412.0,2.5,-0.20967536094661132,0.20967536094661132,002425_2014-06-28_20-27-29_260595134347_rgbf000031-resize,-3.6655095188242366,3.6655095188242366,3.8960000000000004,8.40495801096819
348412.0,2.5,-0.7452263931703454,0.7452263931703454,001056_2014-06-08_18-46-44_260595134347_rgbf000068-resize,-3.6147896195946068,3.6147896195946068,2.6625,11.38594592369452
348412.0,2.5,-0.6320635854473702,0.6320635854473702,002199_2014-06-28_18-33-56_260595134347_rgbf000074-resize,-3.1848456397486813,3.1848456397486813,1.996,17.12852126070164
348412.0,2.5,-1.0717715076778322,1.0717715076778322,000917_2014-06-09_22-45-29_260595134347_rgbf000149-resize,-4.6656775792864575,4.6656775792864575,4.1865,9.740561609074897
348412.0,2.5,-0.5962103470916491,0.5962103470916491,002323_2014-06-28_20-01-54_260595134347_rgbf000051-resize,-3.973621559132385,3.973621559132385,3.7310000000000003,18.09172628388976
348412.0,2.5,-0.2093236493795776,0.2093236493795776,000878_2014-06-08_22-52-45_260595134347_rgbf000045-resize,-2.807733599440533,2.807733599440533,2.092,5.576511521775202
348412.0,2.5,-0.5843164572685566,0.5843164572685566,003423_2014-05-21_10-23-26_094959634447_rgbf002665-resize,-3.7366775792864586,3.7366775792864586,3.2575,35.43119222475438
348412.0,2.5,-1.3830986200636728,1.3830986200636728,000414_2014-06-04_19-49-13_260595134347_rgbf000044-resize,-5.044733599440533,5.044733599440533,4.329,13.241348366125557
348412.0,2.5,-0.9890432752324334,0.9890432752324334,003129_2014-05-12_10-48-10_094959634447_rgbf000100-resize,-4.936565538978312,4.936565538978312,4.9305,17.9074543760639
348412.0,2.5,-1.1398093053521532,1.1398093053521532,002988_2014-06-15_12-24-20_094959634447_rgbf000150-resize,-5.009621559132385,5.009621559132385,4.7669999999999995,14.460306569198616
348412.0,2.5,-0.5556332949977048,0.5556332949977048,001052_2014-06-08_18-24-54_260595134347_rgbf000130-resize,-4.11056553897831,4.11056553897831,4.1045,25.87613690895519
348412.0,2.5,-0.029261819678078314,0.029261819678078314,001214_2014-06-17_16-13-55_260595134347_rgbf000111-resize,-2.8931215591323847,2.8931215591323847,2.6505,18.479282579459067
348412.0,2.5,-1.0891748464022,1.0891748464022,002748_2014-06-22_19-07-22_094959634447_rgbf000078-resize,-4.913121559132384,4.913121559132384,4.6705,35.71435075733748
348412.0,2.5,-0.17819279579639627,0.17819279579639627,002995_2014-06-15_12-31-26_094959634447_rgbf000150-resize,-3.6055095188242365,3.6055095188242365,3.8360000000000003,27.231594395483473
348412.0,2.5,-1.247461235208139,1.247461235208139,000436_2014-06-09_22-25-11_260595134347_rgbf000137-resize,-4.786233599440533,4.786233599440533,4.0705,20.69156545677159
348412.0,2.5,-0.4683571045976052,0.4683571045976052,002444_2014-06-28_20-32-08_260595134347_rgbf000027-resize,-4.158509518824235,4.158509518824235,4.388999999999999,17.102760279009576
348412.0,2.5,-0.3752211826948619,0.3752211826948619,001133_2014-06-17_14-49-16_260595134347_rgbf000100-resize,-3.981009518824236,3.981009518824236,4.2115,26.759918254713728
348412.0,2.5,-1.0808659946215449,1.0808659946215449,001132_2014-06-17_14-48-54_260595134347_rgbf000100-resize,-4.468733599440533,4.468733599440533,3.753,14.398279213278778
348412.0,2.5,-0.4185082808107283,0.4185082808107283,003070_2014-06-15_14-58-27_094959634447_rgbf000150-resize,-3.4206775792864588,3.4206775792864588,2.9415,10.664823740812926
348412.0,2.5,-0.1487197114653962,0.1487197114653962,000943_2014-06-09_19-31-07_260595134347_rgbf000128-resize,-2.6922335994405326,2.6922335994405326,1.9765,15.893099149291922
348412.0,2.5,-0.9050004113077159,0.9050004113077159,002057_2014-06-24_21-00-13_260595134347_rgbf000120-resize,-3.9192896195946068,3.9192896195946068,2.967,10.990036854719376
348412.0,2.5,-0.05768262723934081,0.05768262723934081,000709_2014-06-08_13-51-55_260595134347_rgbf000068-resize,-2.5187335994405333,2.5187335994405333,1.8030000000000002,14.429351101546246
348412.0,2.5,-0.1760060302279436,0.1760060302279436,000758_2014-06-08_22-05-08_260595134347_rgbf000085-resize,-3.38706553897831,3.38706553897831,3.3810000000000002,11.91317737826679
348412.0,2.5,-0.2483280021816992,0.2483280021816992,000854_2014-06-09_19-43-13_260595134347_rgbf000066-resize,-3.3106215591323847,3.3106215591323847,3.068,11.910827625938722
348412.0,2.5,-0.5148803871202501,0.5148803871202501,002660_2014-06-13_15-44-18_094959634447_rgbf001878-resize,-3.8186215591323847,3.8186215591323847,3.576,15.11997681444361
348412.0,2.5,-0.4928425915150876,0.4928425915150876,000739_2014-06-08_18-45-58_260595134347_rgbf000068-resize,-3.776621559132384,3.776621559132384,3.534,8.164356963721069
348412.0,2.5,-0.7887787039271743,0.7887787039271743,000734_2014-06-08_17-39-11_260595134347_rgbf000128-resize,-4.3406215591323845,4.3406215591323845,4.098,16.052231618370055
348412.0,2.5,-0.7747874053930885,0.7747874053930885,000773_2014-06-08_22-24-54_260595134347_rgbf000093-resize,-4.742509518824236,4.742509518824236,4.973,21.45352631724976
348412.0,2.5,-0.6912706798532535,0.6912706798532535,002414_2014-06-28_20-24-58_260595134347_rgbf000067-resize,-4.369065538978311,4.369065538978311,4.363,31.720662178139435
348412.0,2.5,-0.3806412747386978,0.3806412747386978,001059_2014-06-08_21-53-27_260595134347_rgbf000061-resize,-3.134233599440533,3.134233599440533,2.4185,8.755513319222857
348412.0,2.5,-0.4652953470086425,0.4652953470086425,003292_2014-05-14_21-53-49_094959634447_rgbf000100-resize,-3.7241215591323846,3.7241215591323846,3.4815,33.084282711345374
348412.0,2.5,-1.230145824375522,1.230145824375522,002639_2014-06-24_14-51-37_094959634447_rgbf000074-resize,-4.753233599440533,4.753233599440533,4.0375,16.521406794569987
348412.0,2.5,-0.7458404594469603,0.7458404594469603,001570_2014-06-20_17-21-09_260595134347_rgbf000135-resize,-4.47306553897831,4.47306553897831,4.467,22.179510675592084
348412.0,2.5,-1.281304992744623,1.281304992744623,001392_2014-06-19_16-07-59_260595134347_rgbf000046-resize,-4.850733599440533,4.850733599440533,4.135,18.95235574822112
348412.0,2.5,-0.988692992631086,0.988692992631086,000447_2014-06-08_16-15-46_260595134347_rgbf000130-resize,-4.721621559132385,4.721621559132385,4.479,19.081432914605553
348412.0,2.5,-0.3365238630310434,0.3365238630310434,001447_2014-06-19_17-00-32_260595134347_rgbf000082-resize,-3.9072595188242363,3.9072595188242363,4.13775,46.830399423560245
348412.0,2.5,-1.332726515823318,1.332726515823318,001066_2014-06-08_22-03-20_260595134347_rgbf000066-resize,-4.9487335994405335,4.9487335994405335,4.2330000000000005,19.743449467077777
348412.0,2.5,-1.0689735337641413,1.0689735337641413,000742_2014-06-08_18-48-09_260595134347_rgbf000164-resize,-4.874621559132384,4.874621559132384,4.632,18.91549953899407
348412.0,2.5,-0.4541885213143108,0.4541885213143108,002630_2014-06-24_14-47-50_094959634447_rgbf000055-resize,-3.4886775792864593,3.4886775792864593,3.0095,10.661401196716628
348412.0,2.5,-0.33796681393375905,0.33796681393375905,003083_2014-06-15_15-21-03_094959634447_rgbf000063-resize,-3.910009518824237,3.910009518824237,4.1405,19.172834459547143
348412.0,2.5,-0.6276929122418753,0.6276929122418753,001617_2014-06-20_11-35-32_260595134347_rgbf000066-resize,-4.033621559132384,4.033621559132384,3.7910000000000004,19.974169961071475
348412.0,2.5,-0.868708962458898,0.868708962458898,000191_2014-05-12_17-07-38_260595134347_rgbf000199-resize,-4.278677579286459,4.278677579286459,3.7995,12.340757267219296
348412.0,2.5,-1.0046087020240146,1.0046087020240146,000506_2014-06-08_23-21-00_260595134347_rgbf000070-resize,-4.537677579286459,4.537677579286459,4.0585,16.716212007621664
348412.0,2.5,-0.21326039898904606,0.21326039898904606,001449_2014-06-19_17-01-27_260595134347_rgbf000116-resize,-3.4580655389783104,3.4580655389783104,3.452,8.994872108877228
348412.0,2.5,-0.2698420410114932,0.2698420410114932,001450_2014-06-19_17-02-03_260595134347_rgbf000203-resize,-3.780176185490936,3.780176185490936,4.0106666666667,12.34882649363641
348412.0,2.5,-0.7950737879915236,0.7950737879915236,002600_2014-06-24_14-27-04_094959634447_rgbf000074-resize,-3.709789619594607,3.709789619594607,2.7575,44.47386082434929
348412.0,2.5,-0.1968199801769426,0.1968199801769426,000009_2014-05-26_14-32-05_260595134347_rgbf000034-resize,-3.641009518824237,3.641009518824237,3.8715,34.796526826055185
348412.0,2.5,-1.1707671610832044,1.1707671610832044,001828_2014-06-26_21-40-03_260595134347_rgbf000024-resize,-5.068621559132385,5.068621559132385,4.8260000000000005,35.55232951340613
348412.0,2.5,-0.7613179583467997,0.7613179583467997,002805_2014-06-22_19-54-03_094959634447_rgbf000079-resize,-3.859733599440533,3.859733599440533,3.1439999999999997,7.377848172936663
348412.0,2.5,-0.993327449511856,0.993327449511856,002570_2014-06-24_13-59-54_094959634447_rgbf000059-resize,-4.516177579286459,4.516177579286459,4.037,41.596140375002705
348412.0,2.5,-0.8901355497188108,0.8901355497188108,002467_2014-06-28_20-38-07_260595134347_rgbf000026-resize,-4.7480655389783095,4.7480655389783095,4.742,15.331046216195933
348412.0,2.5,-0.29353951115641874,0.29353951115641874,001810_2014-06-26_20-51-35_260595134347_rgbf000040-resize,-2.968233599440533,2.968233599440533,2.2525,22.411391411207674
348412.0,2.5,-0.597522120639578,0.597522120639578,000409_2014-06-04_19-23-33_260595134347_rgbf000067-resize,-3.976121559132384,3.976121559132384,3.7335,12.696549983566419
148823.0,2.5,-0.20922835944685264,0.20922835944685264,001808_2014-06-26_20-50-58_260595134347_rgbf000029-resize,-3.8328400923573303,3.8328400923573303,4.249,20.030651550568866
148823.0,2.5,-0.4042854011762491,0.4042854011762491,001029_2014-06-08_13-17-57_260595134347_rgbf000065-resize,-3.4739459621297897,3.4739459621297897,3.0835,18.209734661918688
148823.0,2.5,-0.047256199404897885,0.047256199404897885,000677_2014-06-08_23-10-32_260595134347_rgbf000158-resize,-3.341491559800445,3.341491559800445,3.556,19.65196273325612
148823.0,2.5,-0.4173038324276136,0.4173038324276136,000682_2014-06-08_23-14-58_260595134347_rgbf000041-resize,-3.316097429572905,3.316097429572905,2.7239999999999998,8.707843071693064
148823.0,2.5,-0.9188727001933584,0.9188727001933584,001650_2014-06-20_12-09-00_260595134347_rgbf000087-resize,-3.4500290330669205,3.4500290330669205,1.9505,47.6804595860539
148823.0,2.5,-0.2613658307061302,0.2613658307061302,001244_2014-06-17_16-47-45_260595134347_rgbf000030-resize,-2.8362488970160187,2.8362488970160187,2.0425,6.7629638807870815
148823.0,2.5,-0.44586493779831615,0.44586493779831615,003495_2014-05-21_16-01-51_094959634447_rgbf000100-resize,-2.8225518319022482,2.8225518319022482,1.6255,12.747278812179
148823.0,2.5,-0.09562877019647016,0.09562877019647016,001150_2014-06-17_15-27-34_260595134347_rgbf000108-resize,-3.616340092357331,3.616340092357331,4.0325,11.088139074292139
148823.0,2.5,-0.6927125312382526,0.6927125312382526,002375_2014-06-28_20-13-44_260595134347_rgbf000032-resize,-4.206294494686675,4.206294494686675,4.0175,48.76103649676905
148823.0,2.5,-0.3595220500650685,0.3595220500650685,000780_2014-06-08_22-28-29_260595134347_rgbf000126-resize,-3.571294494686675,3.571294494686675,3.3825,14.165390776882042
148823.0,2.5,-0.5536927234378268,0.5536927234378268,000470_2014-06-09_19-42-40_260595134347_rgbf000094-resize,-3.0280518319022485,3.0280518319022485,1.831,22.486379427626872
148823.0,2.5,-0.3036686852031514,0.3036686852031514,000109_2014-05-14_23-41-52_260595134347_rgbf000035-resize,-2.551551831902249,2.551551831902249,1.3545,6.620498200896815
148823.0,2.5,-0.07683116563985838,0.07683116563985838,002509_2014-06-24_13-19-22_094959634447_rgbf000077-resize,-2.3019003644591343,2.3019003644591343,1.3065,40.21868783296904
148823.0,2.5,-0.2796313561492061,0.2796313561492061,003338_2014-05-20_11-01-23_094959634447_rgbf000051-resize,-2.6884003644591346,2.6884003644591346,1.693,28.251495663089063
148823.0,2.5,-0.13657244051346196,0.13657244051346196,002784_2014-06-22_19-26-30_094959634447_rgbf000083-resize,-2.5984155636827198,2.5984155636827198,1.8046666666667,3.0422522474895675
148823.0,2.5,-0.768298875878509,0.768298875878509,001100_2014-06-15_17-46-26_260595134347_rgbf000225-resize,-3.4370518319022483,3.4370518319022483,2.24,9.548860596737413
148823.0,2.5,-0.2581182699632152,0.2581182699632152,000469_2014-06-09_19-42-10_260595134347_rgbf000081-resize,-2.647400364459134,2.647400364459134,1.652,25.13136208408983
148823.0,2.5,-0.29448627036766795,0.29448627036766795,000483_2014-06-09_20-41-45_260595134347_rgbf000116-resize,-2.534051831902249,2.534051831902249,1.337,29.232414989368262
148823.0,2.5,-0.4802334047539782,0.4802334047539782,002964_2014-06-08_17-46-11_094959634447_rgbf000091-resize,-2.8880518319022483,2.8880518319022483,1.6909999999999998,28.953812917975768
148823.0,2.5,-0.6198061102532912,0.6198061102532912,002136_2014-06-25_21-18-03_260595134347_rgbf000109-resize,-3.154051831902249,3.154051831902249,1.9569999999999999,13.297078442475444
148823.0,2.5,-0.2926571570949367,0.2926571570949367,002039_2014-06-24_20-22-38_260595134347_rgbf000084-resize,-3.9918400923573314,3.9918400923573314,4.408,15.524303639345458
148823.0,2.5,-0.2912105213450322,0.2912105213450322,000929_2014-06-09_16-33-19_260595134347_rgbf000139-resize,-3.25844596212979,3.25844596212979,2.8680000000000003,19.501338012209015
148823.0,2.5,-0.4993571102739726,0.4993571102739726,000457_2014-06-08_16-52-43_260595134347_rgbf000199-resize,-3.8377944946866753,3.8377944946866753,3.6489999999999996,14.067279821032837
148823.0,2.5,-0.4732209435433456,0.4732209435433456,003621_2014-05-23_18-06-08_094959634447_rgbf000101-resize,-3.9706430272435598,3.9706430272435598,3.9835,23.07176470133362
148823.0,2.5,-0.033613754506462534,0.033613754506462534,001584_2014-06-20_11-07-43_260595134347_rgbf000002-resize,-3.3154915598004453,3.3154915598004453,3.53,17.602834139105468
148823.0,2.5,-0.18063617906571328,0.18063617906571328,002279_2014-06-28_18-55-32_260595134347_rgbf000040-resize,-2.499733697792434,2.499733697792434,1.5043333333333,15.963772282558683
148823.0,2.5,-0.07624270996688531,0.07624270996688531,000635_2014-06-08_16-38-42_260595134347_rgbf000106-resize,-2.6660974295729045,2.6660974295729045,2.074,10.796976226722654
148823.0,2.5,-0.08041219704051933,0.08041219704051933,003048_2014-06-15_13-49-43_094959634447_rgbf000150-resize,-3.587340092357331,3.587340092357331,4.0035,24.355606534500392
148823.0,2.5,-0.4217283045164808,0.4217283045164808,002344_2014-06-28_20-06-29_260595134347_rgbf000030-resize,-2.776551831902249,2.776551831902249,1.5795,37.33165518125916
148823.0,2.5,-0.5589398176295333,0.5589398176295333,000549_2014-06-08_22-10-24_260595134347_rgbf000247-resize,-3.0380518319022487,3.0380518319022487,1.841,30.99307977870557
148823.0,2.5,-1.0340004504344833,1.0340004504344833,000736_2014-06-08_18-24-15_260595134347_rgbf000206-resize,-4.308748897016018,4.308748897016018,3.515,33.408170606136416
148823.0,2.5,-0.3695908332571948,0.3695908332571948,000137_2014-05-20_17-04-49_260595134347_rgbf000120-resize,-3.77314302724356,3.77314302724356,3.786,14.89611111351161
148823.0,2.5,-0.38503420314864295,0.38503420314864295,001056_2014-06-08_18-46-44_260595134347_rgbf000068-resize,-3.2545974295729048,3.2545974295729048,2.6625,11.38594592369452
148823.0,2.5,-0.4386183101578229,0.4386183101578229,002199_2014-06-28_18-33-56_260595134347_rgbf000074-resize,-2.9914003644591336,2.9914003644591336,1.996,17.12852126070164
148823.0,2.5,-0.28733894695506396,0.28733894695506396,000878_2014-06-08_22-52-45_260595134347_rgbf000045-resize,-2.8857488970160188,2.8857488970160188,2.092,5.576511521775202
148823.0,2.5,-0.6084255535132388,0.6084255535132388,002953_2014-06-08_17-32-18_094959634447_rgbf000059-resize,-2.9497032993453636,2.9497032993453636,1.551,13.905027931093345
148823.0,2.5,-0.4561960757000314,0.4561960757000314,002905_2014-06-03_18-04-43_094959634447_rgbf000151-resize,-3.0249003644591337,3.0249003644591337,2.0295,12.020604335789361
148823.0,2.5,-0.6826793060202143,0.6826793060202143,002988_2014-06-15_12-24-20_094959634447_rgbf000150-resize,-4.552491559800446,4.552491559800446,4.7669999999999995,14.460306569198616
148823.0,2.5,-0.1334078483767253,0.1334078483767253,001052_2014-06-08_18-24-54_260595134347_rgbf000130-resize,-3.688340092357331,3.688340092357331,4.1045,25.87613690895519
148823.0,2.5,-0.5803891575617133,0.5803891575617133,001214_2014-06-17_16-13-55_260595134347_rgbf000111-resize,-3.44424889701602,3.44424889701602,2.6505,18.479282579459067
148823.0,2.5,-0.3917205633958831,0.3917205633958831,002272_2014-06-28_18-53-56_260595134347_rgbf000067-resize,-2.5367032993453638,2.5367032993453638,1.138,10.409245808146235
148823.0,2.5,-0.5689092965937724,0.5689092965937724,001571_2014-06-20_17-21-32_260595134347_rgbf000089-resize,-3.0570518319022484,3.0570518319022484,1.86,4.991960350191473
148823.0,2.5,-0.5928546911141863,0.5928546911141863,001133_2014-06-17_14-49-16_260595134347_rgbf000100-resize,-4.19864302724356,4.19864302724356,4.2115,26.759918254713728
148823.0,2.5,-0.22673500904088265,0.22673500904088265,000943_2014-06-09_19-31-07_260595134347_rgbf000128-resize,-2.7702488970160197,2.7702488970160197,1.9765,15.893099149291922
148823.0,2.5,-0.5390008597010568,0.5390008597010568,000709_2014-06-08_13-51-55_260595134347_rgbf000068-resize,-3.0000518319022484,3.0000518319022484,1.8030000000000002,14.429351101546246
148823.0,2.5,-0.7994553400653341,0.7994553400653341,000854_2014-06-09_19-43-13_260595134347_rgbf000066-resize,-3.8617488970160188,3.8617488970160188,3.068,11.910827625938722
148823.0,2.5,-0.6264642822208129,0.6264642822208129,001164_2014-06-17_15-35-46_260595134347_rgbf000085-resize,-3.3494003644591337,3.3494003644591337,2.354,17.325668807481115
148823.0,2.5,-0.16849226351297486,0.16849226351297486,001136_2014-06-17_15-19-41_260595134347_rgbf000076-resize,-2.6592488970160195,2.6592488970160195,1.8655,18.667799879387072
148823.0,2.5,-0.10074100218619142,0.10074100218619142,002153_2014-06-25_21-27-18_260595134347_rgbf000038-resize,-2.8954459621297897,2.8954459621297897,2.505,17.28886317575377
148823.0,2.5,-0.4390155270693784,0.4390155270693784,000739_2014-06-08_18-45-58_260595134347_rgbf000068-resize,-3.722794494686675,3.722794494686675,3.534,8.164356963721069
148823.0,2.5,-1.5415575092539242,1.5415575092539242,000734_2014-06-08_17-39-11_260595134347_rgbf000128-resize,-5.093400364459134,5.093400364459134,4.098,16.052231618370055
148823.0,2.5,-0.8372981644994122,0.8372981644994122,000522_2014-06-08_13-35-06_260595134347_rgbf000244-resize,-3.5685518319022482,3.5685518319022482,2.3715,25.742609854068213
148823.0,2.5,-0.3837861758545217,0.3837861758545217,002949_2014-06-26_15-57-42_094959634447_rgbf000079-resize,-2.886900364459134,2.886900364459134,1.8915,17.99500168321199
148823.0,2.5,-0.6751985119498544,0.6751985119498544,000866_2014-06-09_20-45-42_260595134347_rgbf000139-resize,-3.8075974295729047,3.8075974295729047,3.2155,8.082259189449621
148823.0,2.5,-0.4498002584420985,0.4498002584420985,001555_2014-06-20_17-12-10_260595134347_rgbf000065-resize,-2.830051831902248,2.830051831902248,1.633,7.608284543781994
148823.0,2.5,-0.3411854086738293,0.3411854086738293,003534_2014-05-22_15-06-10_094959634447_rgbf000102-resize,-2.6230518319022487,2.6230518319022487,1.426,12.376994007247625
148823.0,2.5,-0.2367044880051217,0.2367044880051217,002637_2014-06-24_14-51-13_094959634447_rgbf000066-resize,-2.7892488970160194,2.7892488970160194,1.9955,10.972027795242447
148823.0,2.5,-0.4621309297925978,0.4621309297925978,001016_2014-06-09_16-16-10_260595134347_rgbf000112-resize,-2.8535518319022484,2.8535518319022484,1.6565,7.049977084494088
148823.0,2.5,-0.28586412292544183,0.28586412292544183,002340_2014-06-28_20-05-46_260595134347_rgbf000113-resize,-3.0655974295729047,3.0655974295729047,2.4735,7.91768620575396
148823.0,2.5,-0.2570051048710694,0.2570051048710694,001059_2014-06-08_21-53-27_260595134347_rgbf000061-resize,-3.0105974295729045,3.0105974295729045,2.4185,8.755513319222857
148823.0,2.5,-0.5034554813994414,0.5034554813994414,001032_2014-06-08_13-23-17_260595134347_rgbf000021-resize,-3.6629459621297897,3.6629459621297897,3.2725,15.984983178828962
148823.0,2.5,-1.0164226848922775,1.0164226848922775,003292_2014-05-14_21-53-49_094959634447_rgbf000100-resize,-4.275248897016018,4.275248897016018,3.4815,33.084282711345374
148823.0,2.5,-0.09825231729231992,0.09825231729231992,002639_2014-06-24_14-51-37_094959634447_rgbf000074-resize,-3.6213400923573302,3.6213400923573302,4.0375,16.521406794569987
148823.0,2.5,-0.12196354538286602,0.12196354538286602,001570_2014-06-20_17-21-09_260595134347_rgbf000135-resize,-3.849188624914216,3.849188624914216,4.467,22.179510675592084
148823.0,2.5,-1.9657176435521708,1.9657176435521708,001447_2014-06-19_17-00-32_260595134347_rgbf000082-resize,-5.5364532993453635,5.5364532993453635,4.13775,46.830399423560245
148823.0,2.5,-0.32862794058782885,0.32862794058782885,002758_2014-06-22_19-11-20_094959634447_rgbf000128-resize,-3.147097429572905,3.147097429572905,2.555,7.204478276142114
148823.0,2.5,-0.3674208796323493,0.3674208796323493,002549_2014-06-24_13-41-39_094959634447_rgbf000022-resize,-2.6730518319022494,2.6730518319022494,1.476,4.1736441355391865
148823.0,2.5,-0.22316134733458315,0.22316134733458315,002750_2014-06-22_19-08-03_094959634447_rgbf000094-resize,-2.9460974295729048,2.9460974295729048,2.354,8.789636111124727
148823.0,2.5,-0.6223659110953421,0.6223659110953421,001806_2014-06-26_20-50-20_260595134347_rgbf000091-resize,-3.52424889701602,3.52424889701602,2.7305,13.909869710567438
148823.0,2.5,-0.7755173152392807,0.7755173152392807,001617_2014-06-20_11-35-32_260595134347_rgbf000066-resize,-4.181445962129788,4.181445962129788,3.7910000000000004,19.974169961071475
148823.0,2.5,-0.9946472439967112,0.9946472439967112,000493_2014-06-09_21-01-18_260595134347_rgbf000196-resize,-4.233748897016018,4.233748897016018,3.44,19.629285382994567
148823.0,2.5,-0.10927121509488684,0.10927121509488684,000506_2014-06-08_23-21-00_260595134347_rgbf000070-resize,-3.642340092357332,3.642340092357332,4.0585,16.716212007621664
148823.0,2.5,-1.2025952244698697,1.2025952244698697,001449_2014-06-19_17-01-27_260595134347_rgbf000116-resize,-4.447400364459134,4.447400364459134,3.452,8.994872108877228
148823.0,2.5,-0.2222749789779379,0.2222749789779379,003228_2014-05-14_13-42-35_094959634447_rgbf000101-resize,-2.76174889701602,2.76174889701602,1.9680000000000002,14.40337638638131
148823.0,2.5,-0.07312632657876418,0.07312632657876418,002763_2014-06-22_19-13-10_094959634447_rgbf000075-resize,-2.4774988970160194,2.4774988970160194,1.68375,5.5919783591245595
148823.0,2.5,-0.6722770521703294,0.6722770521703294,002209_2014-06-28_18-36-10_260595134347_rgbf000051-resize,-3.2540518319022484,3.2540518319022484,2.057,12.962068825921264
148823.0,2.5,-0.011150553710037536,0.011150553710037536,000009_2014-05-26_14-32-05_260595134347_rgbf000034-resize,-3.4553400923573308,3.4553400923573308,3.8715,34.796526826055185
148823.0,2.5,-1.1169400966374954,1.1169400966374954,001828_2014-06-26_21-40-03_260595134347_rgbf000024-resize,-5.014794494686676,5.014794494686676,4.8260000000000005,35.55232951340613
148823.0,2.5,-0.3715548087319052,0.3715548087319052,001810_2014-06-26_20-51-35_260595134347_rgbf000040-resize,-3.0462488970160186,3.0462488970160186,2.2525,22.411391411207674
148823.0,2.5,-0.019347295960978356,0.019347295960978356,003010_2014-06-15_12-54-35_094959634447_rgbf000112-resize,-3.1056430272435605,3.1056430272435605,3.1185,6.696951333567531
148823.0,2.5,-0.2856017682158606,0.2856017682158606,001011_2014-06-08_23-18-54_260595134347_rgbf000044-resize,-3.0650974295729045,3.0650974295729045,2.4730000000000003,11.624075606213012
148823.0,2.5,-0.423664091711466,0.423664091711466,002875_2014-06-01_15-19-00_094959634447_rgbf000151-resize,-2.9629003644591343,2.9629003644591343,1.9675,11.625680938349673
148823.0,2.5,-0.3622730896685378,0.3622730896685378,001167_2014-06-17_15-38-07_260595134347_rgbf000108-resize,-2.8459003644591343,2.8459003644591343,1.8505,12.019050657019696
148823.0,2.5,-0.3049804587510763,0.3049804587510763,003587_2014-05-23_16-48-02_094959634447_rgbf002384-resize,-2.5540518319022487,2.5540518319022487,1.357,20.788172722830538
687918.0,2.5,-0.13726135288113828,0.13726135288113828,001808_2014-06-26_20-50-58_260595134347_rgbf000029-resize,-3.7608730857916166,3.7608730857916166,4.249,20.030651550568866
687918.0,2.5,-0.5297357487110533,0.5297357487110533,001516_2014-06-20_16-25-09_260595134347_rgbf000076-resize,-2.9629822219337125,2.9629822219337125,1.7445,3.8622659094666254
687918.0,2.5,-0.050379593175084884,0.050379593175084884,001417_2014-06-19_16-25-36_260595134347_rgbf000115-resize,-3.8529382297679335,3.8529382297679335,4.6255,49.17091269608214
687918.0,2.5,-0.1903840567173737,0.1903840567173737,000682_2014-06-08_23-14-58_260595134347_rgbf000041-resize,-3.0891776538626647,3.0891776538626647,2.7239999999999998,8.707843071693064
687918.0,2.5,-0.63782588906015,0.63782588906015,001650_2014-06-20_12-09-00_260595134347_rgbf000087-resize,-3.1689822219337125,3.1689822219337125,1.9505,47.6804595860539
687918.0,2.5,-0.11722944357645793,0.11722944357645793,001244_2014-06-17_16-47-45_260595134347_rgbf000030-resize,-2.6921125098863463,2.6921125098863463,2.0425,6.7629638807870815
687918.0,2.5,-0.7517301838534625,0.7517301838534625,003495_2014-05-21_16-01-51_094959634447_rgbf000100-resize,-3.1284170779573954,3.1284170779573954,1.6255,12.747278812179
687918.0,2.5,-0.8543614758441289,0.8543614758441289,001158_2014-06-17_15-32-16_260595134347_rgbf000138-resize,-4.612242797838981,4.612242797838981,4.5315,26.954451973303737
687918.0,2.5,-0.592531475678121,0.592531475678121,001150_2014-06-17_15-27-34_260595134347_rgbf000108-resize,-4.113242797838981,4.113242797838981,4.0325,11.088139074292139
687918.0,2.5,-0.5846608343905593,0.5846608343905593,002375_2014-06-28_20-13-44_260595134347_rgbf000032-resize,-4.0982427978389815,4.0982427978389815,4.0175,48.76103649676905
687918.0,2.5,-0.6896027182246218,0.6896027182246218,001094_2014-06-15_17-36-00_260595134347_rgbf000205-resize,-4.298242797838982,4.298242797838982,4.2175,17.196771274488466
687918.0,2.5,-0.2906882574456079,0.2906882574456079,000470_2014-06-09_19-42-40_260595134347_rgbf000094-resize,-2.76504736591003,2.76504736591003,1.831,22.486379427626872
687918.0,2.5,-0.8939687872819806,0.8939687872819806,000109_2014-05-14_23-41-52_260595134347_rgbf000035-resize,-3.141851933981078,3.141851933981078,1.3545,6.620498200896815
687918.0,2.5,-0.015478167090754337,0.015478167090754337,002509_2014-06-24_13-19-22_094959634447_rgbf000077-resize,-2.2405473659100297,2.2405473659100297,1.3065,40.21868783296904
687918.0,2.5,-0.5027132136237846,0.5027132136237846,003338_2014-05-20_11-01-23_094959634447_rgbf000051-resize,-2.9114822219337126,2.9114822219337126,1.693,28.251495663089063
687918.0,2.5,-0.5613057654311552,0.5613057654311552,002784_2014-06-22_19-26-30_094959634447_rgbf000083-resize,-3.0231488886004128,3.0231488886004128,1.8046666666667,3.0422522474895675
687918.0,2.5,-1.0741641219336553,1.0741641219336553,001100_2014-06-15_17-46-26_260595134347_rgbf000225-resize,-3.742917077957396,3.742917077957396,2.24,9.548860596737413
687918.0,2.5,-0.6003515164228143,0.6003515164228143,000483_2014-06-09_20-41-45_260595134347_rgbf000116-resize,-2.8399170779573955,2.8399170779573955,1.337,29.232414989368262
687918.0,2.5,-0.2172289387617593,0.2172289387617593,002964_2014-06-08_17-46-11_094959634447_rgbf000091-resize,-2.6250473659100297,2.6250473659100297,1.6909999999999998,28.953812917975768
687918.0,2.5,-0.6412365002847549,0.6412365002847549,002136_2014-06-25_21-18-03_260595134347_rgbf000109-resize,-3.175482221933713,3.175482221933713,1.9569999999999999,13.297078442475444
687918.0,2.5,-1.4838774766390168,1.4838774766390168,002103_2014-06-25_20-00-40_260595134347_rgbf000049-resize,-5.03904736591003,5.03904736591003,4.105,11.598018874569219
687918.0,2.5,-0.2823858581150842,0.2823858581150842,003621_2014-05-23_18-06-08_094959634447_rgbf000101-resize,-3.779807941815299,3.779807941815299,3.9835,23.07176470133362
687918.0,2.5,-0.6881528925639745,0.6881528925639745,002279_2014-06-28_18-55-32_260595134347_rgbf000040-resize,-3.0072504112906957,3.0072504112906957,1.5043333333333,15.963772282558683
687918.0,2.5,-0.4181926463040108,0.4181926463040108,000635_2014-06-08_16-38-42_260595134347_rgbf000106-resize,-3.0080473659100297,3.0080473659100297,2.074,10.796976226722654
687918.0,2.5,-0.2530868323082382,0.2530868323082382,002043_2014-06-24_20-29-38_260595134347_rgbf000039-resize,-3.2086776538626647,3.2086776538626647,2.8435,8.475049543704081
687918.0,2.5,-0.7275935505716271,0.7275935505716271,002344_2014-06-28_20-06-29_260595134347_rgbf000030-resize,-3.082417077957395,3.082417077957395,1.5795,37.33165518125916
687918.0,2.5,-0.8648050636846796,0.8648050636846796,000549_2014-06-08_22-10-24_260595134347_rgbf000247-resize,-3.3439170779573955,3.3439170779573955,1.841,30.99307977870557
687918.0,2.5,-0.2730257902367114,0.2730257902367114,000642_2014-06-08_16-59-25_260595134347_rgbf000098-resize,-3.2466776538626645,3.2466776538626645,2.8815,31.36214301237791
687918.0,2.5,-0.2364737839376743,0.2364737839376743,002425_2014-06-28_20-27-29_260595134347_rgbf000031-resize,-3.6923079418152986,3.6923079418152986,3.8960000000000004,8.40495801096819
687918.0,2.5,-1.230569879679767,1.230569879679767,002199_2014-06-28_18-33-56_260595134347_rgbf000074-resize,-3.7833519339810784,3.7833519339810784,1.996,17.12852126070164
687918.0,2.5,-0.10446701418299008,0.10446701418299008,000917_2014-06-09_22-45-29_260595134347_rgbf000149-resize,-3.6983730857916166,3.6983730857916166,4.1865,9.740561609074897
687918.0,2.5,-0.14989672977456373,0.14989672977456373,002323_2014-06-28_20-01-54_260595134347_rgbf000051-resize,-3.5273079418152986,3.5273079418152986,3.7310000000000003,18.09172628388976
687918.0,2.5,-0.7126393321252706,0.7126393321252706,002953_2014-06-08_17-32-18_094959634447_rgbf000059-resize,-3.0539170779573954,3.0539170779573954,1.551,13.905027931093345
687918.0,2.5,-0.6792779331746099,0.6792779331746099,002905_2014-06-03_18-04-43_094959634447_rgbf000151-resize,-3.2479822219337127,3.2479822219337127,2.0295,12.020604335789361
687918.0,2.5,-0.779285678069422,0.779285678069422,003129_2014-05-12_10-48-10_094959634447_rgbf000100-resize,-4.7268079418153,4.7268079418153,4.9305,17.9074543760639
687918.0,2.5,-0.40906083201138543,0.40906083201138543,002988_2014-06-15_12-24-20_094959634447_rgbf000150-resize,-4.278873085791616,4.278873085791616,4.7669999999999995,14.460306569198616
687918.0,2.5,-0.43625277043204097,0.43625277043204097,001214_2014-06-17_16-13-55_260595134347_rgbf000111-resize,-3.3001125098863477,3.3001125098863477,2.6505,18.479282579459067
687918.0,2.5,-0.7803691980315979,0.7803691980315979,002272_2014-06-28_18-53-56_260595134347_rgbf000067-resize,-2.9253519339810783,2.9253519339810783,1.138,10.409245808146235
687918.0,2.5,-0.5903396866252361,0.5903396866252361,001571_2014-06-20_17-21-32_260595134347_rgbf000089-resize,-3.0784822219337125,3.0784822219337125,1.86,4.991960350191473
687918.0,2.5,-0.21072067156498572,0.21072067156498572,002444_2014-06-28_20-32-08_260595134347_rgbf000027-resize,-3.9008730857916154,3.9008730857916154,4.388999999999999,17.102760279009576
687918.0,2.5,-0.4020196056859249,0.4020196056859249,001133_2014-06-17_14-49-16_260595134347_rgbf000100-resize,-4.007807941815299,4.007807941815299,4.2115,26.759918254713728
687918.0,2.5,-0.4458751930199937,0.4458751930199937,001132_2014-06-17_14-48-54_260595134347_rgbf000100-resize,-3.8337427978389815,3.8337427978389815,3.753,14.398279213278778
687918.0,2.5,-0.6514683339585758,0.6514683339585758,000943_2014-06-09_19-31-07_260595134347_rgbf000128-resize,-3.1949822219337127,3.1949822219337127,1.9765,15.893099149291922
687918.0,2.5,-1.2241886649830274,1.2241886649830274,000854_2014-06-09_19-43-13_260595134347_rgbf000066-resize,-4.286482221933713,4.286482221933713,3.068,11.910827625938722
687918.0,2.5,-0.02435587638330261,0.02435587638330261,001136_2014-06-17_15-19-41_260595134347_rgbf000076-resize,-2.5151125098863467,2.5151125098863467,1.8655,18.667799879387072
687918.0,2.5,-0.3599075499427488,0.3599075499427488,002153_2014-06-25_21-27-18_260595134347_rgbf000038-resize,-3.1546125098863467,3.1546125098863467,2.505,17.28886317575377
687918.0,2.5,-0.05803023058640655,0.05803023058640655,000734_2014-06-08_17-39-11_260595134347_rgbf000128-resize,-3.609873085791616,3.609873085791616,4.098,16.052231618370055
687918.0,2.5,-1.4275982665782414,1.4275982665782414,000522_2014-06-08_13-35-06_260595134347_rgbf000244-resize,-4.158851933981079,4.158851933981079,2.3715,25.742609854068213
687918.0,2.5,-0.8913028893527829,0.8913028893527829,002949_2014-06-26_15-57-42_094959634447_rgbf000079-resize,-3.3944170779573954,3.3944170779573954,1.8915,17.99500168321199
687918.0,2.5,-1.0171484482869797,1.0171484482869797,000866_2014-06-09_20-45-42_260595134347_rgbf000139-resize,-4.14954736591003,4.14954736591003,3.2155,8.082259189449621
687918.0,2.5,-0.18679579244987954,0.18679579244987954,001555_2014-06-20_17-12-10_260595134347_rgbf000065-resize,-2.56704736591003,2.56704736591003,1.633,7.608284543781994
687918.0,2.5,-0.6470506547289756,0.6470506547289756,003534_2014-05-22_15-06-10_094959634447_rgbf000102-resize,-2.9289170779573954,2.9289170779573954,1.426,12.376994007247625
687918.0,2.5,-0.314520185184512,0.314520185184512,001059_2014-06-08_21-53-27_260595134347_rgbf000061-resize,-3.0681125098863467,3.0681125098863467,2.4185,8.755513319222857
687918.0,2.5,-0.4781871731323164,0.4781871731323164,001032_2014-06-08_13-23-17_260595134347_rgbf000021-resize,-3.637677653862665,3.637677653862665,3.2725,15.984983178828962
687918.0,2.5,-0.30341658571523994,0.30341658571523994,003292_2014-05-14_21-53-49_094959634447_rgbf000100-resize,-3.562242797838982,3.562242797838982,3.4815,33.084282711345374
687918.0,2.5,-0.3107201667502879,0.3107201667502879,002639_2014-06-24_14-51-37_094959634447_rgbf000074-resize,-3.833807941815299,3.833807941815299,4.0375,16.521406794569987
687918.0,2.5,-0.2516480062602665,0.2516480062602665,001570_2014-06-20_17-21-09_260595134347_rgbf000135-resize,-3.9788730857916166,3.9788730857916166,4.467,22.179510675592084
687918.0,2.5,-0.3633222860221064,0.3633222860221064,001447_2014-06-19_17-00-32_260595134347_rgbf000082-resize,-3.9340579418152983,3.9340579418152983,4.13775,46.830399423560245
687918.0,2.5,-0.12886600217440158,0.12886600217440158,001066_2014-06-08_22-03-20_260595134347_rgbf000066-resize,-3.7448730857916166,3.7448730857916166,4.2330000000000005,19.743449467077777
687918.0,2.5,-0.101708164877589,0.101708164877589,002758_2014-06-22_19-11-20_094959634447_rgbf000128-resize,-2.9201776538626647,2.9201776538626647,2.555,7.204478276142114
687918.0,2.5,-0.10441641364013032,0.10441641364013032,002549_2014-06-24_13-41-39_094959634447_rgbf000022-resize,-2.41004736591003,2.41004736591003,1.476,4.1736441355391865
687918.0,2.5,-0.036644196900459995,0.036644196900459995,000502_2014-06-08_23-02-32_260595134347_rgbf000063-resize,-2.7961776538626646,2.7961776538626646,2.431,13.897287578908273
687918.0,2.5,-0.7626643799893528,0.7626643799893528,001806_2014-06-26_20-50-20_260595134347_rgbf000091-resize,-3.66454736591003,3.66454736591003,2.7305,13.909869710567438
687918.0,2.5,-0.4658141509484727,0.4658141509484727,001617_2014-06-20_11-35-32_260595134347_rgbf000066-resize,-3.871742797838982,3.871742797838982,3.7910000000000004,19.974169961071475
687918.0,2.5,-0.5723725138734004,0.5723725138734004,001449_2014-06-19_17-01-27_260595134347_rgbf000116-resize,-3.817177653862665,3.817177653862665,3.452,8.994872108877228
687918.0,2.5,-0.865510176049922,0.865510176049922,001450_2014-06-19_17-02-03_260595134347_rgbf000203-resize,-4.375844320529365,4.375844320529365,4.0106666666667,12.34882649363641
687918.0,2.5,-0.07813859184826566,0.07813859184826566,003228_2014-05-14_13-42-35_094959634447_rgbf000101-resize,-2.6176125098863467,2.6176125098863467,1.9680000000000002,14.40337638638131
687918.0,2.5,-0.3499380709785104,0.3499380709785104,000368_2014-06-09_15-53-01_260595134347_rgbf000155-resize,-3.1356125098863474,3.1356125098863474,2.4859999999999998,21.090700959072958
687918.0,2.5,-0.2134247954727748,0.2134247954727748,002763_2014-06-22_19-13-10_094959634447_rgbf000075-resize,-2.6177973659100298,2.6177973659100298,1.68375,5.5919783591245595
687918.0,2.5,-1.2625771542491586,1.2625771542491586,002209_2014-06-28_18-36-10_260595134347_rgbf000051-resize,-3.8443519339810783,3.8443519339810783,2.057,12.962068825921264
687918.0,2.5,-0.4400186877424367,0.4400186877424367,001828_2014-06-26_21-40-03_260595134347_rgbf000024-resize,-4.3378730857916175,4.3378730857916175,4.8260000000000005,35.55232951340613
687918.0,2.5,-0.12632715674524858,0.12632715674524858,002805_2014-06-22_19-54-03_094959634447_rgbf000079-resize,-3.2247427978389815,3.2247427978389815,3.1439999999999997,7.377848172936663
687918.0,2.5,-1.7326320921591098,1.7326320921591098,002570_2014-06-24_13-59-54_094959634447_rgbf000059-resize,-5.255482221933713,5.255482221933713,4.037,41.596140375002705
687918.0,2.5,-0.9648128085794824,0.9648128085794824,002467_2014-06-28_20-38-07_260595134347_rgbf000026-resize,-4.822742797838981,4.822742797838981,4.742,15.331046216195933
687918.0,2.5,-0.2274184216022329,0.2274184216022329,001810_2014-06-26_20-51-35_260595134347_rgbf000040-resize,-2.9021125098863463,2.9021125098863463,2.2525,22.411391411207674
687918.0,2.5,-0.39987841717590294,0.39987841717590294,002663_2014-06-13_15-50-26_094959634447_rgbf000075-resize,-4.261373085791616,4.261373085791616,4.7495,16.725954086732166
687918.0,2.5,-0.4356433593461754,0.4356433593461754,000409_2014-06-04_19-23-33_260595134347_rgbf000067-resize,-3.8142427978389817,3.8142427978389817,3.7335,12.696549983566419
687918.0,2.5,-0.6467459491860446,0.6467459491860446,002875_2014-06-01_15-19-00_094959634447_rgbf000151-resize,-3.1859822219337124,3.1859822219337124,1.9675,11.625680938349673
687918.0,2.5,-0.7432501314800407,0.7432501314800407,001092_2014-06-15_17-34-58_260595134347_rgbf000171-resize,-3.6275473659100297,3.6275473659100297,2.6935,9.164038324933468
687918.0,2.5,-0.3009200911194337,0.3009200911194337,001167_2014-06-17_15-38-07_260595134347_rgbf000108-resize,-2.78454736591003,2.78454736591003,1.8505,12.019050657019696
687918.0,2.5,-0.3264108487825399,0.3264108487825399,003587_2014-05-23_16-48-02_094959634447_rgbf002384-resize,-2.5754822219337123,2.5754822219337123,1.357,20.788172722830538
651003.0,2.5,-0.9185165641490028,0.9185165641490028,001650_2014-06-20_12-09-00_260595134347_rgbf000087-resize,-3.449672897022565,3.449672897022565,1.9505,47.6804595860539
651003.0,2.5,-0.9667898307126764,0.9667898307126764,001244_2014-06-17_16-47-45_260595134347_rgbf000030-resize,-3.5416728970225657,3.5416728970225657,2.0425,6.7629638807870815
651003.0,2.5,-0.4119644915170235,0.4119644915170235,003495_2014-05-21_16-01-51_094959634447_rgbf000100-resize,-2.7886513856209563,2.7886513856209563,1.6255,12.747278812179
651003.0,2.5,-0.08330091515925353,0.08330091515925353,000556_2014-06-09_22-42-56_260595134347_rgbf000214-resize,-3.9885223172113013,3.9885223172113013,4.8415,23.88242025565649
651003.0,2.5,-0.4910430022561834,0.4910430022561834,000665_2014-06-09_20-42-35_260595134347_rgbf000110-resize,-3.548108362817738,3.548108362817738,3.057,18.49880761375764
651003.0,2.5,-0.3229833765660971,0.3229833765660971,002375_2014-06-28_20-13-44_260595134347_rgbf000032-resize,-3.8365653400145203,3.8365653400145203,4.0175,48.76103649676905
651003.0,2.5,-0.3134837354440169,0.3134837354440169,000788_2014-06-08_22-34-36_260595134347_rgbf000131-resize,-3.5140868514161285,3.5140868514161285,3.359,21.46386213810664
651003.0,2.5,-0.4716836253238875,0.4716836253238875,001235_2014-06-17_16-37-36_260595134347_rgbf000084-resize,-3.815586851416128,3.815586851416128,3.6605,14.547706659434104
651003.0,2.5,-0.8558137885581434,0.8558137885581434,000470_2014-06-09_19-42-40_260595134347_rgbf000094-resize,-3.3301728970225657,3.3301728970225657,1.831,22.486379427626872
651003.0,2.5,-0.6057897503234679,0.6057897503234679,000109_2014-05-14_23-41-52_260595134347_rgbf000035-resize,-2.853672897022565,2.853672897022565,1.3545,6.620498200896815
651003.0,2.5,-0.4473823773110284,0.4473823773110284,003338_2014-05-20_11-01-23_094959634447_rgbf000051-resize,-2.8561513856209557,2.8561513856209557,1.693,28.251495663089063
651003.0,2.5,-0.8419964405200081,0.8419964405200081,002784_2014-06-22_19-26-30_094959634447_rgbf000083-resize,-3.303839563689265,3.303839563689265,1.8046666666667,3.0422522474895675
651003.0,2.5,-1.742462963802044,1.742462963802044,001100_2014-06-15_17-46-26_260595134347_rgbf000225-resize,-4.411215919825784,4.411215919825784,2.24,9.548860596737413
651003.0,2.5,-1.0979123139282565,1.0979123139282565,000469_2014-06-09_19-42-10_260595134347_rgbf000081-resize,-3.4871944084241746,3.4871944084241746,1.652,25.13136208408983
651003.0,2.5,-0.932628846889594,0.932628846889594,000483_2014-06-09_20-41-45_260595134347_rgbf000116-resize,-3.1721944084241747,3.1721944084241747,1.337,29.232414989368262
651003.0,2.5,-0.7823544698742948,0.7823544698742948,002964_2014-06-08_17-46-11_094959634447_rgbf000091-resize,-3.190172897022565,3.190172897022565,1.6909999999999998,28.953812917975768
651003.0,2.5,-0.5859056639719986,0.5859056639719986,002136_2014-06-25_21-18-03_260595134347_rgbf000109-resize,-3.1201513856209564,3.1201513856209564,1.9569999999999999,13.297078442475444
651003.0,2.5,-0.0328739393418972,0.0328739393418972,002103_2014-06-25_20-00-40_260595134347_rgbf000049-resize,-3.5880438286129106,3.5880438286129106,4.105,11.598018874569219
651003.0,2.5,-1.0661245256669034,1.0661245256669034,000691_2014-06-08_13-08-50_260595134347_rgbf000132-resize,-4.644108362817738,4.644108362817738,4.1530000000000005,14.740846212587924
651003.0,2.5,-0.7278944334345899,0.7278944334345899,000929_2014-06-09_16-33-19_260595134347_rgbf000139-resize,-3.695129874219348,3.695129874219348,2.8680000000000003,19.501338012209015
651003.0,2.5,-0.8016709784050353,0.8016709784050353,000457_2014-06-08_16-52-43_260595134347_rgbf000199-resize,-4.140108362817738,4.140108362817738,3.6489999999999996,14.067279821032837
651003.0,2.5,-0.3051432563143049,0.3051432563143049,003621_2014-05-23_18-06-08_094959634447_rgbf000101-resize,-3.80256534001452,3.80256534001452,3.9835,23.07176470133362
651003.0,2.5,-0.739230557523755,0.739230557523755,001584_2014-06-20_11-07-43_260595134347_rgbf000002-resize,-4.0211083628177375,4.0211083628177375,3.53,17.602834139105468
651003.0,2.5,-0.012365688825926702,0.012365688825926702,002279_2014-06-28_18-55-32_260595134347_rgbf000040-resize,-2.331463207552648,2.331463207552648,1.5043333333333,15.963772282558683
651003.0,2.5,-0.3747649943329355,0.3747649943329355,002725_2014-06-22_11-47-51_094959634447_rgbf000070-resize,-3.0221298742193468,3.0221298742193468,2.195,3.938570017428758
651003.0,2.5,-0.7238493696367974,0.7238493696367974,002344_2014-06-28_20-06-29_260595134347_rgbf000030-resize,-3.0786728970225656,3.0786728970225656,1.5795,37.33165518125916
651003.0,2.5,-1.1970823941514597,1.1970823941514597,000549_2014-06-08_22-10-24_260595134347_rgbf000247-resize,-3.6761944084241747,3.6761944084241747,1.841,30.99307977870557
651003.0,2.5,-0.3953384048345926,0.3953384048345926,000736_2014-06-08_18-24-15_260595134347_rgbf000206-resize,-3.6700868514161287,3.6700868514161287,3.515,33.408170606136416
651003.0,2.5,-0.9560881591966948,0.9560881591966948,001056_2014-06-08_18-46-44_260595134347_rgbf000068-resize,-3.8256513856209557,3.8256513856209557,2.6625,11.38594592369452
651003.0,2.5,-0.9423908427212544,0.9423908427212544,002199_2014-06-28_18-33-56_260595134347_rgbf000074-resize,-3.4951728970225657,3.4951728970225657,1.996,17.12852126070164
651003.0,2.5,-0.07563775700428378,0.07563775700428378,000917_2014-06-09_22-45-29_260595134347_rgbf000149-resize,-3.66954382861291,3.66954382861291,4.1865,9.740561609074897
651003.0,2.5,-0.5086756393753934,0.5086756393753934,002323_2014-06-28_20-01-54_260595134347_rgbf000051-resize,-3.886086851416128,3.886086851416128,3.7310000000000003,18.09172628388976
651003.0,2.5,-0.3207199241583921,0.3207199241583921,000878_2014-06-08_22-52-45_260595134347_rgbf000045-resize,-2.9191298742193474,2.9191298742193474,2.092,5.576511521775202
651003.0,2.5,-0.7088951511904409,0.7088951511904409,002953_2014-06-08_17-32-18_094959634447_rgbf000059-resize,-3.050172897022565,3.050172897022565,1.551,13.905027931093345
651003.0,2.5,-0.2879255854602448,0.2879255854602448,002905_2014-06-03_18-04-43_094959634447_rgbf000151-resize,-2.8566298742193474,2.8566298742193474,2.0295,12.020604335789361
651003.0,2.5,-0.032611584632304624,0.032611584632304624,001052_2014-06-08_18-24-54_260595134347_rgbf000130-resize,-3.58754382861291,3.58754382861291,4.1045,25.87613690895519
651003.0,2.5,-0.3390298822523482,0.3390298822523482,000810_2014-06-08_17-20-01_260595134347_rgbf000105-resize,-2.649651385620956,2.649651385620956,1.4865,3.0958890116960642
651003.0,2.5,-0.2777486233634319,0.2777486233634319,001214_2014-06-17_16-13-55_260595134347_rgbf000111-resize,-3.1416083628177383,3.1416083628177383,2.6505,18.479282579459067
651003.0,2.5,-0.5350088503124798,0.5350088503124798,001571_2014-06-20_17-21-32_260595134347_rgbf000089-resize,-3.0231513856209564,3.0231513856209564,1.86,4.991960350191473
651003.0,2.5,-0.09441755294039822,0.09441755294039822,003070_2014-06-15_14-58-27_094959634447_rgbf000150-resize,-3.0965868514161285,3.0965868514161285,2.9415,10.664823740812926
651003.0,2.5,-0.26011598624421073,0.26011598624421073,000943_2014-06-09_19-31-07_260595134347_rgbf000128-resize,-2.8036298742193475,2.8036298742193475,1.9765,15.893099149291922
651003.0,2.5,-1.168857828670271,1.168857828670271,000854_2014-06-09_19-43-13_260595134347_rgbf000066-resize,-4.231151385620956,4.231151385620956,3.068,11.910827625938722
651003.0,2.5,-0.2014034028741397,0.2014034028741397,002153_2014-06-25_21-27-18_260595134347_rgbf000038-resize,-2.996108362817738,2.996108362817738,2.505,17.28886317575377
651003.0,2.5,-0.09132416800238544,0.09132416800238544,002660_2014-06-13_15-44-18_094959634447_rgbf001878-resize,-3.3950653400145203,3.3950653400145203,3.576,15.11997681444361
651003.0,2.5,-0.06928637239722292,0.06928637239722292,000739_2014-06-08_18-45-58_260595134347_rgbf000068-resize,-3.35306534001452,3.35306534001452,3.534,8.164356963721069
651003.0,2.5,-0.029200973407700226,0.029200973407700226,000734_2014-06-08_17-39-11_260595134347_rgbf000128-resize,-3.58104382861291,3.58104382861291,4.098,16.052231618370055
651003.0,2.5,-1.4754407410213384,1.4754407410213384,000522_2014-06-08_13-35-06_260595134347_rgbf000244-resize,-4.206694408424175,4.206694408424175,2.3715,25.742609854068213
651003.0,2.5,-0.2155156856147351,0.2155156856147351,002949_2014-06-26_15-57-42_094959634447_rgbf000079-resize,-2.7186298742193475,2.7186298742193475,1.8915,17.99500168321199
651003.0,2.5,-0.9102309565962972,0.9102309565962972,000866_2014-06-09_20-45-42_260595134347_rgbf000139-resize,-4.0426298742193465,4.0426298742193465,3.2155,8.082259189449621
651003.0,2.5,-0.41589981216080585,0.41589981216080585,001555_2014-06-20_17-12-10_260595134347_rgbf000065-resize,-2.796151385620957,2.796151385620957,1.633,7.608284543781994
651003.0,2.5,-0.9793279851957556,0.9793279851957556,003534_2014-05-22_15-06-10_094959634447_rgbf000102-resize,-3.2611944084241746,3.2611944084241746,1.426,12.376994007247625
651003.0,2.5,-0.4282304835113052,0.4282304835113052,001016_2014-06-09_16-16-10_260595134347_rgbf000112-resize,-2.8196513856209564,2.8196513856209564,1.6565,7.049977084494088
651003.0,2.5,-0.18487505617027528,0.18487505617027528,002340_2014-06-28_20-05-46_260595134347_rgbf000113-resize,-2.964608362817738,2.964608362817738,2.4735,7.91768620575396
651003.0,2.5,-0.1523002037801534,0.1523002037801534,000773_2014-06-08_22-24-54_260595134347_rgbf000093-resize,-4.1200223172112995,4.1200223172112995,4.973,21.45352631724976
651003.0,2.5,-0.15601603811590287,0.15601603811590287,001059_2014-06-08_21-53-27_260595134347_rgbf000061-resize,-2.909608362817738,2.909608362817738,2.4185,8.755513319222857
651003.0,2.5,-0.6041178820873896,0.6041178820873896,001032_2014-06-08_13-23-17_260595134347_rgbf000021-resize,-3.763608362817738,3.763608362817738,3.2725,15.984983178828962
651003.0,2.5,-0.3777606392923868,0.3777606392923868,003292_2014-05-14_21-53-49_094959634447_rgbf000100-resize,-3.6365868514161286,3.6365868514161286,3.4815,33.084282711345374
651003.0,2.5,-0.048615221917000295,0.048615221917000295,001392_2014-06-19_16-07-59_260595134347_rgbf000046-resize,-3.61804382861291,3.61804382861291,4.135,18.95235574822112
651003.0,2.5,-0.10003674499569526,0.10003674499569526,001066_2014-06-08_22-03-20_260595134347_rgbf000066-resize,-3.716043828612911,3.716043828612911,4.2330000000000005,19.743449467077777
651003.0,2.5,-0.2276388738326623,0.2276388738326623,002758_2014-06-22_19-11-20_094959634447_rgbf000128-resize,-3.0461083628177383,3.0461083628177383,2.555,7.204478276142114
651003.0,2.5,-0.6695419447526658,0.6695419447526658,002549_2014-06-24_13-41-39_094959634447_rgbf000022-resize,-2.9751728970225653,2.9751728970225653,1.476,4.1736441355391865
651003.0,2.5,-0.4985964172571428,0.4985964172571428,000502_2014-06-08_23-02-32_260595134347_rgbf000063-resize,-3.2581298742193474,3.2581298742193474,2.431,13.897287578908273
651003.0,2.5,-0.6557468882986702,0.6557468882986702,001806_2014-06-26_20-50-20_260595134347_rgbf000091-resize,-3.5576298742193475,3.5576298742193475,2.7305,13.909869710567438
651003.0,2.5,-0.8761797159272289,0.8761797159272289,001617_2014-06-20_11-35-32_260595134347_rgbf000066-resize,-4.282108362817738,4.282108362817738,3.7910000000000004,19.974169961071475
651003.0,2.5,-0.01996368699521148,0.01996368699521148,000493_2014-06-09_21-01-18_260595134347_rgbf000196-resize,-3.25906534001452,3.25906534001452,3.44,19.629285382994567
651003.0,2.5,-0.008474951350466164,0.008474951350466164,000506_2014-06-08_23-21-00_260595134347_rgbf000070-resize,-3.5415438286129106,3.5415438286129106,4.0585,16.716212007621664
651003.0,2.5,-0.06083615011349075,0.06083615011349075,003079_2014-06-15_15-18-20_094959634447_rgbf000152-resize,-3.0325868514161285,3.0325868514161285,2.8775,9.032134209869396
651003.0,2.5,-0.5916774675828749,0.5916774675828749,003228_2014-05-14_13-42-35_094959634447_rgbf000101-resize,-3.1311513856209565,3.1311513856209565,1.9680000000000002,14.40337638638131
651003.0,2.5,-0.3684684813028923,0.3684684813028923,002678_2014-06-13_16-15-32_094959634447_rgbf000151-resize,-3.010129874219348,3.010129874219348,2.1830000000000003,32.96558503300821
651003.0,2.5,-0.10650730378209228,0.10650730378209228,002763_2014-06-22_19-13-10_094959634447_rgbf000075-resize,-2.510879874219348,2.510879874219348,1.68375,5.5919783591245595
651003.0,2.5,-0.6383766058890368,0.6383766058890368,002209_2014-06-28_18-36-10_260595134347_rgbf000051-resize,-3.220151385620956,3.220151385620956,2.057,12.962068825921264
651003.0,2.5,-0.4111894305637304,0.4111894305637304,001828_2014-06-26_21-40-03_260595134347_rgbf000024-resize,-4.309043828612911,4.309043828612911,4.8260000000000005,35.55232951340613
651003.0,2.5,-0.4570895015656775,0.4570895015656775,001110_2014-06-15_17-25-28_260595134347_rgbf000150-resize,-2.874651385620957,2.874651385620957,1.7115,9.336195527413247
651003.0,2.5,-0.33321521023991696,0.33321521023991696,002570_2014-06-24_13-59-54_094959634447_rgbf000059-resize,-3.85606534001452,3.85606534001452,4.037,41.596140375002705
651003.0,2.5,-0.03109232795180128,0.03109232795180128,002467_2014-06-28_20-38-07_260595134347_rgbf000026-resize,-3.8890223172113014,3.8890223172113014,4.742,15.331046216195933
651003.0,2.5,-0.7409572973368421,0.7409572973368421,001810_2014-06-26_20-51-35_260595134347_rgbf000040-resize,-3.4156513856209556,3.4156513856209556,2.2525,22.411391411207674
651003.0,2.5,-0.5099874129233223,0.5099874129233223,000409_2014-06-04_19-23-33_260595134347_rgbf000067-resize,-3.888586851416128,3.888586851416128,3.7335,12.696549983566419
651003.0,2.5,-0.9723541511909671,0.9723541511909671,001092_2014-06-15_17-34-58_260595134347_rgbf000171-resize,-3.856651385620956,3.856651385620956,2.6935,9.164038324933468
651003.0,2.5,-0.23073225877067535,0.23073225877067535,002545_2014-06-24_13-38-53_094959634447_rgbf000080-resize,-2.7476298742193475,2.7476298742193475,1.9205,12.083824048628237
651003.0,2.5,-0.8660456222319692,0.8660456222319692,001167_2014-06-17_15-38-07_260595134347_rgbf000108-resize,-3.349672897022565,3.349672897022565,1.8505,12.019050657019696
651003.0,2.5,-0.27108001246978364,0.27108001246978364,003587_2014-05-23_16-48-02_094959634447_rgbf002384-resize,-2.5201513856209563,2.5201513856209563,1.357,20.788172722830538
804185.0,2.5,-0.5512856510412706,0.5512856510412706,001029_2014-06-08_13-17-57_260595134347_rgbf000065-resize,-3.6209462119948115,3.6209462119948115,3.0835,18.209734661918688
804185.0,2.5,-0.7992108515992636,0.7992108515992636,000677_2014-06-08_23-10-32_260595134347_rgbf000158-resize,-4.093446211994811,4.093446211994811,3.556,19.65196273325612
804185.0,2.5,-0.07199344487566506,0.07199344487566506,003081_2014-06-15_15-19-16_094959634447_rgbf000150-resize,-3.535669897336972,3.535669897336972,3.9125,16.632991649560594
804185.0,2.5,-0.36265261484952027,0.36265261484952027,000682_2014-06-08_23-14-58_260595134347_rgbf000041-resize,-3.2614462119948118,3.2614462119948118,2.7239999999999998,8.707843071693064
804185.0,2.5,-1.3110648899999582,1.3110648899999582,001158_2014-06-17_15-32-16_260595134347_rgbf000138-resize,-5.068946211994811,5.068946211994811,4.5315,26.954451973303737
804185.0,2.5,-1.4737248099427638,1.4737248099427638,000556_2014-06-09_22-42-56_260595134347_rgbf000214-resize,-5.378946211994811,5.378946211994811,4.8415,23.88242025565649
804185.0,2.5,-1.0492348898339503,1.0492348898339503,001150_2014-06-17_15-27-34_260595134347_rgbf000108-resize,-4.569946211994811,4.569946211994811,4.0325,11.088139074292139
804185.0,2.5,-0.5373808514332566,0.5373808514332566,000665_2014-06-09_20-42-35_260595134347_rgbf000110-resize,-3.5944462119948115,3.5944462119948115,3.057,18.49880761375764
804185.0,2.5,-1.0413642485463883,1.0413642485463883,002375_2014-06-28_20-13-44_260595134347_rgbf000032-resize,-4.554946211994811,4.554946211994811,4.0175,48.76103649676905
804185.0,2.5,-0.5153430558280941,0.5153430558280941,002568_2014-06-24_13-59-21_094959634447_rgbf000062-resize,-3.5524462119948117,3.5524462119948117,3.015,29.63840999388049
804185.0,2.5,-0.6958430960226994,0.6958430960226994,000788_2014-06-08_22-34-36_260595134347_rgbf000131-resize,-3.896446211994811,3.896446211994811,3.359,21.46386213810664
804185.0,2.5,-0.8540429859025701,0.8540429859025701,001235_2014-06-17_16-37-36_260595134347_rgbf000084-resize,-4.197946211994811,4.197946211994811,3.6605,14.547706659434104
804185.0,2.5,-0.8543053406121509,0.8543053406121509,000692_2014-06-08_13-09-42_260595134347_rgbf000199-resize,-4.198446211994812,4.198446211994812,3.661,54.80046590295557
804185.0,2.5,-1.1463061323804509,1.1463061323804509,001094_2014-06-15_17-36-00_260595134347_rgbf000205-resize,-4.754946211994811,4.754946211994811,4.2175,17.196771274488466
804185.0,2.5,-0.7081737673732046,0.7081737673732046,000780_2014-06-08_22-28-29_260595134347_rgbf000126-resize,-3.9199462119948114,3.9199462119948114,3.3825,14.165390776882042
804185.0,2.5,-0.10869325597107128,0.10869325597107128,001100_2014-06-15_17-46-26_260595134347_rgbf000225-resize,-2.777446211994812,2.777446211994812,2.24,9.548860596737413
804185.0,2.5,-1.2462632767324169,1.2462632767324169,002039_2014-06-24_20-22-38_260595134347_rgbf000084-resize,-4.945446211994812,4.945446211994812,4.408,15.524303639345458
804185.0,2.5,-1.087276322723798,1.087276322723798,002103_2014-06-25_20-00-40_260595134347_rgbf000049-resize,-4.642446211994812,4.642446211994812,4.105,11.598018874569219
804185.0,2.5,-1.1124623748439766,1.1124623748439766,000691_2014-06-08_13-08-50_260595134347_rgbf000132-resize,-4.690446211994812,4.690446211994812,4.1530000000000005,14.740846212587924
804185.0,2.5,-0.4382107712100537,0.4382107712100537,000929_2014-06-09_16-33-19_260595134347_rgbf000139-resize,-3.4054462119948115,3.4054462119948115,2.8680000000000003,19.501338012209015
804185.0,2.5,-0.8480088275821086,0.8480088275821086,000457_2014-06-08_16-52-43_260595134347_rgbf000199-resize,-4.186446211994811,4.186446211994811,3.6489999999999996,14.067279821032837
804185.0,2.5,-1.0235241282945964,1.0235241282945964,003621_2014-05-23_18-06-08_094959634447_rgbf000101-resize,-4.520946211994811,4.520946211994811,3.9835,23.07176470133362
804185.0,2.5,-0.7855684067008283,0.7855684067008283,001584_2014-06-20_11-07-43_260595134347_rgbf000002-resize,-4.067446211994811,4.067446211994811,3.53,17.602834139105468
804185.0,2.5,-1.165982735599346,1.165982735599346,001175_2014-06-17_15-45-55_260595134347_rgbf000129-resize,-4.792446211994811,4.792446211994811,4.255,15.34903910495583
804185.0,2.5,-0.8456476351958392,0.8456476351958392,003490_2014-05-21_15-50-11_094959634447_rgbf000101-resize,-4.181946211994811,4.181946211994811,3.6445,19.999457360175192
804185.0,2.5,-1.0340183166779997,1.0340183166779997,003048_2014-06-15_13-49-43_094959634447_rgbf000150-resize,-4.540946211994811,4.540946211994811,4.0035,24.355606534500392
804185.0,2.5,-0.0850813321083993,0.0850813321083993,002725_2014-06-22_11-47-51_094959634447_rgbf000070-resize,-2.7324462119948114,2.7324462119948114,2.195,3.938570017428758
804185.0,2.5,-0.2078633361942636,0.2078633361942636,001055_2014-06-08_18-45-35_260595134347_rgbf000111-resize,-2.9664462119948114,2.9664462119948114,2.4290000000000003,8.406298609581565
804185.0,2.5,-0.7776977654132752,0.7776977654132752,000736_2014-06-08_18-24-15_260595134347_rgbf000206-resize,-4.052446211994812,4.052446211994812,3.515,33.408170606136416
804185.0,2.5,-0.9198940180084456,0.9198940180084456,000137_2014-05-20_17-04-49_260595134347_rgbf000120-resize,-4.323446211994812,4.323446211994812,3.786,14.89611111351161
804185.0,2.5,-0.445294348368858,0.445294348368858,000642_2014-06-08_16-59-25_260595134347_rgbf000098-resize,-3.418946211994811,3.418946211994811,2.8815,31.36214301237791
804185.0,2.5,-0.9776120541171864,0.9776120541171864,002425_2014-06-28_20-27-29_260595134347_rgbf000031-resize,-4.433446211994811,4.433446211994811,3.8960000000000004,8.40495801096819
804185.0,2.5,-0.6425850899769091,0.6425850899769091,003423_2014-05-21_10-23-26_094959634447_rgbf002665-resize,-3.7949462119948114,3.7949462119948114,3.2575,35.43119222475438
804185.0,2.5,-1.204811232617951,1.204811232617951,000414_2014-06-04_19-49-13_260595134347_rgbf000044-resize,-4.866446211994811,4.866446211994811,4.329,13.241348366125557
804185.0,2.5,-1.520423948248934,1.520423948248934,003129_2014-05-12_10-48-10_094959634447_rgbf000100-resize,-5.467946211994812,5.467946211994812,4.9305,17.9074543760639
804185.0,2.5,-0.9774958008856602,0.9774958008856602,002988_2014-06-15_12-24-20_094959634447_rgbf000150-resize,-4.847308054665891,4.847308054665891,4.7669999999999995,14.460306569198616
804185.0,2.5,-1.0870139680142057,1.0870139680142057,001052_2014-06-08_18-24-54_260595134347_rgbf000130-resize,-4.641946211994811,4.641946211994811,4.1045,25.87613690895519
804185.0,2.5,-0.32408647254050515,0.32408647254050515,001214_2014-06-17_16-13-55_260595134347_rgbf000111-resize,-3.187946211994811,3.187946211994811,2.6505,18.479282579459067
804185.0,2.5,-1.0691738477624169,1.0691738477624169,000436_2014-06-09_22-25-11_260595134347_rgbf000137-resize,-4.607946211994811,4.607946211994811,4.0705,20.69156545677159
804185.0,2.5,-1.2362937977681805,1.2362937977681805,002444_2014-06-28_20-32-08_260595134347_rgbf000027-resize,-4.92644621199481,4.92644621199481,4.388999999999999,17.102760279009576
804185.0,2.5,-1.143157875865437,1.143157875865437,001133_2014-06-17_14-49-16_260595134347_rgbf000100-resize,-4.748946211994811,4.748946211994811,4.2115,26.759918254713728
804185.0,2.5,-0.9025786071758232,0.9025786071758232,001132_2014-06-17_14-48-54_260595134347_rgbf000100-resize,-4.290446211994811,4.290446211994811,3.753,14.398279213278778
804185.0,2.5,-0.4767769135190808,0.4767769135190808,003070_2014-06-15_14-58-27_094959634447_rgbf000150-resize,-3.478946211994811,3.478946211994811,2.9415,10.664823740812926
804185.0,2.5,-0.4901570037079202,0.4901570037079202,002057_2014-06-24_21-00-13_260595134347_rgbf000120-resize,-3.504446211994811,3.504446211994811,2.967,10.990036854719376
804185.0,2.5,-0.7073867032444444,0.7073867032444444,000758_2014-06-08_22-05-08_260595134347_rgbf000085-resize,-3.9184462119948114,3.9184462119948114,3.3810000000000002,11.91317737826679
804185.0,2.5,-0.543152655044126,0.543152655044126,000854_2014-06-09_19-43-13_260595134347_rgbf000066-resize,-3.605446211994811,3.605446211994811,3.068,11.910827625938722
804185.0,2.5,-0.16851012975649005,0.16851012975649005,001164_2014-06-17_15-35-46_260595134347_rgbf000085-resize,-2.891446211994811,2.891446211994811,2.354,17.325668807481115
804185.0,2.5,-0.7876672443775145,0.7876672443775145,000739_2014-06-08_18-45-58_260595134347_rgbf000068-resize,-4.071446211994811,4.071446211994811,3.534,8.164356963721069
804185.0,2.5,-1.083603356789601,1.083603356789601,000734_2014-06-08_17-39-11_260595134347_rgbf000128-resize,-4.635446211994811,4.635446211994811,4.098,16.052231618370055
804185.0,2.5,-0.17769254459197448,0.17769254459197448,000522_2014-06-08_13-35-06_260595134347_rgbf000244-resize,-2.9089462119948117,2.9089462119948117,2.3715,25.742609854068213
804185.0,2.5,-1.1358119439970489,1.1358119439970489,002989_2014-06-15_12-25-03_094959634447_rgbf000150-resize,-4.734946211994811,4.734946211994811,4.1975,27.906783421951957
804185.0,2.5,-0.2312129053473485,0.2312129053473485,002340_2014-06-28_20-05-46_260595134347_rgbf000113-resize,-3.010946211994811,3.010946211994811,2.4735,7.91768620575396
804185.0,2.5,-0.7655131955408345,0.7655131955408345,002414_2014-06-28_20-24-58_260595134347_rgbf000067-resize,-4.443308054665891,4.443308054665891,4.363,31.720662178139435
804185.0,2.5,-0.2023538872929761,0.2023538872929761,001059_2014-06-08_21-53-27_260595134347_rgbf000061-resize,-2.9559462119948114,2.9559462119948114,2.4185,8.755513319222857
804185.0,2.5,-0.6504557312644629,0.6504557312644629,001032_2014-06-08_13-23-17_260595134347_rgbf000021-resize,-3.809946211994811,3.809946211994811,3.2725,15.984983178828962
804185.0,2.5,-1.277221132463461,1.277221132463461,001570_2014-06-20_17-21-09_260595134347_rgbf000135-resize,-5.004446211994812,5.004446211994812,4.467,22.179510675592084
804185.0,2.5,-1.1030176052989011,1.1030176052989011,001392_2014-06-19_16-07-59_260595134347_rgbf000046-resize,-4.672446211994811,4.672446211994811,4.135,18.95235574822112
804185.0,2.5,-1.2835176454935129,1.2835176454935129,000447_2014-06-08_16-15-46_260595134347_rgbf000130-resize,-5.016446211994811,5.016446211994811,4.479,19.081432914605553
804185.0,2.5,-1.1044605562016183,1.1044605562016183,001447_2014-06-19_17-00-32_260595134347_rgbf000082-resize,-4.675196211994812,4.675196211994812,4.13775,46.830399423560245
804185.0,2.5,-1.1544391283775959,1.1544391283775959,001066_2014-06-08_22-03-20_260595134347_rgbf000066-resize,-4.770446211994812,4.770446211994812,4.2330000000000005,19.743449467077777
804185.0,2.5,-1.3637981866265678,1.3637981866265678,000742_2014-06-08_18-48-09_260595134347_rgbf000164-resize,-5.169446211994812,5.169446211994812,4.632,18.91549953899407
804185.0,2.5,-0.5124571540226633,0.5124571540226633,002630_2014-06-24_14-47-50_094959634447_rgbf000055-resize,-3.546946211994811,3.546946211994811,3.0095,10.661401196716628
804185.0,2.5,-0.20891275503260653,0.20891275503260653,000502_2014-06-08_23-02-32_260595134347_rgbf000063-resize,-2.968446211994811,2.968446211994811,2.431,13.897287578908273
804185.0,2.5,-1.1059035071043342,1.1059035071043342,003083_2014-06-15_15-21-03_094959634447_rgbf000063-resize,-4.677946211994811,4.677946211994811,4.1405,19.172834459547143
804185.0,2.5,-0.738344558975503,0.738344558975503,000493_2014-06-09_21-01-18_260595134347_rgbf000196-resize,-3.977446211994811,3.977446211994811,3.44,19.629285382994567
804185.0,2.5,-0.9269775951672504,0.9269775951672504,000191_2014-05-12_17-07-38_260595134347_rgbf000199-resize,-4.336946211994811,4.336946211994811,3.7995,12.340757267219296
804185.0,2.5,-1.062877334732367,1.062877334732367,000506_2014-06-08_23-21-00_260595134347_rgbf000070-resize,-4.595946211994812,4.595946211994812,4.0585,16.716212007621664
804185.0,2.5,-0.4431955106921733,0.4431955106921733,003079_2014-06-15_15-18-20_094959634447_rgbf000152-resize,-3.414946211994811,3.414946211994811,2.8775,9.032134209869396
804185.0,2.5,-0.7446410720055469,0.7446410720055469,001449_2014-06-19_17-01-27_260595134347_rgbf000116-resize,-3.989446211994811,3.989446211994811,3.452,8.994872108877228
804185.0,2.5,-1.0377787341820683,1.0377787341820683,001450_2014-06-19_17-02-03_260595134347_rgbf000203-resize,-4.548112878661511,4.548112878661511,4.0106666666667,12.34882649363641
804185.0,2.5,-0.3802303803917279,0.3802303803917279,002600_2014-06-24_14-27-04_094959634447_rgbf000074-resize,-3.2949462119948114,3.2949462119948114,2.7575,44.47386082434929
804185.0,2.5,-0.2377717730869745,0.2377717730869745,000368_2014-06-09_15-53-01_260595134347_rgbf000155-resize,-3.023446211994812,3.023446211994812,2.4859999999999998,21.090700959072958
804185.0,2.5,-0.0787848190783561,0.0787848190783561,002678_2014-06-13_16-15-32_094959634447_rgbf000151-resize,-2.7204462119948114,2.7204462119948114,2.1830000000000003,32.96558503300821
804185.0,2.5,-0.012671432262891693,0.012671432262891693,002209_2014-06-28_18-36-10_260595134347_rgbf000051-resize,-2.594446211994811,2.594446211994811,2.057,12.962068825921264
804185.0,2.5,-0.4282412922458155,0.4282412922458155,000906_2014-06-08_13-35-43_260595134347_rgbf000155-resize,-3.3864462119948118,3.3864462119948118,2.8489999999999998,16.12201726422563
804185.0,2.5,-1.0515960822202084,1.0515960822202084,002570_2014-06-24_13-59-54_094959634447_rgbf000059-resize,-4.574446211994811,4.574446211994811,4.037,41.596140375002705
804185.0,2.5,-1.4215162227353115,1.4215162227353115,002467_2014-06-28_20-38-07_260595134347_rgbf000026-resize,-5.279446211994811,5.279446211994811,4.742,15.331046216195933
804185.0,2.5,-0.11525212371069705,0.11525212371069705,001810_2014-06-26_20-51-35_260595134347_rgbf000040-resize,-2.789946211994811,2.789946211994811,2.2525,22.411391411207674
804185.0,2.5,-0.5696504807122292,0.5696504807122292,003010_2014-06-15_12-54-35_094959634447_rgbf000112-resize,-3.655946211994811,3.655946211994811,3.1185,6.696951333567531
804185.0,2.5,-1.4254515433790975,1.4254515433790975,002663_2014-06-13_15-50-26_094959634447_rgbf000075-resize,-5.286946211994811,5.286946211994811,4.7495,16.725954086732166
804185.0,2.5,-0.8923467735020049,0.8923467735020049,000409_2014-06-04_19-23-33_260595134347_rgbf000067-resize,-4.270946211994811,4.270946211994811,3.7335,12.696549983566419
165862.0,2.5,-0.22021367170548214,0.22021367170548214,001808_2014-06-26_20-50-58_260595134347_rgbf000029-resize,-3.84382540461596,3.84382540461596,4.249,20.030651550568866
165862.0,2.5,-0.5411953950417205,0.5411953950417205,000677_2014-06-08_23-10-32_260595134347_rgbf000158-resize,-3.835430755437268,3.835430755437268,3.556,19.65196273325612
165862.0,2.5,-1.102372118844419,1.102372118844419,001417_2014-06-19_16-25-36_260595134347_rgbf000115-resize,-4.9049307554372685,4.9049307554372685,4.6255,49.17091269608214
165862.0,2.5,-1.412859653797269,1.412859653797269,003081_2014-06-15_15-19-16_094959634447_rgbf000150-resize,-4.876536106258576,4.876536106258576,3.9125,16.632991649560594
165862.0,2.5,-1.0679851242063207,1.0679851242063207,001650_2014-06-20_12-09-00_260595134347_rgbf000087-resize,-3.599141457079883,3.599141457079883,1.9505,47.6804595860539
165862.0,2.5,-0.3684440826211076,0.3684440826211076,001158_2014-06-17_15-32-16_260595134347_rgbf000138-resize,-4.126325404615962,4.126325404615962,4.5315,26.954451973303737
165862.0,2.5,-1.2157093533852208,1.2157093533852208,000556_2014-06-09_22-42-56_260595134347_rgbf000214-resize,-5.120930755437269,5.120930755437269,4.8415,23.88242025565649
165862.0,2.5,-0.10661408245509968,0.10661408245509968,001150_2014-06-17_15-27-34_260595134347_rgbf000108-resize,-3.62732540461596,3.62732540461596,4.0325,11.088139074292139
165862.0,2.5,-0.2793653948757135,0.2793653948757135,000665_2014-06-09_20-42-35_260595134347_rgbf000110-resize,-3.336430755437268,3.336430755437268,3.057,18.49880761375764
165862.0,2.5,-2.1525594936314607,2.1525594936314607,002375_2014-06-28_20-13-44_260595134347_rgbf000032-resize,-5.666141457079883,5.666141457079883,4.0175,48.76103649676905
165862.0,2.5,-1.8070383411077715,1.8070383411077715,000788_2014-06-08_22-34-36_260595134347_rgbf000131-resize,-5.007641457079883,5.007641457079883,3.359,21.46386213810664
165862.0,2.5,-0.8882906758229081,0.8882906758229081,001094_2014-06-15_17-36-00_260595134347_rgbf000205-resize,-4.496930755437269,4.496930755437269,4.2175,17.196771274488466
165862.0,2.5,-0.45015831081566143,0.45015831081566143,000780_2014-06-08_22-28-29_260595134347_rgbf000126-resize,-3.661930755437268,3.661930755437268,3.3825,14.165390776882042
165862.0,2.5,-1.6898876994367686,1.6898876994367686,000470_2014-06-09_19-42-40_260595134347_rgbf000094-resize,-4.164246807901191,4.164246807901191,1.831,22.486379427626872
165862.0,2.5,-0.7552583103807857,0.7552583103807857,000109_2014-05-14_23-41-52_260595134347_rgbf000035-resize,-3.003141457079884,3.003141457079884,1.3545,6.620498200896815
165862.0,2.5,-0.04546690743929993,0.04546690743929993,002509_2014-06-24_13-19-22_094959634447_rgbf000077-resize,-2.270536106258576,2.270536106258576,1.3065,40.21868783296904
165862.0,2.5,-0.24826709794864765,0.24826709794864765,003338_2014-05-20_11-01-23_094959634447_rgbf000051-resize,-2.6570361062585763,2.6570361062585763,1.693,28.251495663089063
165862.0,2.5,-0.7460758955453023,0.7460758955453023,000483_2014-06-09_20-41-45_260595134347_rgbf000116-resize,-2.9856414570798835,2.9856414570798835,1.337,29.232414989368262
165862.0,2.5,-0.30364246935356626,0.30364246935356626,002039_2014-06-24_20-22-38_260595134347_rgbf000084-resize,-4.002825404615962,4.002825404615962,4.408,15.524303639345458
165862.0,2.5,-0.14465551534494742,0.14465551534494742,002103_2014-06-25_20-00-40_260595134347_rgbf000049-resize,-3.6998254046159613,3.6998254046159613,4.105,11.598018874569219
165862.0,2.5,-2.2236576199290488,2.2236576199290488,000691_2014-06-08_13-08-50_260595134347_rgbf000132-resize,-5.801641457079882,5.801641457079882,4.1530000000000005,14.740846212587924
165862.0,2.5,-0.8648006654738181,0.8648006654738181,000929_2014-06-09_16-33-19_260595134347_rgbf000139-resize,-3.832036106258576,3.832036106258576,2.8680000000000003,19.501338012209015
165862.0,2.5,-1.274598721845873,1.274598721845873,000457_2014-06-08_16-52-43_260595134347_rgbf000199-resize,-4.613036106258575,4.613036106258575,3.6489999999999996,14.067279821032837
165862.0,2.5,-1.2121583009645926,1.2121583009645926,001584_2014-06-20_11-07-43_260595134347_rgbf000002-resize,-4.494036106258576,4.494036106258576,3.53,17.602834139105468
165862.0,2.5,-0.22336192822049533,0.22336192822049533,001175_2014-06-17_15-45-55_260595134347_rgbf000129-resize,-3.84982540461596,3.84982540461596,4.255,15.34903910495583
165862.0,2.5,-0.18871257887280746,0.18871257887280746,002344_2014-06-28_20-06-29_260595134347_rgbf000030-resize,-2.543536106258576,2.543536106258576,1.5795,37.33165518125916
165862.0,2.5,-0.03499124673833581,0.03499124673833581,002425_2014-06-28_20-27-29_260595134347_rgbf000031-resize,-3.4908254046159604,3.4908254046159604,3.8960000000000004,8.40495801096819
165862.0,2.5,-0.4072540519572645,0.4072540519572645,002199_2014-06-28_18-33-56_260595134347_rgbf000074-resize,-2.960036106258576,2.960036106258576,1.996,17.12852126070164
165862.0,2.5,-0.187419333007334,0.187419333007334,000917_2014-06-09_22-45-29_260595134347_rgbf000149-resize,-3.78132540461596,3.78132540461596,4.1865,9.740561609074897
165862.0,2.5,-0.6330195433965329,0.6330195433965329,002323_2014-06-28_20-01-54_260595134347_rgbf000051-resize,-4.010430755437268,4.010430755437268,3.7310000000000003,18.09172628388976
165862.0,2.5,-0.17375836042645101,0.17375836042645101,002953_2014-06-08_17-32-18_094959634447_rgbf000059-resize,-2.5150361062585755,2.5150361062585755,1.551,13.905027931093345
165862.0,2.5,-0.42483181749947296,0.42483181749947296,002905_2014-06-03_18-04-43_094959634447_rgbf000151-resize,-2.993536106258576,2.993536106258576,2.0295,12.020604335789361
165862.0,2.5,-1.0691749842406737,1.0691749842406737,003423_2014-05-21_10-23-26_094959634447_rgbf002665-resize,-4.221536106258576,4.221536106258576,3.2575,35.43119222475438
165862.0,2.5,-0.2621904252391004,0.2621904252391004,000414_2014-06-04_19-49-13_260595134347_rgbf000044-resize,-3.92382540461596,3.92382540461596,4.329,13.241348366125557
165862.0,2.5,-2.5458292032996517,2.5458292032996517,002988_2014-06-15_12-24-20_094959634447_rgbf000150-resize,-6.415641457079884,6.415641457079884,4.7669999999999995,14.460306569198616
165862.0,2.5,-0.8289985114566625,0.8289985114566625,001052_2014-06-08_18-24-54_260595134347_rgbf000130-resize,-4.383930755437268,4.383930755437268,4.1045,25.87613690895519
165862.0,2.5,-0.4413786918857761,0.4413786918857761,002748_2014-06-22_19-07-22_094959634447_rgbf000078-resize,-4.26532540461596,4.26532540461596,4.6705,35.71435075733748
165862.0,2.5,-1.4957637420261811,1.4957637420261811,000436_2014-06-09_22-25-11_260595134347_rgbf000137-resize,-5.034536106258575,5.034536106258575,4.0705,20.69156545677159
165862.0,2.5,-0.8851424193078941,0.8851424193078941,001133_2014-06-17_14-49-16_260595134347_rgbf000100-resize,-4.490930755437269,4.490930755437269,4.2115,26.759918254713728
165862.0,2.5,-0.2321415471503771,0.2321415471503771,002057_2014-06-24_21-00-13_260595134347_rgbf000120-resize,-3.246430755437268,3.246430755437268,2.967,10.990036854719376
165862.0,2.5,-1.8185819483295165,1.8185819483295165,000758_2014-06-08_22-05-08_260595134347_rgbf000085-resize,-5.029641457079882,5.029641457079882,3.3810000000000002,11.91317737826679
165862.0,2.5,-1.8988624894625863,1.8988624894625863,000739_2014-06-08_18-45-58_260595134347_rgbf000068-resize,-5.182641457079884,5.182641457079884,3.534,8.164356963721069
165862.0,2.5,-2.8794039526959807,2.8794039526959807,000734_2014-06-08_17-39-11_260595134347_rgbf000128-resize,-6.431246807901192,6.431246807901192,4.098,16.052231618370055
165862.0,2.5,-1.2888877896770463,1.2888877896770463,000522_2014-06-08_13-35-06_260595134347_rgbf000244-resize,-4.020141457079884,4.020141457079884,2.3715,25.742609854068213
165862.0,2.5,-1.037027268475271,1.037027268475271,002949_2014-06-26_15-57-42_094959634447_rgbf000079-resize,-3.5401414570798835,3.5401414570798835,1.8915,17.99500168321199
165862.0,2.5,-0.19319113661819826,0.19319113661819826,002989_2014-06-15_12-25-03_094959634447_rgbf000150-resize,-3.79232540461596,3.79232540461596,4.1975,27.906783421951957
165862.0,2.5,-0.600103291184813,0.600103291184813,000773_2014-06-08_22-24-54_260595134347_rgbf000093-resize,-4.56782540461596,4.56782540461596,4.973,21.45352631724976
165862.0,2.5,-0.9646358963122112,0.9646358963122112,002414_2014-06-28_20-24-58_260595134347_rgbf000067-resize,-4.642430755437268,4.642430755437268,4.363,31.720662178139435
165862.0,2.5,-2.555920595777449,2.555920595777449,003292_2014-05-14_21-53-49_094959634447_rgbf000100-resize,-5.814746807901192,5.814746807901192,3.4815,33.084282711345374
165862.0,2.5,-0.10923762955094947,0.10923762955094947,002639_2014-06-24_14-51-37_094959634447_rgbf000074-resize,-3.63232540461596,3.63232540461596,4.0375,16.521406794569987
165862.0,2.5,-0.3346003250846104,0.3346003250846104,001570_2014-06-20_17-21-09_260595134347_rgbf000135-resize,-4.06182540461596,4.06182540461596,4.467,22.179510675592084
165862.0,2.5,-0.34089683811466204,0.34089683811466204,000447_2014-06-08_16-15-46_260595134347_rgbf000130-resize,-4.0738254046159605,4.0738254046159605,4.479,19.081432914605553
165862.0,2.5,-0.16183974882276791,0.16183974882276791,001447_2014-06-19_17-00-32_260595134347_rgbf000082-resize,-3.73257540461596,3.73257540461596,4.13775,46.830399423560245
165862.0,2.5,-0.21181832099874548,0.21181832099874548,001066_2014-06-08_22-03-20_260595134347_rgbf000066-resize,-3.8278254046159614,3.8278254046159614,4.2330000000000005,19.743449467077777
165862.0,2.5,-1.7903880808903323,1.7903880808903323,000742_2014-06-08_18-48-09_260595134347_rgbf000164-resize,-5.596036106258575,5.596036106258575,4.632,18.91549953899407
165862.0,2.5,-0.9390470482864276,0.9390470482864276,002630_2014-06-24_14-47-50_094959634447_rgbf000055-resize,-3.973536106258576,3.973536106258576,3.0095,10.661401196716628
165862.0,2.5,-0.01596126645219237,0.01596126645219237,002758_2014-06-22_19-11-20_094959634447_rgbf000128-resize,-2.834430755437268,2.834430755437268,2.555,7.204478276142114
165862.0,2.5,-0.16328269972548354,0.16328269972548354,003083_2014-06-15_15-21-03_094959634447_rgbf000063-resize,-3.7353254046159607,3.7353254046159607,4.1405,19.172834459547143
165862.0,2.5,-0.4803291024179598,0.4803291024179598,000493_2014-06-09_21-01-18_260595134347_rgbf000196-resize,-3.719430755437268,3.719430755437268,3.44,19.629285382994567
165862.0,2.5,-0.12025652735351637,0.12025652735351637,000506_2014-06-08_23-21-00_260595134347_rgbf000070-resize,-3.6533254046159613,3.6533254046159613,4.0585,16.716212007621664
165862.0,2.5,-0.09515792680321772,0.09515792680321772,001450_2014-06-19_17-02-03_260595134347_rgbf000203-resize,-3.6054920712826606,3.6054920712826606,4.0106666666667,12.34882649363641
165862.0,2.5,-0.2434135358213204,0.2434135358213204,002763_2014-06-22_19-13-10_094959634447_rgbf000075-resize,-2.647786106258576,2.647786106258576,1.68375,5.5919783591245595
165862.0,2.5,-0.4392613265266561,0.4392613265266561,002209_2014-06-28_18-36-10_260595134347_rgbf000051-resize,-3.021036106258576,3.021036106258576,2.057,12.962068825921264
165862.0,2.5,-0.022135865968667068,0.022135865968667068,000009_2014-05-26_14-32-05_260595134347_rgbf000034-resize,-3.4663254046159606,3.4663254046159606,3.8715,34.796526826055185
165862.0,2.5,-0.8548311865095799,0.8548311865095799,000906_2014-06-08_13-35-43_260595134347_rgbf000155-resize,-3.813036106258576,3.813036106258576,2.8489999999999998,16.12201726422563
165862.0,2.5,-2.162791327305281,2.162791327305281,002570_2014-06-24_13-59-54_094959634447_rgbf000059-resize,-5.685641457079884,5.685641457079884,4.037,41.596140375002705
165862.0,2.5,-0.4788954153564609,0.4788954153564609,002467_2014-06-28_20-38-07_260595134347_rgbf000026-resize,-4.33682540461596,4.33682540461596,4.742,15.331046216195933
165862.0,2.5,-0.6343313169444618,0.6343313169444618,000409_2014-06-04_19-23-33_260595134347_rgbf000067-resize,-4.012930755437268,4.012930755437268,3.7335,12.696549983566419
165862.0,2.5,-2.142449573471201,2.142449573471201,001092_2014-06-15_17-34-58_260595134347_rgbf000171-resize,-5.026746807901191,5.026746807901191,2.6935,9.164038324933468
165862.0,2.5,-1.0522438416312112,1.0522438416312112,002545_2014-06-24_13-38-53_094959634447_rgbf000080-resize,-3.5691414570798834,3.5691414570798834,1.9205,12.083824048628237
165862.0,2.5,-1.015514182289287,1.015514182289287,001167_2014-06-17_15-38-07_260595134347_rgbf000108-resize,-3.499141457079883,3.499141457079883,1.8505,12.019050657019696
175150.0,2.5,-0.4990326919443694,0.4990326919443694,001029_2014-06-08_13-17-57_260595134347_rgbf000065-resize,-3.56869325289791,3.56869325289791,3.0835,18.209734661918688
175150.0,2.5,-0.4945262676838556,0.4945262676838556,000677_2014-06-08_23-10-32_260595134347_rgbf000158-resize,-3.788761628079403,3.788761628079403,3.556,19.65196273325612
175150.0,2.5,-0.31039965575261913,0.31039965575261913,000682_2014-06-08_23-14-58_260595134347_rgbf000041-resize,-3.2091932528979097,3.2091932528979097,2.7239999999999998,8.707843071693064
175150.0,2.5,-0.9142634192983744,0.9142634192983744,001650_2014-06-20_12-09-00_260595134347_rgbf000087-resize,-3.4454197521719365,3.4454197521719365,1.9505,47.6804595860539
175150.0,2.5,-0.4576734362250344,0.4576734362250344,001244_2014-06-17_16-47-45_260595134347_rgbf000030-resize,-3.0325565025349235,3.0325565025349235,2.0425,6.7629638807870815
175150.0,2.5,-0.7437328580680042,0.7437328580680042,003495_2014-05-21_16-01-51_094959634447_rgbf000100-resize,-3.1204197521719372,3.1204197521719372,1.6255,12.747278812179
175150.0,2.5,-0.9166086012088488,0.9166086012088488,000556_2014-06-09_22-42-56_260595134347_rgbf000214-resize,-4.821830003260896,4.821830003260896,4.8415,23.88242025565649
175150.0,2.5,-0.4921186811000354,0.4921186811000354,001150_2014-06-17_15-27-34_260595134347_rgbf000108-resize,-4.012830003260897,4.012830003260897,4.0325,11.088139074292139
175150.0,2.5,-0.737559517154862,0.737559517154862,000665_2014-06-09_20-42-35_260595134347_rgbf000110-resize,-3.7946248777164167,3.7946248777164167,3.057,18.49880761375764
175150.0,2.5,-0.2318164149939672,0.2318164149939672,002375_2014-06-28_20-13-44_260595134347_rgbf000032-resize,-3.7453983784423897,3.7453983784423897,4.0175,48.76103649676905
175150.0,2.5,-0.2106584719126861,0.2106584719126861,002568_2014-06-24_13-59-21_094959634447_rgbf000062-resize,-3.2477616280794037,3.2477616280794037,3.015,29.63840999388049
175150.0,2.5,-0.6435901369257984,0.6435901369257984,000788_2014-06-08_22-34-36_260595134347_rgbf000131-resize,-3.84419325289791,3.84419325289791,3.359,21.46386213810664
175150.0,2.5,-1.3066532764426824,1.3066532764426824,001235_2014-06-17_16-37-36_260595134347_rgbf000084-resize,-4.650556502534924,4.650556502534924,3.6605,14.547706659434104
175150.0,2.5,-0.6559208082763035,0.6559208082763035,000780_2014-06-08_22-28-29_260595134347_rgbf000126-resize,-3.8676932528979098,3.8676932528979098,3.3825,14.165390776882042
175150.0,2.5,-0.5991290188890084,0.5991290188890084,000470_2014-06-09_19-42-40_260595134347_rgbf000094-resize,-3.0734881273534302,3.0734881273534302,1.831,22.486379427626872
175150.0,2.5,-0.3491049806543329,0.3491049806543329,000109_2014-05-14_23-41-52_260595134347_rgbf000035-resize,-2.5969881273534305,2.5969881273534305,1.3545,6.620498200896815
175150.0,2.5,-0.3239189285341548,0.3239189285341548,002509_2014-06-24_13-19-22_094959634447_rgbf000077-resize,-2.5489881273534305,2.5489881273534305,1.3065,40.21868783296904
175150.0,2.5,-0.27428749422499565,0.27428749422499565,003338_2014-05-20_11-01-23_094959634447_rgbf000051-resize,-2.683056502534924,2.683056502534924,1.693,28.251495663089063
175150.0,2.5,-0.5853116708508731,0.5853116708508731,002784_2014-06-22_19-26-30_094959634447_rgbf000083-resize,-3.0471547940201305,3.0471547940201305,1.8046666666667,3.0422522474895675
175150.0,2.5,-0.8137351713296905,0.8137351713296905,001100_2014-06-15_17-46-26_260595134347_rgbf000225-resize,-3.482488127353431,3.482488127353431,2.24,9.548860596737413
175150.0,2.5,-0.5052060328575116,0.5052060328575116,000469_2014-06-09_19-42-10_260595134347_rgbf000081-resize,-2.8944881273534304,2.8944881273534304,1.652,25.13136208408983
175150.0,2.5,-0.3399225658188495,0.3399225658188495,000483_2014-06-09_20-41-45_260595134347_rgbf000116-resize,-2.5794881273534305,2.5794881273534305,1.337,29.232414989368262
175150.0,2.5,-0.5256697002051598,0.5256697002051598,002964_2014-06-08_17-46-11_094959634447_rgbf000091-resize,-2.9334881273534306,2.9334881273534306,1.6909999999999998,28.953812917975768
175150.0,2.5,-0.4128107808859659,0.4128107808859659,002136_2014-06-25_21-18-03_260595134347_rgbf000109-resize,-2.9470565025349234,2.9470565025349234,1.9569999999999999,13.297078442475444
175150.0,2.5,-0.3029145412915552,0.3029145412915552,000691_2014-06-08_13-08-50_260595134347_rgbf000132-resize,-3.88089837844239,3.88089837844239,4.1530000000000005,14.740846212587924
175150.0,2.5,-0.13352618729464566,0.13352618729464566,000929_2014-06-09_16-33-19_260595134347_rgbf000139-resize,-3.1007616280794035,3.1007616280794035,2.8680000000000003,19.501338012209015
175150.0,2.5,-0.03846099402968711,0.03846099402968711,000457_2014-06-08_16-52-43_260595134347_rgbf000199-resize,-3.3768983784423896,3.3768983784423896,3.6489999999999996,14.067279821032837
175150.0,2.5,-0.2885314264619242,0.2885314264619242,003490_2014-05-21_15-50-11_094959634447_rgbf000101-resize,-3.624830003260896,3.624830003260896,3.6445,19.999457360175192
175150.0,2.5,-0.4277239419600097,0.4277239419600097,002279_2014-06-28_18-55-32_260595134347_rgbf000040-resize,-2.7468214606867303,2.7468214606867303,1.5043333333333,15.963772282558683
175150.0,2.5,-0.032828373011498165,0.032828373011498165,002725_2014-06-22_11-47-51_094959634447_rgbf000070-resize,-2.6801932528979098,2.6801932528979098,2.195,3.938570017428758
175150.0,2.5,-0.7195962247861687,0.7195962247861687,002344_2014-06-28_20-06-29_260595134347_rgbf000030-resize,-3.0744197521719374,3.0744197521719374,1.5795,37.33165518125916
175150.0,2.5,-0.6043761130807148,0.6043761130807148,000549_2014-06-08_22-10-24_260595134347_rgbf000247-resize,-3.0834881273534305,3.0834881273534305,1.841,30.99307977870557
175150.0,2.5,-0.7254448063163741,0.7254448063163741,000736_2014-06-08_18-24-15_260595134347_rgbf000206-resize,-4.00019325289791,4.00019325289791,3.515,33.408170606136416
175150.0,2.5,-0.14060976445344991,0.14060976445344991,000642_2014-06-08_16-59-25_260595134347_rgbf000098-resize,-3.114261628079403,3.114261628079403,2.8815,31.36214301237791
175150.0,2.5,-0.025698401655141645,0.025698401655141645,001056_2014-06-08_18-46-44_260595134347_rgbf000068-resize,-2.8952616280794032,2.8952616280794032,2.6625,11.38594592369452
175150.0,2.5,-0.9381376978706256,0.9381376978706256,002199_2014-06-28_18-33-56_260595134347_rgbf000074-resize,-3.490919752171937,3.490919752171937,1.996,17.12852126070164
175150.0,2.5,-0.4522103815213059,0.4522103815213059,002953_2014-06-08_17-32-18_094959634447_rgbf000059-resize,-2.7934881273534304,2.7934881273534304,1.551,13.905027931093345
175150.0,2.5,-0.450852213775821,0.450852213775821,002905_2014-06-03_18-04-43_094959634447_rgbf000151-resize,-3.019556502534924,3.019556502534924,2.0295,12.020604335789361
175150.0,2.5,-0.27183351344360396,0.27183351344360396,001214_2014-06-17_16-13-55_260595134347_rgbf000111-resize,-3.13569325289791,3.13569325289791,2.6505,18.479282579459067
175150.0,2.5,-0.4879370162224566,0.4879370162224566,002272_2014-06-28_18-53-56_260595134347_rgbf000067-resize,-2.6329197521719365,2.6329197521719365,1.138,10.409245808146235
175150.0,2.5,-0.3619139672264471,0.3619139672264471,001571_2014-06-20_17-21-32_260595134347_rgbf000089-resize,-2.8500565025349234,2.8500565025349234,1.86,4.991960350191473
175150.0,2.5,-0.4267459642157589,0.4267459642157589,002444_2014-06-28_20-32-08_260595134347_rgbf000027-resize,-4.1168983784423885,4.1168983784423885,4.388999999999999,17.102760279009576
175150.0,2.5,-0.09303077362340167,0.09303077362340167,001132_2014-06-17_14-48-54_260595134347_rgbf000100-resize,-3.4808983784423897,3.4808983784423897,3.753,14.398279213278778
175150.0,2.5,-0.4230426145597869,0.4230426145597869,000943_2014-06-09_19-31-07_260595134347_rgbf000128-resize,-2.966556502534924,2.966556502534924,1.9765,15.893099149291922
175150.0,2.5,-0.3320055303337315,0.3320055303337315,000709_2014-06-08_13-51-55_260595134347_rgbf000068-resize,-2.7930565025349234,2.7930565025349234,1.8030000000000002,14.429351101546246
175150.0,2.5,-0.7433313207657314,0.7433313207657314,000854_2014-06-09_19-43-13_260595134347_rgbf000066-resize,-3.8056248777164168,3.8056248777164168,3.068,11.910827625938722
175150.0,2.5,-0.1162571706595889,0.1162571706595889,001164_2014-06-17_15-35-46_260595134347_rgbf000085-resize,-2.83919325289791,2.83919325289791,2.354,17.325668807481115
175150.0,2.5,-0.19548829295431172,0.19548829295431172,002153_2014-06-25_21-27-18_260595134347_rgbf000038-resize,-2.99019325289791,2.99019325289791,2.505,17.28886317575377
175150.0,2.5,-0.5050204560672689,0.5050204560672689,002660_2014-06-13_15-44-18_094959634447_rgbf001878-resize,-3.808761628079403,3.808761628079403,3.576,15.11997681444361
175150.0,2.5,-0.4829826604621064,0.4829826604621064,000739_2014-06-08_18-45-58_260595134347_rgbf000068-resize,-3.766761628079403,3.766761628079403,3.534,8.164356963721069
175150.0,2.5,-1.2837820225112069,1.2837820225112069,000734_2014-06-08_17-39-11_260595134347_rgbf000128-resize,-4.835624877716416,4.835624877716416,4.098,16.052231618370055
175150.0,2.5,-1.1351660847691,1.1351660847691,000522_2014-06-08_13-35-06_260595134347_rgbf000244-resize,-3.8664197521719372,3.8664197521719372,2.3715,25.742609854068213
175150.0,2.5,-0.6308739387488181,0.6308739387488181,002949_2014-06-26_15-57-42_094959634447_rgbf000079-resize,-3.1339881273534305,3.1339881273534305,1.8915,17.99500168321199
175150.0,2.5,-0.56829433527486,0.56829433527486,000866_2014-06-09_20-45-42_260595134347_rgbf000139-resize,-3.70069325289791,3.70069325289791,3.2155,8.082259189449621
175150.0,2.5,-0.49523655389328,0.49523655389328,001555_2014-06-20_17-12-10_260595134347_rgbf000065-resize,-2.8754881273534307,2.8754881273534307,1.633,7.608284543781994
175150.0,2.5,-0.3866217041250109,0.3866217041250109,003534_2014-05-22_15-06-10_094959634447_rgbf000102-resize,-2.6684881273534304,2.6684881273534304,1.426,12.376994007247625
175150.0,2.5,-0.0027039756067654963,0.0027039756067654963,001016_2014-06-09_16-16-10_260595134347_rgbf000112-resize,-2.394124877716417,2.394124877716417,1.6565,7.049977084494088
175150.0,2.5,-0.6549641778330885,0.6549641778330885,001059_2014-06-08_21-53-27_260595134347_rgbf000061-resize,-3.408556502534924,3.408556502534924,2.4185,8.755513319222857
175150.0,2.5,-1.1030660218045751,1.1030660218045751,001032_2014-06-08_13-23-17_260595134347_rgbf000021-resize,-4.262556502534924,4.262556502534924,3.2725,15.984983178828962
175150.0,2.5,-0.4554354159556613,0.4554354159556613,003292_2014-05-14_21-53-49_094959634447_rgbf000100-resize,-3.714261628079403,3.714261628079403,3.4815,33.084282711345374
175150.0,2.5,-0.4947422281958852,0.4947422281958852,002639_2014-06-24_14-51-37_094959634447_rgbf000074-resize,-4.0178300032608965,4.0178300032608965,4.0375,16.521406794569987
175150.0,2.5,-0.29346977174647976,0.29346977174647976,001392_2014-06-19_16-07-59_260595134347_rgbf000046-resize,-3.862898378442389,3.862898378442389,4.135,18.95235574822112
175150.0,2.5,-1.557070846741731,1.557070846741731,001447_2014-06-19_17-00-32_260595134347_rgbf000082-resize,-5.127806502534924,5.127806502534924,4.13775,46.830399423560245
175150.0,2.5,-0.04938710343713282,0.04938710343713282,000742_2014-06-08_18-48-09_260595134347_rgbf000164-resize,-3.855035128805376,3.855035128805376,4.632,18.91549953899407
175150.0,2.5,-0.7265870135498479,0.7265870135498479,002758_2014-06-22_19-11-20_094959634447_rgbf000128-resize,-3.545056502534924,3.545056502534924,2.555,7.204478276142114
175150.0,2.5,-0.16042555026502392,0.16042555026502392,002549_2014-06-24_13-41-39_094959634447_rgbf000022-resize,-2.4660565025349235,2.4660565025349235,1.476,4.1736441355391865
175150.0,2.5,-0.1566597959357054,0.1566597959357054,000502_2014-06-08_23-02-32_260595134347_rgbf000063-resize,-2.91619325289791,2.91619325289791,2.431,13.897287578908273
175150.0,2.5,-0.5662418917957394,0.5662418917957394,001806_2014-06-26_20-50-20_260595134347_rgbf000091-resize,-3.468124877716417,3.468124877716417,2.7305,13.909869710567438
175150.0,2.5,-0.3654013563703872,0.3654013563703872,001617_2014-06-20_11-35-32_260595134347_rgbf000066-resize,-3.771330003260896,3.771330003260896,3.7910000000000004,19.974169961071475
175150.0,2.5,-0.181228350241588,0.181228350241588,000493_2014-06-09_21-01-18_260595134347_rgbf000196-resize,-3.4203300032608963,3.4203300032608963,3.44,19.629285382994567
175150.0,2.5,-0.11742976161482893,0.11742976161482893,000191_2014-05-12_17-07-38_260595134347_rgbf000199-resize,-3.5273983784423897,3.5273983784423897,3.7995,12.340757267219296
175150.0,2.5,-0.1385109267767653,0.1385109267767653,003079_2014-06-15_15-18-20_094959634447_rgbf000152-resize,-3.110261628079403,3.110261628079403,2.8775,9.032134209869396
175150.0,2.5,-0.07554579647631983,0.07554579647631983,002600_2014-06-24_14-27-04_094959634447_rgbf000074-resize,-2.990261628079403,2.990261628079403,2.7575,44.47386082434929
175150.0,2.5,-0.41858258449684216,0.41858258449684216,003228_2014-05-14_13-42-35_094959634447_rgbf000101-resize,-2.9580565025349235,2.9580565025349235,1.9680000000000002,14.40337638638131
175150.0,2.5,-0.6903820636270869,0.6903820636270869,000368_2014-06-09_15-53-01_260595134347_rgbf000155-resize,-3.476056502534924,3.476056502534924,2.4859999999999998,21.090700959072958
175150.0,2.5,-0.717713347621511,0.717713347621511,002209_2014-06-28_18-36-10_260595134347_rgbf000051-resize,-3.2994881273534302,3.2994881273534302,2.057,12.962068825921264
175150.0,2.5,-0.5678624142508094,0.5678624142508094,001810_2014-06-26_20-51-35_260595134347_rgbf000040-resize,-3.2425565025349234,3.2425565025349234,2.2525,22.411391411207674
175150.0,2.5,-0.3352305647680899,0.3352305647680899,000409_2014-06-04_19-23-33_260595134347_rgbf000067-resize,-3.713830003260896,3.713830003260896,3.7335,12.696549983566419
175150.0,2.5,-0.16588860496874858,0.16588860496874858,002875_2014-06-01_15-19-00_094959634447_rgbf000151-resize,-2.7051248777164165,2.7051248777164165,1.9675,11.625680938349673
175150.0,2.5,-0.2943960184679208,0.2943960184679208,001092_2014-06-15_17-34-58_260595134347_rgbf000171-resize,-3.1786932528979097,3.1786932528979097,2.6935,9.164038324933468
175150.0,2.5,-0.6093608525628342,0.6093608525628342,001167_2014-06-17_15-38-07_260595134347_rgbf000108-resize,-3.0929881273534305,3.0929881273534305,1.8505,12.019050657019696
175150.0,2.5,-0.6028483790207642,0.6028483790207642,003587_2014-05-23_16-48-02_094959634447_rgbf002384-resize,-2.8519197521719373,2.8519197521719373,1.357,20.788172722830538
128077.0,2.5,-0.6964840968020327,0.6964840968020327,001808_2014-06-26_20-50-58_260595134347_rgbf000029-resize,-4.320095829712511,4.320095829712511,4.249,20.030651550568866
128077.0,2.5,-0.5115102470340356,0.5115102470340356,001029_2014-06-08_13-17-57_260595134347_rgbf000065-resize,-3.581170807987576,3.581170807987576,3.0835,18.209734661918688
128077.0,2.5,-0.4674622148445969,0.4674622148445969,001417_2014-06-19_16-25-36_260595134347_rgbf000115-resize,-4.2700208514374465,4.2700208514374465,4.6255,49.17091269608214
128077.0,2.5,-0.09334439897613916,0.09334439897613916,003081_2014-06-15_15-19-16_094959634447_rgbf000150-resize,-3.5570208514374464,3.5570208514374464,3.9125,16.632991649560594
128077.0,2.5,-0.17305889215870884,0.17305889215870884,003495_2014-05-21_16-01-51_094959634447_rgbf000100-resize,-2.5497457862626414,2.5497457862626414,1.6255,12.747278812179
128077.0,2.5,-0.5807994493853983,0.5807994493853983,000556_2014-06-09_22-42-56_260595134347_rgbf000214-resize,-4.486020851437447,4.486020851437447,4.8415,23.88242025565649
128077.0,2.5,-0.15630952927658487,0.15630952927658487,001150_2014-06-17_15-27-34_260595134347_rgbf000108-resize,-3.6770208514374456,3.6770208514374456,4.0325,11.088139074292139
128077.0,2.5,-0.4976054474260217,0.4976054474260217,000665_2014-06-09_20-42-35_260595134347_rgbf000110-resize,-3.554670807987576,3.554670807987576,3.057,18.49880761375764
128077.0,2.5,-1.0015888445391536,1.0015888445391536,002375_2014-06-28_20-13-44_260595134347_rgbf000032-resize,-4.515170807987578,4.515170807987578,4.0175,48.76103649676905
128077.0,2.5,-0.2294927137403992,0.2294927137403992,000788_2014-06-08_22-34-36_260595134347_rgbf000131-resize,-3.4300958297125113,3.4300958297125113,3.359,21.46386213810664
128077.0,2.5,-0.8142675818953351,0.8142675818953351,001235_2014-06-17_16-37-36_260595134347_rgbf000084-resize,-4.1581708079875765,4.1581708079875765,3.6605,14.547706659434104
128077.0,2.5,-0.38795495832985066,0.38795495832985066,000692_2014-06-08_13-09-42_260595134347_rgbf000199-resize,-3.7320958297125113,3.7320958297125113,3.661,54.80046590295557
128077.0,2.5,-0.24182338509090434,0.24182338509090434,000780_2014-06-08_22-28-29_260595134347_rgbf000126-resize,-3.4535958297125107,3.4535958297125107,3.3825,14.165390776882042
128077.0,2.5,-0.4574376178386093,0.4574376178386093,000109_2014-05-14_23-41-52_260595134347_rgbf000035-resize,-2.705320764537707,2.705320764537707,1.3545,6.620498200896815
128077.0,2.5,-0.8588265439934966,0.8588265439934966,002509_2014-06-24_13-19-22_094959634447_rgbf000077-resize,-3.083895742812772,3.083895742812772,1.3065,40.21868783296904
128077.0,2.5,-0.6350517562277789,0.6350517562277789,003338_2014-05-20_11-01-23_094959634447_rgbf000051-resize,-3.043820764537707,3.043820764537707,1.693,28.251495663089063
128077.0,2.5,-0.6936443080351494,0.6936443080351494,002784_2014-06-22_19-26-30_094959634447_rgbf000083-resize,-3.155487431204407,3.155487431204407,1.8046666666667,3.0422522474895675
128077.0,2.5,-0.9220678085139667,0.9220678085139667,001100_2014-06-15_17-46-26_260595134347_rgbf000225-resize,-3.590820764537707,3.590820764537707,2.24,9.548860596737413
128077.0,2.5,-0.1869636917667228,0.1869636917667228,000469_2014-06-09_19-42-10_260595134347_rgbf000081-resize,-2.5762457862626422,2.5762457862626422,1.652,25.13136208408983
128077.0,2.5,-0.02168022472806064,0.02168022472806064,000483_2014-06-09_20-41-45_260595134347_rgbf000116-resize,-2.2612457862626414,2.2612457862626414,1.337,29.232414989368262
128077.0,2.5,-1.0605773156645015,1.0605773156645015,002964_2014-06-08_17-46-11_094959634447_rgbf000091-resize,-3.4683957428127723,3.4683957428127723,1.6909999999999998,28.953812917975768
128077.0,2.5,-0.7799128944501168,0.7799128944501168,002039_2014-06-24_20-22-38_260595134347_rgbf000084-resize,-4.479095829712512,4.479095829712512,4.408,15.524303639345458
128077.0,2.5,-1.4740758969916286,1.4740758969916286,002103_2014-06-25_20-00-40_260595134347_rgbf000049-resize,-5.029245786262641,5.029245786262641,4.105,11.598018874569219
128077.0,2.5,-0.3816584452998084,0.3816584452998084,000457_2014-06-08_16-52-43_260595134347_rgbf000199-resize,-3.7200958297125113,3.7200958297125113,3.6489999999999996,14.067279821032837
128077.0,2.5,-0.9837487242873616,0.9837487242873616,003621_2014-05-23_18-06-08_094959634447_rgbf000101-resize,-4.481170807987576,4.481170807987576,3.9835,23.07176470133362
128077.0,2.5,-0.31921802441852803,0.31921802441852803,001584_2014-06-20_11-07-43_260595134347_rgbf000002-resize,-3.60109582971251,3.60109582971251,3.53,17.602834139105468
128077.0,2.5,-0.10948160086922087,0.10948160086922087,002279_2014-06-28_18-55-32_260595134347_rgbf000040-resize,-2.4285791195959416,2.4285791195959416,1.5043333333333,15.963772282558683
128077.0,2.5,-0.3855799864331498,0.3855799864331498,002043_2014-06-24_20-29-38_260595134347_rgbf000039-resize,-3.3411708079875764,3.3411708079875764,2.8435,8.475049543704081
128077.0,2.5,-0.04530592810116435,0.04530592810116435,002725_2014-06-22_11-47-51_094959634447_rgbf000070-resize,-2.692670807987576,2.692670807987576,2.195,3.938570017428758
128077.0,2.5,-0.5754972371519387,0.5754972371519387,002344_2014-06-28_20-06-29_260595134347_rgbf000030-resize,-2.930320764537707,2.930320764537707,1.5795,37.33165518125916
128077.0,2.5,-1.1392837285400566,1.1392837285400566,000549_2014-06-08_22-10-24_260595134347_rgbf000247-resize,-3.6183957428127718,3.6183957428127718,1.841,30.99307977870557
128077.0,2.5,-1.5910723179561708,1.5910723179561708,000736_2014-06-08_18-24-15_260595134347_rgbf000206-resize,-4.865820764537707,4.865820764537707,3.515,33.408170606136416
128077.0,2.5,-1.306693592276276,1.306693592276276,000137_2014-05-20_17-04-49_260595134347_rgbf000120-resize,-4.710245786262641,4.710245786262641,3.786,14.89611111351161
128077.0,2.5,-0.9378366501099517,0.9378366501099517,002425_2014-06-28_20-27-29_260595134347_rgbf000031-resize,-4.393670807987577,4.393670807987577,3.8960000000000004,8.40495801096819
128077.0,2.5,-0.7940387102363957,0.7940387102363957,002199_2014-06-28_18-33-56_260595134347_rgbf000074-resize,-3.346820764537707,3.346820764537707,1.996,17.12852126070164
128077.0,2.5,-0.2371147798288192,0.2371147798288192,000917_2014-06-09_22-45-29_260595134347_rgbf000149-resize,-3.8310208514374455,3.8310208514374455,4.1865,9.740561609074897
128077.0,2.5,-0.5605430187055822,0.5605430187055822,002953_2014-06-08_17-32-18_094959634447_rgbf000059-resize,-2.9018207645377068,2.9018207645377068,1.551,13.905027931093345
128077.0,2.5,-0.385041497503539,0.385041497503539,002905_2014-06-03_18-04-43_094959634447_rgbf000151-resize,-2.9537457862626417,2.9537457862626417,2.0295,12.020604335789361
128077.0,2.5,-0.5417085976572145,0.5417085976572145,002988_2014-06-15_12-24-20_094959634447_rgbf000150-resize,-4.411520851437446,4.411520851437446,4.7669999999999995,14.460306569198616
128077.0,2.5,-0.2843110685332702,0.2843110685332702,001214_2014-06-17_16-13-55_260595134347_rgbf000111-resize,-3.1481708079875763,3.1481708079875763,2.6505,18.479282579459067
128077.0,2.5,-0.7699434154858802,0.7699434154858802,002444_2014-06-28_20-32-08_260595134347_rgbf000027-resize,-4.460095829712509,4.460095829712509,4.388999999999999,17.102760279009576
128077.0,2.5,-0.4362282248935229,0.4362282248935229,001132_2014-06-17_14-48-54_260595134347_rgbf000100-resize,-3.8240958297125114,3.8240958297125114,3.753,14.398279213278778
128077.0,2.5,-0.01042653123678057,0.01042653123678057,003070_2014-06-15_14-58-27_094959634447_rgbf000150-resize,-3.0125958297125113,3.0125958297125113,2.9415,10.664823740812926
128077.0,2.5,-0.9299522293119564,0.9299522293119564,000854_2014-06-09_19-43-13_260595134347_rgbf000066-resize,-3.9922457862626417,3.9922457862626417,3.068,11.910827625938722
128077.0,2.5,-0.29898915275959714,0.29898915275959714,001136_2014-06-17_15-19-41_260595134347_rgbf000076-resize,-2.7897457862626416,2.7897457862626416,1.8655,18.667799879387072
128077.0,2.5,-0.3433546577003767,0.3433546577003767,002660_2014-06-13_15-44-18_094959634447_rgbf001878-resize,-3.6470958297125113,3.6470958297125113,3.576,15.11997681444361
128077.0,2.5,-0.19067799623223566,0.19067799623223566,000734_2014-06-08_17-39-11_260595134347_rgbf000128-resize,-3.7425208514374457,3.7425208514374457,4.098,16.052231618370055
128077.0,2.5,-0.99106709713487,0.99106709713487,000522_2014-06-08_13-35-06_260595134347_rgbf000244-resize,-3.7223207645377063,3.7223207645377063,2.3715,25.742609854068213
128077.0,2.5,-0.3126315976580293,0.3126315976580293,002949_2014-06-26_15-57-42_094959634447_rgbf000079-resize,-2.8157457862626414,2.8157457862626414,1.8915,17.99500168321199
128077.0,2.5,-0.6694615617147488,0.6694615617147488,002989_2014-06-15_12-25-03_094959634447_rgbf000150-resize,-4.2685958297125115,4.2685958297125115,4.1975,27.906783421951957
128077.0,2.5,-0.9215293195843526,0.9215293195843526,003534_2014-05-22_15-06-10_094959634447_rgbf000102-resize,-3.2033957428127717,3.2033957428127717,1.426,12.376994007247625
128077.0,2.5,-0.367201377251744,0.367201377251744,002637_2014-06-24_14-51-13_094959634447_rgbf000066-resize,-2.919745786262641,2.919745786262641,1.9955,10.972027795242447
128077.0,2.5,-1.0763737162813636,1.0763737162813636,000773_2014-06-08_22-24-54_260595134347_rgbf000093-resize,-5.044095829712512,5.044095829712512,4.973,21.45352631724976
128077.0,2.5,-0.3297259923123888,0.3297259923123888,002414_2014-06-28_20-24-58_260595134347_rgbf000067-resize,-4.007520851437446,4.007520851437446,4.363,31.720662178139435
128077.0,2.5,-0.16257848328574115,0.16257848328574115,001059_2014-06-08_21-53-27_260595134347_rgbf000061-resize,-2.916170807987576,2.916170807987576,2.4185,8.755513319222857
128077.0,2.5,-0.18410534898216266,0.18410534898216266,001032_2014-06-08_13-23-17_260595134347_rgbf000021-resize,-3.3435958297125112,3.3435958297125112,3.2725,15.984983178828962
128077.0,2.5,-0.2937696175887691,0.2937696175887691,003292_2014-05-14_21-53-49_094959634447_rgbf000100-resize,-3.5525958297125113,3.5525958297125113,3.4815,33.084282711345374
128077.0,2.5,-1.0120830329225652,1.0120830329225652,002639_2014-06-24_14-51-37_094959634447_rgbf000074-resize,-4.535170807987576,4.535170807987576,4.0375,16.521406794569987
128077.0,2.5,-0.3842957719060956,0.3842957719060956,001570_2014-06-20_17-21-09_260595134347_rgbf000135-resize,-4.1115208514374455,4.1115208514374455,4.467,22.179510675592084
128077.0,2.5,-0.2100922447415357,0.2100922447415357,001392_2014-06-19_16-07-59_260595134347_rgbf000046-resize,-3.7795208514374456,3.7795208514374456,4.135,18.95235574822112
128077.0,2.5,-1.6703172197613432,1.6703172197613432,000447_2014-06-08_16-15-46_260595134347_rgbf000130-resize,-5.403245786262642,5.403245786262642,4.479,19.081432914605553
128077.0,2.5,-1.0646851521943836,1.0646851521943836,001447_2014-06-19_17-00-32_260595134347_rgbf000082-resize,-4.635420807987576,4.635420807987576,4.13775,46.830399423560245
128077.0,2.5,-1.3240227826193331,1.3240227826193331,000742_2014-06-08_18-48-09_260595134347_rgbf000164-resize,-5.129670807987576,5.129670807987576,4.632,18.91549953899407
128077.0,2.5,-0.046106771740363116,0.046106771740363116,002630_2014-06-24_14-47-50_094959634447_rgbf000055-resize,-3.0805958297125113,3.0805958297125113,3.0095,10.661401196716628
128077.0,2.5,-0.09461483399274197,0.09461483399274197,002549_2014-06-24_13-41-39_094959634447_rgbf000022-resize,-2.4002457862626416,2.4002457862626416,1.476,4.1736441355391865
128077.0,2.5,-0.5553097040243202,0.5553097040243202,002750_2014-06-22_19-08-03_094959634447_rgbf000094-resize,-3.2782457862626417,3.2782457862626417,2.354,8.789636111124727
128077.0,2.5,-0.697257381420342,0.697257381420342,001199_2014-06-17_16-03-48_260595134347_rgbf000077-resize,-3.935170807987576,3.935170807987576,3.4375,28.282249848901696
128077.0,2.5,-0.1691373510253716,0.1691373510253716,000502_2014-06-08_23-02-32_260595134347_rgbf000063-resize,-2.9286708079875763,2.9286708079875763,2.431,13.897287578908273
128077.0,2.5,-0.32628782206689905,0.32628782206689905,001806_2014-06-26_20-50-20_260595134347_rgbf000091-resize,-3.2281708079875764,3.2281708079875764,2.7305,13.909869710567438
128077.0,2.5,-0.029592204546936618,0.029592204546936618,001617_2014-06-20_11-35-32_260595134347_rgbf000066-resize,-3.4355208514374467,3.4355208514374467,3.7910000000000004,19.974169961071475
128077.0,2.5,-0.16995197417500155,0.16995197417500155,000506_2014-06-08_23-21-00_260595134347_rgbf000070-resize,-3.7030208514374463,3.7030208514374463,4.0585,16.716212007621664
128077.0,2.5,-0.7048656679983119,0.7048656679983119,001449_2014-06-19_17-01-27_260595134347_rgbf000116-resize,-3.949670807987576,3.949670807987576,3.452,8.994872108877228
128077.0,2.5,-0.5714283518997683,0.5714283518997683,001450_2014-06-19_17-02-03_260595134347_rgbf000203-resize,-4.081762496379212,4.081762496379212,4.0106666666667,12.34882649363641
128077.0,2.5,-0.3527718682245602,0.3527718682245602,003228_2014-05-14_13-42-35_094959634447_rgbf000101-resize,-2.8922457862626416,2.8922457862626416,1.9680000000000002,14.40337638638131
128077.0,2.5,-0.19799636907973955,0.19799636907973955,000368_2014-06-09_15-53-01_260595134347_rgbf000155-resize,-2.9836708079875764,2.9836708079875764,2.4859999999999998,21.090700959072958
128077.0,2.5,-0.6301981941004516,0.6301981941004516,002763_2014-06-22_19-13-10_094959634447_rgbf000075-resize,-3.034570764537707,3.034570764537707,1.68375,5.5919783591245595
128077.0,2.5,-0.5726664533882657,0.5726664533882657,001828_2014-06-26_21-40-03_260595134347_rgbf000024-resize,-4.470520851437446,4.470520851437446,4.8260000000000005,35.55232951340613
128077.0,2.5,-0.11668018861877777,0.11668018861877777,002805_2014-06-22_19-54-03_094959634447_rgbf000079-resize,-3.2150958297125114,3.2150958297125114,3.1439999999999997,7.377848172936663
128077.0,2.5,-0.21818390220736286,0.21818390220736286,001110_2014-06-15_17-25-28_260595134347_rgbf000150-resize,-2.6357457862626417,2.6357457862626417,1.7115,9.336195527413247
128077.0,2.5,-0.15867072166284296,0.15867072166284296,002570_2014-06-24_13-59-54_094959634447_rgbf000059-resize,-3.6815208514374467,3.6815208514374467,4.037,41.596140375002705
128077.0,2.5,-0.9551658404530114,0.9551658404530114,002467_2014-06-28_20-38-07_260595134347_rgbf000026-resize,-4.813095829712512,4.813095829712512,4.742,15.331046216195933
128077.0,2.5,-0.07547671970346209,0.07547671970346209,001810_2014-06-26_20-51-35_260595134347_rgbf000040-resize,-2.750170807987576,2.750170807987576,2.2525,22.411391411207674
128077.0,2.5,-0.9591011610967974,0.9591011610967974,002663_2014-06-13_15-50-26_094959634447_rgbf000075-resize,-4.820595829712512,4.820595829712512,4.7495,16.725954086732166
128077.0,2.5,-0.4259963912197046,0.4259963912197046,000409_2014-06-04_19-23-33_260595134347_rgbf000067-resize,-3.804595829712511,3.804595829712511,3.7335,12.696549983566419
128077.0,2.5,-1.2056594700651042,1.2056594700651042,002875_2014-06-01_15-19-00_094959634447_rgbf000151-resize,-3.744895742812772,3.744895742812772,1.9675,11.625680938349673
128077.0,2.5,-0.7334485518326523,0.7334485518326523,001092_2014-06-15_17-34-58_260595134347_rgbf000171-resize,-3.6177457862626414,3.6177457862626414,2.6935,9.164038324933468
128077.0,2.5,-0.032174413111468965,0.032174413111468965,003587_2014-05-23_16-48-02_094959634447_rgbf002384-resize,-2.2812457862626423,2.2812457862626423,1.357,20.788172722830538
535559.0,2.5,-0.16374018771445362,0.16374018771445362,001029_2014-06-08_13-17-57_260595134347_rgbf000065-resize,-3.2334007486679943,3.2334007486679943,3.0835,18.209734661918688
535559.0,2.5,-0.8080131305132431,0.8080131305132431,000677_2014-06-08_23-10-32_260595134347_rgbf000158-resize,-4.10224849090879,4.10224849090879,3.556,19.65196273325612
535559.0,2.5,-0.5764943698343497,0.5764943698343497,001417_2014-06-19_16-25-36_260595134347_rgbf000115-resize,-4.379053006427198,4.379053006427198,4.6255,49.17091269608214
535559.0,2.5,-0.3714548937634997,0.3714548937634997,000682_2014-06-08_23-14-58_260595134347_rgbf000041-resize,-3.270248490908791,3.270248490908791,2.7239999999999998,8.707843071693064
535559.0,2.5,-1.5509831269984131,1.5509831269984131,001650_2014-06-20_12-09-00_260595134347_rgbf000087-resize,-4.082139459871975,4.082139459871975,1.9505,47.6804595860539
535559.0,2.5,-0.4102131668396977,0.4102131668396977,001244_2014-06-17_16-47-45_260595134347_rgbf000030-resize,-2.9850962331495867,2.9850962331495867,2.0425,6.7629638807870815
535559.0,2.5,-0.19140933904565405,0.19140933904565405,003495_2014-05-21_16-01-51_094959634447_rgbf000100-resize,-2.568096233149587,2.568096233149587,1.6255,12.747278812179
535559.0,2.5,-0.13082394219154905,0.13082394219154905,001158_2014-06-17_15-32-16_260595134347_rgbf000138-resize,-3.8887052641864015,3.8887052641864015,4.5315,26.954451973303737
535559.0,2.5,-0.2934838621343546,0.2934838621343546,000556_2014-06-09_22-42-56_260595134347_rgbf000214-resize,-4.198705264186402,4.198705264186402,4.8415,23.88242025565649
535559.0,2.5,-0.2653416842663376,0.2653416842663376,001150_2014-06-17_15-27-34_260595134347_rgbf000108-resize,-3.786053006427198,3.786053006427198,4.0325,11.088139074292139
535559.0,2.5,-0.14983538810643968,0.14983538810643968,000665_2014-06-09_20-42-35_260595134347_rgbf000110-resize,-3.2069007486679943,3.2069007486679943,3.057,18.49880761375764
535559.0,2.5,-0.6538187852195717,0.6538187852195717,002375_2014-06-28_20-13-44_260595134347_rgbf000032-resize,-4.167400748667993,4.167400748667993,4.0175,48.76103649676905
535559.0,2.5,-0.3082976326958825,0.3082976326958825,000788_2014-06-08_22-34-36_260595134347_rgbf000131-resize,-3.5089007486679944,3.5089007486679944,3.359,21.46386213810664
535559.0,2.5,-0.07014978033495728,0.07014978033495728,001235_2014-06-17_16-37-36_260595134347_rgbf000084-resize,-3.4140530064271983,3.4140530064271983,3.6605,14.547706659434104
535559.0,2.5,-0.6955848669259608,0.6955848669259608,000470_2014-06-09_19-42-40_260595134347_rgbf000094-resize,-3.169943975390382,3.169943975390382,1.831,22.486379427626872
535559.0,2.5,-0.8419085709320815,0.8419085709320815,000109_2014-05-14_23-41-52_260595134347_rgbf000035-resize,-3.0897917176311798,3.0897917176311798,1.3545,6.620498200896815
535559.0,2.5,-0.4203747765711072,0.4203747765711072,002509_2014-06-24_13-19-22_094959634447_rgbf000077-resize,-2.6454439753903833,2.6454439753903833,1.3065,40.21868783296904
535559.0,2.5,-0.623174967080455,0.623174967080455,003338_2014-05-20_11-01-23_094959634447_rgbf000051-resize,-3.0319439753903827,3.0319439753903827,1.693,28.251495663089063
535559.0,2.5,-0.6817675188878255,0.6817675188878255,002784_2014-06-22_19-26-30_094959634447_rgbf000083-resize,-3.1436106420570833,3.1436106420570833,1.8046666666667,3.0422522474895675
535559.0,2.5,-0.9101910193666428,0.9101910193666428,001100_2014-06-15_17-46-26_260595134347_rgbf000225-resize,-3.578943975390384,3.578943975390384,2.24,9.548860596737413
535559.0,2.5,-0.9980096231352602,0.9980096231352602,000469_2014-06-09_19-42-10_260595134347_rgbf000081-resize,-3.3872917176311788,3.3872917176311788,1.652,25.13136208408983
535559.0,2.5,-0.8327261560965981,0.8327261560965981,000483_2014-06-09_20-41-45_260595134347_rgbf000116-resize,-3.0722917176311797,3.0722917176311797,1.337,29.232414989368262
535559.0,2.5,-0.6221255482421122,0.6221255482421122,002964_2014-06-08_17-46-11_094959634447_rgbf000091-resize,-3.029943975390383,3.029943975390383,1.6909999999999998,28.953812917975768
535559.0,2.5,-0.3653505115006291,0.3653505115006291,002136_2014-06-25_21-18-03_260595134347_rgbf000109-resize,-2.899596233149587,2.899596233149587,1.9569999999999999,13.297078442475444
535559.0,2.5,-0.06602232892400772,0.06602232892400772,002039_2014-06-24_20-22-38_260595134347_rgbf000084-resize,-3.7652052641864016,3.7652052641864016,4.408,15.524303639345458
535559.0,2.5,-0.4604633642552917,0.4604633642552917,000457_2014-06-08_16-52-43_260595134347_rgbf000199-resize,-3.7989007486679935,3.7989007486679935,3.6489999999999996,14.067279821032837
535559.0,2.5,-0.2396309227269837,0.2396309227269837,003621_2014-05-23_18-06-08_094959634447_rgbf000101-resize,-3.7370530064271983,3.7370530064271983,3.9835,23.07176470133362
535559.0,2.5,-0.39802294337401134,0.39802294337401134,001584_2014-06-20_11-07-43_260595134347_rgbf000002-resize,-3.6799007486679933,3.6799007486679933,3.53,17.602834139105468
535559.0,2.5,-1.3168752744785546,1.3168752744785546,002279_2014-06-28_18-55-32_260595134347_rgbf000040-resize,-3.635972793205275,3.635972793205275,1.5043333333333,15.963772282558683
535559.0,2.5,-0.4267415135435676,0.4267415135435676,000635_2014-06-08_16-38-42_260595134347_rgbf000106-resize,-3.0165962331495866,3.0165962331495866,2.074,10.796976226722654
535559.0,2.5,-0.09388361102237874,0.09388361102237874,002725_2014-06-22_11-47-51_094959634447_rgbf000070-resize,-2.74124849090879,2.74124849090879,2.195,3.938570017428758
535559.0,2.5,-0.5636204480046147,0.5636204480046147,002344_2014-06-28_20-06-29_260595134347_rgbf000030-resize,-2.9184439753903826,2.9184439753903826,1.5795,37.33165518125916
535559.0,2.5,-1.0971797033584634,1.0971797033584634,000549_2014-06-08_22-10-24_260595134347_rgbf000247-resize,-3.5762917176311784,3.5762917176311784,1.841,30.99307977870557
535559.0,2.5,-0.1360008124408329,0.1360008124408329,000137_2014-05-20_17-04-49_260595134347_rgbf000120-resize,-3.5395530064271985,3.5395530064271985,3.786,14.89611111351161
535559.0,2.5,-0.057748885042040975,0.057748885042040975,000642_2014-06-08_16-59-25_260595134347_rgbf000098-resize,-3.0314007486679944,3.0314007486679944,2.8815,31.36214301237791
535559.0,2.5,-1.178509663329868,1.178509663329868,002199_2014-06-28_18-33-56_260595134347_rgbf000074-resize,-3.7312917176311786,3.7312917176311786,1.996,17.12852126070164
535559.0,2.5,-0.039838540847835335,0.039838540847835335,000878_2014-06-08_22-52-45_260595134347_rgbf000045-resize,-2.6382484909087913,2.6382484909087913,2.092,5.576511521775202
535559.0,2.5,-0.5486662295582583,0.5486662295582583,002953_2014-06-08_17-32-18_094959634447_rgbf000059-resize,-2.889943975390383,2.889943975390383,1.551,13.905027931093345
535559.0,2.5,-0.007044202149688039,0.007044202149688039,002905_2014-06-03_18-04-43_094959634447_rgbf000151-resize,-2.5757484909087913,2.5757484909087913,2.0295,12.020604335789361
535559.0,2.5,-0.30312076244659275,0.30312076244659275,001052_2014-06-08_18-24-54_260595134347_rgbf000130-resize,-3.8580530064271983,3.8580530064271983,4.1045,25.87613690895519
535559.0,2.5,-0.11847472978097873,0.11847472978097873,000810_2014-06-08_17-20-01_260595134347_rgbf000105-resize,-2.4290962331495867,2.4290962331495867,1.4865,3.0958890116960642
535559.0,2.5,-0.7283089816816988,0.7283089816816988,002272_2014-06-28_18-53-56_260595134347_rgbf000067-resize,-2.8732917176311785,2.8732917176311785,1.138,10.409245808146235
535559.0,2.5,-0.7108014400819064,0.7108014400819064,001571_2014-06-20_17-21-32_260595134347_rgbf000089-resize,-3.198943975390383,3.198943975390383,1.86,4.991960350191473
535559.0,2.5,-0.6816283844356,0.6816283844356,000436_2014-06-09_22-25-11_260595134347_rgbf000137-resize,-4.220400748667994,4.220400748667994,4.0705,20.69156545677159
535559.0,2.5,-0.11868540160821035,0.11868540160821035,001132_2014-06-17_14-48-54_260595134347_rgbf000100-resize,-3.5065530064271986,3.5065530064271986,3.753,14.398279213278778
535559.0,2.5,-0.08923145019226382,0.08923145019226382,003070_2014-06-15_14-58-27_094959634447_rgbf000150-resize,-3.0914007486679944,3.0914007486679944,2.9415,10.664823740812926
535559.0,2.5,-0.3755823451744501,0.3755823451744501,000943_2014-06-09_19-31-07_260595134347_rgbf000128-resize,-2.919096233149587,2.919096233149587,1.9765,15.893099149291922
535559.0,2.5,-0.2845452609483947,0.2845452609483947,000709_2014-06-08_13-51-55_260595134347_rgbf000068-resize,-2.7455962331495867,2.7455962331495867,1.8030000000000002,14.429351101546246
535559.0,2.5,-0.9483026761989016,0.9483026761989016,000854_2014-06-09_19-43-13_260595134347_rgbf000066-resize,-4.010596233149587,4.010596233149587,3.068,11.910827625938722
535559.0,2.5,-0.1773124086704695,0.1773124086704695,001164_2014-06-17_15-35-46_260595134347_rgbf000085-resize,-2.900248490908791,2.900248490908791,2.354,17.325668807481115
535559.0,2.5,-0.42215957665586,0.42215957665586,002660_2014-06-13_15-44-18_094959634447_rgbf001878-resize,-3.7259007486679945,3.7259007486679945,3.576,15.11997681444361
535559.0,2.5,-0.003774038809901625,0.003774038809901625,000739_2014-06-08_18-45-58_260595134347_rgbf000068-resize,-3.2875530064271983,3.2875530064271983,3.534,8.164356963721069
535559.0,2.5,-0.6960578934627842,0.6960578934627842,000734_2014-06-08_17-39-11_260595134347_rgbf000128-resize,-4.247900748667994,4.247900748667994,4.098,16.052231618370055
535559.0,2.5,-1.771885792469139,1.771885792469139,000522_2014-06-08_13-35-06_260595134347_rgbf000244-resize,-4.503139459871976,4.503139459871976,2.3715,25.742609854068213
535559.0,2.5,-0.7273297867857705,0.7273297867857705,002949_2014-06-26_15-57-42_094959634447_rgbf000079-resize,-3.230443975390383,3.230443975390383,1.8915,17.99500168321199
535559.0,2.5,-1.0256973155265363,1.0256973155265363,000866_2014-06-09_20-45-42_260595134347_rgbf000139-resize,-4.158096233149587,4.158096233149587,3.2155,8.082259189449621
535559.0,2.5,-0.9880401441710286,0.9880401441710286,001555_2014-06-20_17-12-10_260595134347_rgbf000065-resize,-3.3682917176311786,3.3682917176311786,1.633,7.608284543781994
535559.0,2.5,-0.8794252944027594,0.8794252944027594,003534_2014-05-22_15-06-10_094959634447_rgbf000102-resize,-3.1612917176311788,3.1612917176311788,1.426,12.376994007247625
535559.0,2.5,-0.2076753310399357,0.2076753310399357,001016_2014-06-09_16-16-10_260595134347_rgbf000112-resize,-2.599096233149587,2.599096233149587,1.6565,7.049977084494088
535559.0,2.5,-0.3624831507552545,0.3624831507552545,000773_2014-06-08_22-24-54_260595134347_rgbf000093-resize,-4.330205264186402,4.330205264186402,4.973,21.45352631724976
535559.0,2.5,-0.4387581473021415,0.4387581473021415,002414_2014-06-28_20-24-58_260595134347_rgbf000067-resize,-4.116553006427199,4.116553006427199,4.363,31.720662178139435
535559.0,2.5,-0.6592580101784423,0.6592580101784423,001032_2014-06-08_13-23-17_260595134347_rgbf000021-resize,-3.818748490908791,3.818748490908791,3.2725,15.984983178828962
535559.0,2.5,-0.1032766976851035,0.1032766976851035,000447_2014-06-08_16-15-46_260595134347_rgbf000130-resize,-3.836205264186402,3.836205264186402,4.479,19.081432914605553
535559.0,2.5,-1.509610577356394,1.509610577356394,001447_2014-06-19_17-00-32_260595134347_rgbf000082-resize,-5.0803462331495854,5.0803462331495854,4.13775,46.830399423560245
535559.0,2.5,-0.5799049810589554,0.5799049810589554,000742_2014-06-08_18-48-09_260595134347_rgbf000164-resize,-4.385553006427198,4.385553006427198,4.632,18.91549953899407
535559.0,2.5,-0.6791267441645111,0.6791267441645111,002758_2014-06-22_19-11-20_094959634447_rgbf000128-resize,-3.497596233149587,3.497596233149587,2.555,7.204478276142114
535559.0,2.5,-0.11296528087968714,0.11296528087968714,002549_2014-06-24_13-41-39_094959634447_rgbf000022-resize,-2.4185962331495867,2.4185962331495867,1.476,4.1736441355391865
535559.0,2.5,-0.37486550498811344,0.37486550498811344,001806_2014-06-26_20-50-20_260595134347_rgbf000091-resize,-3.276748490908791,3.276748490908791,2.7305,13.909869710567438
535559.0,2.5,-0.13862435953668933,0.13862435953668933,001617_2014-06-20_11-35-32_260595134347_rgbf000066-resize,-3.5445530064271984,3.5445530064271984,3.7910000000000004,19.974169961071475
535559.0,2.5,-0.3570956086787299,0.3570956086787299,001449_2014-06-19_17-01-27_260595134347_rgbf000116-resize,-3.6019007486679944,3.6019007486679944,3.452,8.994872108877228
535559.0,2.5,-0.2538855286144556,0.2538855286144556,001450_2014-06-19_17-02-03_260595134347_rgbf000203-resize,-3.7642196730938986,3.7642196730938986,4.0106666666667,12.34882649363641
535559.0,2.5,-0.3711223151115054,0.3711223151115054,003228_2014-05-14_13-42-35_094959634447_rgbf000101-resize,-2.9105962331495867,2.9105962331495867,1.9680000000000002,14.40337638638131
535559.0,2.5,-0.24657405200095395,0.24657405200095395,000368_2014-06-09_15-53-01_260595134347_rgbf000155-resize,-3.032248490908791,3.032248490908791,2.4859999999999998,21.090700959072958
535559.0,2.5,-0.22197366271233165,0.22197366271233165,002763_2014-06-22_19-13-10_094959634447_rgbf000075-resize,-2.626346233149587,2.626346233149587,1.68375,5.5919783591245595
535559.0,2.5,-0.021473711176871132,0.021473711176871132,002209_2014-06-28_18-36-10_260595134347_rgbf000051-resize,-2.6032484909087907,2.6032484909087907,2.057,12.962068825921264
535559.0,2.5,-0.28535086613722205,0.28535086613722205,001828_2014-06-26_21-40-03_260595134347_rgbf000024-resize,-4.1832052641864035,4.1832052641864035,4.8260000000000005,35.55232951340613
535559.0,2.5,-0.23653434909430804,0.23653434909430804,001110_2014-06-15_17-25-28_260595134347_rgbf000150-resize,-2.6540962331495868,2.6540962331495868,1.7115,9.336195527413247
535559.0,2.5,-0.6640506188933916,0.6640506188933916,002570_2014-06-24_13-59-54_094959634447_rgbf000059-resize,-4.186900748667994,4.186900748667994,4.037,41.596140375002705
535559.0,2.5,-0.7058167005997866,0.7058167005997866,001167_2014-06-17_15-38-07_260595134347_rgbf000108-resize,-3.189443975390383,3.189443975390383,1.8505,12.019050657019696
535559.0,2.5,-0.8432203444800064,0.8432203444800064,003587_2014-05-23_16-48-02_094959634447_rgbf002384-resize,-3.0922917176311784,3.0922917176311784,1.357,20.788172722830538
316003.0,2.5,-0.07687124852443326,0.07687124852443326,001029_2014-06-08_13-17-57_260595134347_rgbf000065-resize,-3.1465318094779735,3.1465318094779735,3.0835,18.209734661918688
316003.0,2.5,-0.7249669679261731,0.7249669679261731,001516_2014-06-20_16-25-09_260595134347_rgbf000076-resize,-3.1582134411488316,3.1582134411488316,1.7445,3.8622659094666254
316003.0,2.5,-0.5635790281681122,0.5635790281681122,000682_2014-06-08_23-14-58_260595134347_rgbf000041-resize,-3.4623726253134035,3.4623726253134035,2.7239999999999998,8.707843071693064
316003.0,2.5,-0.8330571082752698,0.8330571082752698,001650_2014-06-20_12-09-00_260595134347_rgbf000087-resize,-3.3642134411488325,3.3642134411488325,1.9505,47.6804595860539
316003.0,2.5,-0.6625265470448995,0.6625265470448995,003495_2014-05-21_16-01-51_094959634447_rgbf000100-resize,-3.0392134411488323,3.0392134411488323,1.6255,12.747278812179
316003.0,2.5,-0.5748204873171131,0.5748204873171131,001150_2014-06-17_15-27-34_260595134347_rgbf000108-resize,-4.095531809477974,4.095531809477974,4.0325,11.088139074292139
316003.0,2.5,-0.4006368568341341,0.4006368568341341,000665_2014-06-09_20-42-35_260595134347_rgbf000110-resize,-3.4577022173956884,3.4577022173956884,3.057,18.49880761375764
316003.0,2.5,-1.2422906618649807,1.2422906618649807,002375_2014-06-28_20-13-44_260595134347_rgbf000032-resize,-4.755872625313404,4.755872625313404,4.0175,48.76103649676905
316003.0,2.5,-0.8967695093412914,0.8967695093412914,000788_2014-06-08_22-34-36_260595134347_rgbf000131-resize,-4.097372625313404,4.097372625313404,3.359,21.46386213810664
316003.0,2.5,-0.3796285833857328,0.3796285833857328,001235_2014-06-17_16-37-36_260595134347_rgbf000084-resize,-3.7235318094779735,3.7235318094779735,3.6605,14.547706659434104
316003.0,2.5,-0.2337593648563673,0.2337593648563673,000780_2014-06-08_22-28-29_260595134347_rgbf000126-resize,-3.4455318094779734,3.4455318094779734,3.3825,14.165390776882042
316003.0,2.5,-0.43268392476669537,0.43268392476669537,000470_2014-06-09_19-42-40_260595134347_rgbf000094-resize,-2.907043033231117,2.907043033231117,1.831,22.486379427626872
316003.0,2.5,-0.5203302944497348,0.5203302944497348,000109_2014-05-14_23-41-52_260595134347_rgbf000035-resize,-2.7682134411488324,2.7682134411488324,1.3545,6.620498200896815
316003.0,2.5,-0.4951442423295567,0.4951442423295567,002509_2014-06-24_13-19-22_094959634447_rgbf000077-resize,-2.7202134411488323,2.7202134411488323,1.3065,40.21868783296904
316003.0,2.5,-0.02260361700347524,0.02260361700347524,003338_2014-05-20_11-01-23_094959634447_rgbf000051-resize,-2.431372625313404,2.431372625313404,1.693,28.251495663089063
316003.0,2.5,-0.08119616881084579,0.08119616881084579,002784_2014-06-22_19-26-30_094959634447_rgbf000083-resize,-2.543039291980103,2.543039291980103,1.8046666666667,3.0422522474895675
316003.0,2.5,-0.9849604851250924,0.9849604851250924,001100_2014-06-15_17-46-26_260595134347_rgbf000225-resize,-3.6537134411488332,3.6537134411488332,2.24,9.548860596737413
316003.0,2.5,-0.33876093873519864,0.33876093873519864,000469_2014-06-09_19-42-10_260595134347_rgbf000081-resize,-2.7280430332311174,2.7280430332311174,1.652,25.13136208408983
316003.0,2.5,-0.1734774716965365,0.1734774716965365,000483_2014-06-09_20-41-45_260595134347_rgbf000116-resize,-2.413043033231117,2.413043033231117,1.337,29.232414989368262
316003.0,2.5,-0.1611269036644455,0.1611269036644455,002136_2014-06-25_21-18-03_260595134347_rgbf000109-resize,-2.6953726253134036,2.6953726253134036,1.9569999999999999,13.297078442475444
316003.0,2.5,-0.43417846629786544,0.43417846629786544,002039_2014-06-24_20-22-38_260595134347_rgbf000084-resize,-4.13336140156026,4.13336140156026,4.408,15.524303639345458
316003.0,2.5,-0.9505323281246756,0.9505323281246756,002103_2014-06-25_20-00-40_260595134347_rgbf000049-resize,-4.505702217395688,4.505702217395688,4.105,11.598018874569219
316003.0,2.5,-0.30146677661093113,0.30146677661093113,000929_2014-06-09_16-33-19_260595134347_rgbf000139-resize,-3.268702217395689,3.268702217395689,2.8680000000000003,19.501338012209015
316003.0,2.5,-0.3735944250652713,0.3735944250652713,000457_2014-06-08_16-52-43_260595134347_rgbf000199-resize,-3.7120318094779736,3.7120318094779736,3.6489999999999996,14.067279821032837
316003.0,2.5,-0.5491097257777592,0.5491097257777592,003621_2014-05-23_18-06-08_094959634447_rgbf000101-resize,-4.046531809477973,4.046531809477973,3.9835,23.07176470133362
316003.0,2.5,-0.3712332326790019,0.3712332326790019,003490_2014-05-21_15-50-11_094959634447_rgbf000101-resize,-3.7075318094779735,3.7075318094779735,3.6445,19.999457360175192
316003.0,2.5,-0.2612788478376967,0.2612788478376967,002279_2014-06-28_18-55-32_260595134347_rgbf000040-resize,-2.5803763665644173,2.5803763665644173,1.5043333333333,15.963772282558683
316003.0,2.5,-0.5596039141611623,0.5596039141611623,003048_2014-06-15_13-49-43_094959634447_rgbf000150-resize,-4.066531809477974,4.066531809477974,4.0035,24.355606534500392
316003.0,2.5,-0.2860077454269913,0.2860077454269913,002725_2014-06-22_11-47-51_094959634447_rgbf000070-resize,-2.9333726253134036,2.9333726253134036,2.195,3.938570017428758
316003.0,2.5,-0.6383899137630642,0.6383899137630642,002344_2014-06-28_20-06-29_260595134347_rgbf000030-resize,-2.993213441148832,2.993213441148832,1.5795,37.33165518125916
316003.0,2.5,-0.7756014268761167,0.7756014268761167,000549_2014-06-08_22-10-24_260595134347_rgbf000247-resize,-3.2547134411488323,3.2547134411488323,1.841,30.99307977870557
316003.0,2.5,-0.3032833628964379,0.3032833628964379,000736_2014-06-08_18-24-15_260595134347_rgbf000206-resize,-3.5780318094779737,3.5780318094779737,3.515,33.408170606136416
316003.0,2.5,-0.6462207616874499,0.6462207616874499,000642_2014-06-08_16-59-25_260595134347_rgbf000098-resize,-3.6198726253134033,3.6198726253134033,2.8815,31.36214301237791
316003.0,2.5,-0.5031976516003492,0.5031976516003492,002425_2014-06-28_20-27-29_260595134347_rgbf000031-resize,-3.9590318094779735,3.9590318094779735,3.8960000000000004,8.40495801096819
316003.0,2.5,-0.5313093988891416,0.5313093988891416,001056_2014-06-08_18-46-44_260595134347_rgbf000068-resize,-3.4008726253134034,3.4008726253134034,2.6625,11.38594592369452
316003.0,2.5,-0.8569313868475212,0.8569313868475212,002199_2014-06-28_18-33-56_260595134347_rgbf000074-resize,-3.4097134411488317,3.4097134411488317,1.996,17.12852126070164
316003.0,2.5,-0.6556257378693474,0.6556257378693474,000917_2014-06-09_22-45-29_260595134347_rgbf000149-resize,-4.249531809477974,4.249531809477974,4.1865,9.740561609074897
316003.0,2.5,-0.23196267525244785,0.23196267525244785,000878_2014-06-08_22-52-45_260595134347_rgbf000045-resize,-2.8303726253134034,2.8303726253134034,2.092,5.576511521775202
316003.0,2.5,-0.2848787398623138,0.2848787398623138,002988_2014-06-15_12-24-20_094959634447_rgbf000150-resize,-4.1546909936425465,4.1546909936425465,4.7669999999999995,14.460306569198616
316003.0,2.5,-0.6125995654973683,0.6125995654973683,001052_2014-06-08_18-24-54_260595134347_rgbf000130-resize,-4.167531809477974,4.167531809477974,4.1045,25.87613690895519
316003.0,2.5,-0.1873424779413826,0.1873424779413826,001214_2014-06-17_16-13-55_260595134347_rgbf000111-resize,-3.051202217395689,3.051202217395689,2.6505,18.479282579459067
316003.0,2.5,-0.44790049792264097,0.44790049792264097,001571_2014-06-20_17-21-32_260595134347_rgbf000089-resize,-2.9360430332311176,2.9360430332311176,1.86,4.991960350191473
316003.0,2.5,-0.08653857941591414,0.08653857941591414,002444_2014-06-28_20-32-08_260595134347_rgbf000027-resize,-3.776690993642544,3.776690993642544,4.388999999999999,17.102760279009576
316003.0,2.5,-1.0064138812663146,1.0064138812663146,001133_2014-06-17_14-49-16_260595134347_rgbf000100-resize,-4.612202217395688,4.612202217395688,4.2115,26.759918254713728
316003.0,2.5,-0.42816420465898586,0.42816420465898586,001132_2014-06-17_14-48-54_260595134347_rgbf000100-resize,-3.8160318094779737,3.8160318094779737,3.753,14.398279213278778
316003.0,2.5,-0.34003291891995824,0.34003291891995824,003070_2014-06-15_14-58-27_094959634447_rgbf000150-resize,-3.3422022173956885,3.3422022173956885,2.9415,10.664823740812926
316003.0,2.5,-0.8466995531736956,0.8466995531736956,000943_2014-06-09_19-31-07_260595134347_rgbf000128-resize,-3.3902134411488323,3.3902134411488323,1.9765,15.893099149291922
316003.0,2.5,-0.08032165311221108,0.08032165311221108,000709_2014-06-08_13-51-55_260595134347_rgbf000068-resize,-2.5413726253134032,2.5413726253134032,1.8030000000000002,14.429351101546246
316003.0,2.5,-1.0817494762804325,1.0817494762804325,000854_2014-06-09_19-43-13_260595134347_rgbf000066-resize,-4.1440430332311164,4.1440430332311164,3.068,11.910827625938722
316003.0,2.5,-0.03176613515736748,0.03176613515736748,001164_2014-06-17_15-35-46_260595134347_rgbf000085-resize,-2.754702217395689,2.754702217395689,2.354,17.325668807481115
316003.0,2.5,-0.7162893658282807,0.7162893658282807,000522_2014-06-08_13-35-06_260595134347_rgbf000244-resize,-3.4475430332311183,3.4475430332311183,2.3715,25.742609854068213
316003.0,2.5,-0.4644288446265051,0.4644288446265051,002949_2014-06-26_15-57-42_094959634447_rgbf000079-resize,-2.967543033231117,2.967543033231117,1.8915,17.99500168321199
316003.0,2.5,-0.14613289185492373,0.14613289185492373,000866_2014-06-09_20-45-42_260595134347_rgbf000139-resize,-3.2785318094779736,3.2785318094779736,3.2155,8.082259189449621
316003.0,2.5,-0.6664618676886819,0.6664618676886819,001555_2014-06-20_17-12-10_260595134347_rgbf000065-resize,-3.0467134411488326,3.0467134411488326,1.633,7.608284543781994
316003.0,2.5,-0.5578470179204127,0.5578470179204127,003534_2014-05-22_15-06-10_094959634447_rgbf000102-resize,-2.8397134411488323,2.8397134411488323,1.426,12.376994007247625
316003.0,2.5,-0.1813282163025055,0.1813282163025055,002637_2014-06-24_14-51-13_094959634447_rgbf000066-resize,-2.7338726253134036,2.7338726253134036,1.9955,10.972027795242447
316003.0,2.5,-0.3411221311214664,0.3411221311214664,001016_2014-06-09_16-16-10_260595134347_rgbf000112-resize,-2.7325430332311176,2.7325430332311176,1.6565,7.049977084494088
316003.0,2.5,-0.0552984722936829,0.0552984722936829,000773_2014-06-08_22-24-54_260595134347_rgbf000093-resize,-4.02302058572483,4.02302058572483,4.973,21.45352631724976
316003.0,2.5,-0.4032803006115681,0.4032803006115681,001059_2014-06-08_21-53-27_260595134347_rgbf000061-resize,-3.1568726253134036,3.1568726253134036,2.4185,8.755513319222857
316003.0,2.5,-0.8513821445830548,0.8513821445830548,001032_2014-06-08_13-23-17_260595134347_rgbf000021-resize,-4.010872625313404,4.010872625313404,3.2725,15.984983178828962
316003.0,2.5,-0.2857055973542321,0.2857055973542321,003292_2014-05-14_21-53-49_094959634447_rgbf000100-resize,-3.5445318094779736,3.5445318094779736,3.4815,33.084282711345374
316003.0,2.5,-0.9151144423306776,0.9151144423306776,002639_2014-06-24_14-51-37_094959634447_rgbf000074-resize,-4.4382022173956885,4.4382022173956885,4.0375,16.521406794569987
316003.0,2.5,-0.1274659141111949,0.1274659141111949,001570_2014-06-20_17-21-09_260595134347_rgbf000135-resize,-3.854690993642545,3.854690993642545,4.467,22.179510675592084
316003.0,2.5,-0.2909327948643497,0.2909327948643497,001392_2014-06-19_16-07-59_260595134347_rgbf000046-resize,-3.8603614015602594,3.8603614015602594,4.135,18.95235574822112
316003.0,2.5,-0.967716561602496,0.967716561602496,001447_2014-06-19_17-00-32_260595134347_rgbf000082-resize,-4.5384522173956885,4.5384522173956885,4.13775,46.830399423560245
316003.0,2.5,-0.21404296827430191,0.21404296827430191,000742_2014-06-08_18-48-09_260595134347_rgbf000164-resize,-4.019690993642545,4.019690993642545,4.632,18.91549953899407
316003.0,2.5,-0.13723272841061296,0.13723272841061296,002758_2014-06-22_19-11-20_094959634447_rgbf000128-resize,-2.9557022173956886,2.9557022173956886,2.555,7.204478276142114
316003.0,2.5,-0.2464120809612178,0.2464120809612178,002549_2014-06-24_13-41-39_094959634447_rgbf000022-resize,-2.5520430332311177,2.5520430332311177,1.476,4.1736441355391865
316003.0,2.5,-0.2626183829107397,0.2626183829107397,001199_2014-06-17_16-03-48_260595134347_rgbf000077-resize,-3.5005318094779736,3.5005318094779736,3.4375,28.282249848901696
316003.0,2.5,-0.07216876043348397,0.07216876043348397,000502_2014-06-08_23-02-32_260595134347_rgbf000063-resize,-2.831702217395689,2.831702217395689,2.431,13.897287578908273
316003.0,2.5,-0.5669896393927261,0.5669896393927261,001806_2014-06-26_20-50-20_260595134347_rgbf000091-resize,-3.4688726253134035,3.4688726253134035,2.7305,13.909869710567438
316003.0,2.5,-0.3064515160930508,0.3064515160930508,003079_2014-06-15_15-18-20_094959634447_rgbf000152-resize,-3.2782022173956884,3.2782022173956884,2.8775,9.032134209869396
316003.0,2.5,-0.27022666948870955,0.27022666948870955,001449_2014-06-19_17-01-27_260595134347_rgbf000116-resize,-3.5150318094779736,3.5150318094779736,3.452,8.994872108877228
316003.0,2.5,-0.5045691151930359,0.5045691151930359,003228_2014-05-14_13-42-35_094959634447_rgbf000101-resize,-3.0440430332311177,3.0440430332311177,1.9680000000000002,14.40337638638131
316003.0,2.5,-0.10102777848785194,0.10102777848785194,000368_2014-06-09_15-53-01_260595134347_rgbf000155-resize,-2.8867022173956887,2.8867022173956887,2.4859999999999998,21.090700959072958
316003.0,2.5,-0.6930908707115772,0.6930908707115772,002763_2014-06-22_19-13-10_094959634447_rgbf000075-resize,-3.0974634411488324,3.0974634411488324,1.68375,5.5919783591245595
316003.0,2.5,-0.8889386614169128,0.8889386614169128,002209_2014-06-28_18-36-10_260595134347_rgbf000051-resize,-3.4707134411488316,3.4707134411488316,2.057,12.962068825921264
316003.0,2.5,-0.9471018202184744,0.9471018202184744,002467_2014-06-28_20-38-07_260595134347_rgbf000026-resize,-4.805031809477973,4.805031809477973,4.742,15.331046216195933
316003.0,2.5,-0.2756963250268314,0.2756963250268314,002663_2014-06-13_15-50-26_094959634447_rgbf000075-resize,-4.1371909936425455,4.1371909936425455,4.7495,16.725954086732166
316003.0,2.5,-0.7556027789028823,0.7556027789028823,000409_2014-06-04_19-23-33_260595134347_rgbf000067-resize,-4.134202217395687,4.134202217395687,3.7335,12.696549983566419
316003.0,2.5,-0.0942065560386447,0.0942065560386447,001011_2014-06-08_23-18-54_260595134347_rgbf000044-resize,-2.8737022173956888,2.8737022173956888,2.4730000000000003,11.624075606213012
316003.0,2.5,-0.16663635256573514,0.16663635256573514,002875_2014-06-01_15-19-00_094959634447_rgbf000151-resize,-2.7058726253134036,2.7058726253134036,1.9675,11.625680938349673
316003.0,2.5,-0.5475753908834139,0.5475753908834139,001092_2014-06-15_17-34-58_260595134347_rgbf000171-resize,-3.4318726253134035,3.4318726253134035,2.6935,9.164038324933468
316003.0,2.5,-0.1419750098647311,0.1419750098647311,002545_2014-06-24_13-38-53_094959634447_rgbf000080-resize,-2.6588726253134034,2.6588726253134034,1.9205,12.083824048628237
316003.0,2.5,-0.7805861663582361,0.7805861663582361,001167_2014-06-17_15-38-07_260595134347_rgbf000108-resize,-3.2642134411488324,3.2642134411488324,1.8505,12.019050657019696
316003.0,2.5,-0.1839716600799448,0.1839716600799448,003587_2014-05-23_16-48-02_094959634447_rgbf002384-resize,-2.433043033231117,2.433043033231117,1.357,20.788172722830538
167368.0,2.5,-0.4179329827657856,0.4179329827657856,001808_2014-06-26_20-50-58_260595134347_rgbf000029-resize,-4.041544715676263,4.041544715676263,4.249,20.030651550568866
167368.0,2.5,-0.08526921982339086,0.08526921982339086,001815_2014-06-26_20-52-55_260595134347_rgbf000020-resize,-3.2989428267683087,3.2989428267683087,3.3865,18.626322656731816
167368.0,2.5,-0.046180376906814084,0.046180376906814084,001029_2014-06-08_13-17-57_260595134347_rgbf000065-resize,-3.1158409378603547,3.1158409378603547,3.0835,18.209734661918688
167368.0,2.5,-0.29410557746480714,0.29410557746480714,000677_2014-06-08_23-10-32_260595134347_rgbf000158-resize,-3.588340937860355,3.588340937860355,3.556,19.65196273325612
167368.0,2.5,-0.7353841901754605,0.7353841901754605,001417_2014-06-19_16-25-36_260595134347_rgbf000115-resize,-4.537942826768309,4.537942826768309,4.6255,49.17091269608214
167368.0,2.5,-0.12147015212291225,0.12147015212291225,003081_2014-06-15_15-19-16_094959634447_rgbf000150-resize,-3.585146604584219,3.585146604584219,3.9125,16.632991649560594
167368.0,2.5,-0.6860615047734564,0.6860615047734564,001158_2014-06-17_15-32-16_260595134347_rgbf000138-resize,-4.44394282676831,4.44394282676831,4.5315,26.954451973303737
167368.0,2.5,-1.0885176469003526,1.0885176469003526,000556_2014-06-09_22-42-56_260595134347_rgbf000214-resize,-4.993739048952401,4.993739048952401,4.8415,23.88242025565649
167368.0,2.5,-0.3043333935154031,0.3043333935154031,001150_2014-06-17_15-27-34_260595134347_rgbf000108-resize,-3.825044715676264,3.825044715676264,4.0325,11.088139074292139
167368.0,2.5,-0.5362589744119322,0.5362589744119322,002375_2014-06-28_20-13-44_260595134347_rgbf000032-resize,-4.0498409378603535,4.0498409378603535,4.0175,48.76103649676905
167368.0,2.5,-0.07083971079619755,0.07083971079619755,000788_2014-06-08_22-34-36_260595134347_rgbf000131-resize,-3.2714428267683093,3.2714428267683093,3.359,21.46386213810664
167368.0,2.5,-0.2290396006760682,0.2290396006760682,001235_2014-06-17_16-37-36_260595134347_rgbf000084-resize,-3.5729428267683088,3.5729428267683088,3.6605,14.547706659434104
167368.0,2.5,-0.229301955385649,0.229301955385649,000692_2014-06-08_13-09-42_260595134347_rgbf000199-resize,-3.5734428267683094,3.5734428267683094,3.661,54.80046590295557
167368.0,2.5,-0.8025590486989747,0.8025590486989747,000780_2014-06-08_22-28-29_260595134347_rgbf000126-resize,-4.014331493320581,4.014331493320581,3.3825,14.165390776882042
167368.0,2.5,-0.3814636693218245,0.3814636693218245,002039_2014-06-24_20-22-38_260595134347_rgbf000084-resize,-4.080646604584219,4.080646604584219,4.408,15.524303639345458
167368.0,2.5,-0.7020691596813868,0.7020691596813868,002103_2014-06-25_20-00-40_260595134347_rgbf000049-resize,-4.2572390489524015,4.2572390489524015,4.105,11.598018874569219
167368.0,2.5,-0.2077888691996681,0.2077888691996681,002213_2014-06-28_18-37-58_260595134347_rgbf000055-resize,-3.532442826768309,3.532442826768309,3.62,11.387296889913552
167368.0,2.5,-1.2068476561697468,1.2068476561697468,000691_2014-06-08_13-08-50_260595134347_rgbf000132-resize,-4.784831493320581,4.784831493320581,4.1530000000000005,14.740846212587924
167368.0,2.5,-0.2927998303517331,0.2927998303517331,000929_2014-06-09_16-33-19_260595134347_rgbf000139-resize,-3.2600352711364913,3.2600352711364913,2.8680000000000003,19.501338012209015
167368.0,2.5,-0.4628016645396973,0.4628016645396973,000457_2014-06-08_16-52-43_260595134347_rgbf000199-resize,-3.8012390489524,3.8012390489524,3.6489999999999996,14.067279821032837
167368.0,2.5,-0.6383169652521852,0.6383169652521852,003621_2014-05-23_18-06-08_094959634447_rgbf000101-resize,-4.1357390489524,4.1357390489524,3.9835,23.07176470133362
167368.0,2.5,-0.40036124365841697,0.40036124365841697,001584_2014-06-20_11-07-43_260595134347_rgbf000002-resize,-3.6822390489524,3.6822390489524,3.53,17.602834139105468
167368.0,2.5,-0.4210812392807988,0.4210812392807988,001175_2014-06-17_15-45-55_260595134347_rgbf000129-resize,-4.047544715676263,4.047544715676263,4.255,15.34903910495583
167368.0,2.5,-0.4604404721534279,0.4604404721534279,003490_2014-05-21_15-50-11_094959634447_rgbf000101-resize,-3.7967390489524,3.7967390489524,3.6445,19.999457360175192
167368.0,2.5,-0.16921870926740712,0.16921870926740712,003048_2014-06-15_13-49-43_094959634447_rgbf000150-resize,-3.6761466045842175,3.6761466045842175,4.0035,24.355606534500392
167368.0,2.5,-0.3924906023708639,0.3924906023708639,000736_2014-06-08_18-24-15_260595134347_rgbf000206-resize,-3.6672390489524003,3.6672390489524003,3.515,33.408170606136416
167368.0,2.5,-0.5346868549660344,0.5346868549660344,000137_2014-05-20_17-04-49_260595134347_rgbf000120-resize,-3.9382390489524,3.9382390489524,3.786,14.89611111351161
167368.0,2.5,-0.060087185326446635,0.060087185326446635,000642_2014-06-08_16-59-25_260595134347_rgbf000098-resize,-3.0337390489524,3.0337390489524,2.8815,31.36214301237791
167368.0,2.5,-0.35260866889068465,0.35260866889068465,002425_2014-06-28_20-27-29_260595134347_rgbf000031-resize,-3.808442826768309,3.808442826768309,3.8960000000000004,8.40495801096819
167368.0,2.5,-0.26524053297559225,0.26524053297559225,000917_2014-06-09_22-45-29_260595134347_rgbf000149-resize,-3.859146604584218,3.859146604584218,4.1865,9.740561609074897
167368.0,2.5,-0.026235392543483504,0.026235392543483504,002323_2014-06-28_20-01-54_260595134347_rgbf000051-resize,-3.4036466045842184,3.4036466045842184,3.7310000000000003,18.09172628388976
167368.0,2.5,-0.2573779269344978,0.2573779269344978,003423_2014-05-21_10-23-26_094959634447_rgbf002665-resize,-3.4097390489523995,3.4097390489523995,3.2575,35.43119222475438
167368.0,2.5,-0.5798078473914492,0.5798078473914492,000414_2014-06-04_19-49-13_260595134347_rgbf000044-resize,-4.241442826768309,4.241442826768309,4.329,13.241348366125557
167368.0,2.5,-0.6556243408383418,0.6556243408383418,003129_2014-05-12_10-48-10_094959634447_rgbf000100-resize,-4.603146604584219,4.603146604584219,4.9305,17.9074543760639
167368.0,2.5,-0.5698343508039876,0.5698343508039876,002988_2014-06-15_12-24-20_094959634447_rgbf000150-resize,-4.439646604584219,4.439646604584219,4.7669999999999995,14.460306569198616
167368.0,2.5,-0.2222143606036131,0.2222143606036131,001052_2014-06-08_18-24-54_260595134347_rgbf000130-resize,-3.7771466045842175,3.7771466045842175,4.1045,25.87613690895519
167368.0,2.5,-0.758996114038125,0.758996114038125,002748_2014-06-22_19-07-22_094959634447_rgbf000078-resize,-4.582942826768309,4.582942826768309,4.6705,35.71435075733748
167368.0,2.5,-0.3211261037404696,0.3211261037404696,002995_2014-06-15_12-31-26_094959634447_rgbf000150-resize,-3.7484428267683088,3.7484428267683088,3.8360000000000003,27.231594395483473
167368.0,2.5,-0.2043742403518245,0.2043742403518245,000436_2014-06-09_22-25-11_260595134347_rgbf000137-resize,-3.7431466045842186,3.7431466045842186,4.0705,20.69156545677159
167368.0,2.5,-0.6112904125416785,0.6112904125416785,002444_2014-06-28_20-32-08_260595134347_rgbf000027-resize,-4.301442826768309,4.301442826768309,4.388999999999999,17.102760279009576
167368.0,2.5,-0.5181544906389353,0.5181544906389353,001133_2014-06-17_14-49-16_260595134347_rgbf000100-resize,-4.1239428267683085,4.1239428267683085,4.2115,26.759918254713728
167368.0,2.5,-0.7571676663175025,0.7571676663175025,001132_2014-06-17_14-48-54_260595134347_rgbf000100-resize,-4.145035271136491,4.145035271136491,3.753,14.398279213278778
167368.0,2.5,-0.09156975047666947,0.09156975047666947,003070_2014-06-15_14-58-27_094959634447_rgbf000150-resize,-3.0937390489524,3.0937390489524,2.9415,10.664823740812926
167368.0,2.5,-0.5619757623861238,0.5619757623861238,000758_2014-06-08_22-05-08_260595134347_rgbf000085-resize,-3.7730352711364894,3.7730352711364894,3.3810000000000002,11.91317737826679
167368.0,2.5,-0.1579454920017147,0.1579454920017147,000854_2014-06-09_19-43-13_260595134347_rgbf000066-resize,-3.2202390489524,3.2202390489524,3.068,11.910827625938722
167368.0,2.5,-0.4244978769402656,0.4244978769402656,002660_2014-06-13_15-44-18_094959634447_rgbf001878-resize,-3.7282390489524,3.7282390489524,3.576,15.11997681444361
167368.0,2.5,-0.4585999715630993,0.4585999715630993,000734_2014-06-08_17-39-11_260595134347_rgbf000128-resize,-4.010442826768309,4.010442826768309,4.098,16.052231618370055
167368.0,2.5,-0.03228160373365385,0.03228160373365385,000522_2014-06-08_13-35-06_260595134347_rgbf000244-resize,-2.7635352711364907,2.7635352711364907,2.3715,25.742609854068213
167368.0,2.5,-0.3909104476785017,0.3909104476785017,002989_2014-06-15_12-25-03_094959634447_rgbf000150-resize,-3.990044715676264,3.990044715676264,4.1975,27.906783421951957
167368.0,2.5,-0.917720713337162,0.917720713337162,000773_2014-06-08_22-24-54_260595134347_rgbf000093-resize,-4.885442826768309,4.885442826768309,4.973,21.45352631724976
167368.0,2.5,-0.7175460787352979,0.7175460787352979,002414_2014-06-28_20-24-58_260595134347_rgbf000067-resize,-4.395340937860355,4.395340937860355,4.363,31.720662178139435
167368.0,2.5,-0.2652485682220516,0.2652485682220516,001032_2014-06-08_13-23-17_260595134347_rgbf000021-resize,-3.4247390489524,3.4247390489524,3.2725,15.984983178828962
167368.0,2.5,-0.2550147257366129,0.2550147257366129,003292_2014-05-14_21-53-49_094959634447_rgbf000100-resize,-3.513840937860355,3.513840937860355,3.4815,33.084282711345374
167368.0,2.5,-0.6666512738873889,0.6666512738873889,002639_2014-06-24_14-51-37_094959634447_rgbf000074-resize,-4.1897390489524,4.1897390489524,4.0375,16.521406794569987
167368.0,2.5,-0.2382179978883088,0.2382179978883088,001392_2014-06-19_16-07-59_260595134347_rgbf000046-resize,-3.8076466045842174,3.8076466045842174,4.135,18.95235574822112
167368.0,2.5,-0.4187180380829203,0.4187180380829203,000447_2014-06-08_16-15-46_260595134347_rgbf000130-resize,-4.151646604584219,4.151646604584219,4.479,19.081432914605553
167368.0,2.5,-0.7192533931592073,0.7192533931592073,001447_2014-06-19_17-00-32_260595134347_rgbf000082-resize,-4.2899890489524,4.2899890489524,4.13775,46.830399423560245
167368.0,2.5,-0.5294357431510943,0.5294357431510943,001066_2014-06-08_22-03-20_260595134347_rgbf000066-resize,-4.14544282676831,4.14544282676831,4.2330000000000005,19.743449467077777
167368.0,2.5,-0.7387948014000663,0.7387948014000663,000742_2014-06-08_18-48-09_260595134347_rgbf000164-resize,-4.544442826768309,4.544442826768309,4.632,18.91549953899407
167368.0,2.5,-0.12724999098025205,0.12724999098025205,002630_2014-06-24_14-47-50_094959634447_rgbf000055-resize,-3.1617390489524,3.1617390489524,3.0095,10.661401196716628
167368.0,2.5,-0.1285657821514149,0.1285657821514149,002758_2014-06-22_19-11-20_094959634447_rgbf000128-resize,-2.9470352711364907,2.9470352711364907,2.555,7.204478276142114
167368.0,2.5,-0.5916218445692564,0.5916218445692564,001199_2014-06-17_16-03-48_260595134347_rgbf000077-resize,-3.8295352711364905,3.8295352711364905,3.4375,28.282249848901696
167368.0,2.5,-0.3032980363583766,0.3032980363583766,000502_2014-06-08_23-02-32_260595134347_rgbf000063-resize,-3.0628314933205814,3.0628314933205814,2.431,13.897287578908273
167368.0,2.5,-0.36100201078578703,0.36100201078578703,003083_2014-06-15_15-21-03_094959634447_rgbf000063-resize,-3.933044715676264,3.933044715676264,4.1405,19.172834459547143
167368.0,2.5,-0.10075417412376808,0.10075417412376808,001806_2014-06-26_20-50-20_260595134347_rgbf000091-resize,-3.0026371600444453,3.0026371600444453,2.7305,13.909869710567438
167368.0,2.5,-0.05771795769370969,0.05771795769370969,001617_2014-06-20_11-35-32_260595134347_rgbf000066-resize,-3.463646604584219,3.463646604584219,3.7910000000000004,19.974169961071475
167368.0,2.5,-0.1133411737490011,0.1133411737490011,000493_2014-06-09_21-01-18_260595134347_rgbf000196-resize,-3.3524428267683093,3.3524428267683093,3.44,19.629285382994567
167368.0,2.5,-0.7815666543089298,0.7815666543089298,000191_2014-05-12_17-07-38_260595134347_rgbf000199-resize,-4.191535271136491,4.191535271136491,3.7995,12.340757267219296
167368.0,2.5,-0.6776701716899558,0.6776701716899558,000506_2014-06-08_23-21-00_260595134347_rgbf000070-resize,-4.2107390489524015,4.2107390489524015,4.0585,16.716212007621664
167368.0,2.5,-0.17788645874180742,0.17788645874180742,003079_2014-06-15_15-18-20_094959634447_rgbf000152-resize,-3.149637160044445,3.149637160044445,2.8775,9.032134209869396
167368.0,2.5,-0.35943390896313554,0.35943390896313554,001449_2014-06-19_17-01-27_260595134347_rgbf000116-resize,-3.6042390489524,3.6042390489524,3.452,8.994872108877228
167368.0,2.5,-0.41277534895556656,0.41277534895556656,001450_2014-06-19_17-02-03_260595134347_rgbf000203-resize,-3.9231094934350095,3.9231094934350095,4.0106666666667,12.34882649363641
167368.0,2.5,-0.09236083222865388,0.09236083222865388,000368_2014-06-09_15-53-01_260595134347_rgbf000155-resize,-2.8780352711364907,2.8780352711364907,2.4859999999999998,21.090700959072958
167368.0,2.5,-0.8405884287191294,0.8405884287191294,001828_2014-06-26_21-40-03_260595134347_rgbf000024-resize,-4.73844282676831,4.73844282676831,4.8260000000000005,35.55232951340613
167368.0,2.5,-0.04303412920340421,0.04303412920340421,000906_2014-06-08_13-35-43_260595134347_rgbf000155-resize,-3.0012390489524003,3.0012390489524003,2.8489999999999998,16.12201726422563
167368.0,2.5,-0.1933673954189511,0.1933673954189511,000927_2014-06-09_16-32-30_260595134347_rgbf000123-resize,-3.0705352711364906,3.0705352711364906,2.6785,11.715239650325241
167368.0,2.5,-0.4265926969937066,0.4265926969937066,002570_2014-06-24_13-59-54_094959634447_rgbf000059-resize,-3.949442826768309,3.949442826768309,4.037,41.596140375002705
167368.0,2.5,-0.9164109486008551,0.9164109486008551,002467_2014-06-28_20-38-07_260595134347_rgbf000026-resize,-4.774340937860353,4.774340937860353,4.742,15.331046216195933
167368.0,2.5,-0.4242395398539086,0.4242395398539086,003010_2014-06-15_12-54-35_094959634447_rgbf000112-resize,-3.5105352711364906,3.5105352711364906,3.1185,6.696951333567531
167368.0,2.5,-0.5606519359685052,0.5606519359685052,002663_2014-06-13_15-50-26_094959634447_rgbf000075-resize,-4.422146604584219,4.422146604584219,4.7495,16.725954086732166
167368.0,2.5,-0.7469358326436842,0.7469358326436842,000409_2014-06-04_19-23-33_260595134347_rgbf000067-resize,-4.12553527113649,4.12553527113649,3.7335,12.696549983566419
167368.0,2.5,-0.2012380367065013,0.2012380367065013,001092_2014-06-15_17-34-58_260595134347_rgbf000171-resize,-3.0855352711364903,3.0855352711364903,2.6935,9.164038324933468
200140.0,2.5,-0.8330395811706097,0.8330395811706097,001808_2014-06-26_20-50-58_260595134347_rgbf000029-resize,-4.456651314081087,4.456651314081087,4.249,20.030651550568866
200140.0,2.5,-0.8943267216419091,0.8943267216419091,001815_2014-06-26_20-52-55_260595134347_rgbf000020-resize,-4.1080003285868285,4.1080003285868285,3.3865,18.626322656731816
200140.0,2.5,-1.0305926774882392,1.0305926774882392,001417_2014-06-19_16-25-36_260595134347_rgbf000115-resize,-4.833151314081087,4.833151314081087,4.6255,49.17091269608214
200140.0,2.5,-0.14262584711404147,0.14262584711404147,003081_2014-06-15_15-19-16_094959634447_rgbf000150-resize,-3.606302299575348,3.606302299575348,3.9125,16.632991649560594
200140.0,2.5,-1.1685420247247442,1.1685420247247442,001650_2014-06-20_12-09-00_260595134347_rgbf000087-resize,-3.6996983575983062,3.6996983575983062,1.9505,47.6804595860539
200140.0,2.5,-0.7029662767826781,0.7029662767826781,001244_2014-06-17_16-47-45_260595134347_rgbf000030-resize,-3.2778493430925675,3.2778493430925675,2.0425,6.7629638807870815
200140.0,2.5,-0.998011463494374,0.998011463494374,003495_2014-05-21_16-01-51_094959634447_rgbf000100-resize,-3.3746983575983065,3.3746983575983065,1.6255,12.747278812179
200140.0,2.5,-0.6300808975233007,0.6300808975233007,000556_2014-06-09_22-42-56_260595134347_rgbf000214-resize,-4.535302299575348,4.535302299575348,4.8415,23.88242025565649
200140.0,2.5,-0.721434968025273,0.721434968025273,000665_2014-06-09_20-42-35_260595134347_rgbf000110-resize,-3.7785003285868273,3.7785003285868273,3.057,18.49880761375764
200140.0,2.5,-0.1977203361269254,0.1977203361269254,002375_2014-06-28_20-13-44_260595134347_rgbf000032-resize,-3.711302299575348,3.711302299575348,4.0175,48.76103649676905
200140.0,2.5,-0.8798972126147158,0.8798972126147158,000788_2014-06-08_22-34-36_260595134347_rgbf000131-resize,-4.080500328586828,4.080500328586828,3.359,21.46386213810664
200140.0,2.5,-0.8922278839652209,0.8922278839652209,000780_2014-06-08_22-28-29_260595134347_rgbf000126-resize,-4.104000328586827,4.104000328586827,3.3825,14.165390776882042
200140.0,2.5,-0.07814122012240543,0.07814122012240543,000470_2014-06-09_19-42-40_260595134347_rgbf000094-resize,-2.5525003285868277,2.5525003285868277,1.831,22.486379427626872
200140.0,2.5,-0.8558152108992092,0.8558152108992092,000109_2014-05-14_23-41-52_260595134347_rgbf000035-resize,-3.1036983575983066,3.1036983575983066,1.3545,6.620498200896815
200140.0,2.5,-0.8306291587790311,0.8306291587790311,002509_2014-06-24_13-19-22_094959634447_rgbf000077-resize,-3.0556983575983065,3.0556983575983065,1.3065,40.21868783296904
200140.0,2.5,-0.005731320276899599,0.005731320276899599,003338_2014-05-20_11-01-23_094959634447_rgbf000051-resize,-2.4145003285868274,2.4145003285868274,1.693,28.251495663089063
200140.0,2.5,-0.06432387208427015,0.06432387208427015,002784_2014-06-22_19-26-30_094959634447_rgbf000083-resize,-2.5261669952535275,2.5261669952535275,1.8046666666667,3.0422522474895675
200140.0,2.5,-0.8065963870688273,0.8065963870688273,001100_2014-06-15_17-46-26_260595134347_rgbf000225-resize,-3.4753493430925677,3.4753493430925677,2.24,9.548860596737413
200140.0,2.5,-0.4980672485966484,0.4980672485966484,000469_2014-06-09_19-42-10_260595134347_rgbf000081-resize,-2.8873493430925667,2.8873493430925667,1.652,25.13136208408983
200140.0,2.5,-1.0323799304500358,1.0323799304500358,002964_2014-06-08_17-46-11_094959634447_rgbf000091-resize,-3.4401983575983066,3.4401983575983066,1.6909999999999998,28.953812917975768
200140.0,2.5,-0.757481424810075,0.757481424810075,002103_2014-06-25_20-00-40_260595134347_rgbf000049-resize,-4.312651314081088,4.312651314081088,4.105,11.598018874569219
200140.0,2.5,-0.10841587329633046,0.10841587329633046,000929_2014-06-09_16-33-19_260595134347_rgbf000139-resize,-3.0756513140810884,3.0756513140810884,2.8680000000000003,19.501338012209015
200140.0,2.5,-0.0043649151626453655,0.0043649151626453655,000457_2014-06-08_16-52-43_260595134347_rgbf000199-resize,-3.342802299575348,3.342802299575348,3.6489999999999996,14.067279821032837
200140.0,2.5,-0.17988021587513325,0.17988021587513325,003621_2014-05-23_18-06-08_094959634447_rgbf000101-resize,-3.677302299575348,3.677302299575348,3.9835,23.07176470133362
200140.0,2.5,-0.455773508787105,0.455773508787105,001584_2014-06-20_11-07-43_260595134347_rgbf000002-resize,-3.737651314081088,3.737651314081088,3.53,17.602834139105468
200140.0,2.5,-1.0297017517878555,1.0297017517878555,003490_2014-05-21_15-50-11_094959634447_rgbf000101-resize,-4.3660003285868285,4.3660003285868285,3.6445,19.999457360175192
200140.0,2.5,-0.4205851576991465,0.4205851576991465,002279_2014-06-28_18-55-32_260595134347_rgbf000040-resize,-2.7396826764258675,2.7396826764258675,1.5043333333333,15.963772282558683
200140.0,2.5,-0.6094095070324009,0.6094095070324009,002043_2014-06-24_20-29-38_260595134347_rgbf000039-resize,-3.5650003285868275,3.5650003285868275,2.8435,8.475049543704081
200140.0,2.5,-0.7042234187642764,0.7042234187642764,003048_2014-06-15_13-49-43_094959634447_rgbf000150-resize,-4.211151314081088,4.211151314081088,4.0035,24.355606534500392
200140.0,2.5,-0.9738748302125386,0.9738748302125386,002344_2014-06-28_20-06-29_260595134347_rgbf000030-resize,-3.3286983575983067,3.3286983575983067,1.5795,37.33165518125916
200140.0,2.5,-1.1110863433255909,1.1110863433255909,000549_2014-06-08_22-10-24_260595134347_rgbf000247-resize,-3.5901983575983065,3.5901983575983065,1.841,30.99307977870557
200140.0,2.5,-0.447902867499552,0.447902867499552,000736_2014-06-08_18-24-15_260595134347_rgbf000206-resize,-3.7226513140810877,3.7226513140810877,3.515,33.408170606136416
200140.0,2.5,-0.11549945045513473,0.11549945045513473,000642_2014-06-08_16-59-25_260595134347_rgbf000098-resize,-3.0891513140810876,3.0891513140810876,2.8815,31.36214301237791
200140.0,2.5,-0.1339681416977233,0.1339681416977233,002425_2014-06-28_20-27-29_260595134347_rgbf000031-resize,-3.589802299575348,3.589802299575348,3.8960000000000004,8.40495801096819
200140.0,2.5,-0.6785672887912562,0.6785672887912562,002199_2014-06-28_18-33-56_260595134347_rgbf000074-resize,-3.2313493430925675,3.2313493430925675,1.996,17.12852126070164
200140.0,2.5,-0.44507159726044265,0.44507159726044265,002953_2014-06-08_17-32-18_094959634447_rgbf000059-resize,-2.7863493430925668,2.7863493430925668,1.551,13.905027931093345
200140.0,2.5,-0.1822960398277249,0.1822960398277249,002905_2014-06-03_18-04-43_094959634447_rgbf000151-resize,-2.7510003285868274,2.7510003285868274,2.0295,12.020604335789361
200140.0,2.5,-0.07714103128937766,0.07714103128937766,002988_2014-06-15_12-24-20_094959634447_rgbf000150-resize,-3.9469532850696094,3.9469532850696094,4.7669999999999995,14.460306569198616
200140.0,2.5,-1.0219896036382612,1.0219896036382612,001214_2014-06-17_16-13-55_260595134347_rgbf000111-resize,-3.8858493430925667,3.8858493430925667,2.6505,18.479282579459067
200140.0,2.5,-0.2255299353429537,0.2255299353429537,000436_2014-06-09_22-25-11_260595134347_rgbf000137-resize,-3.764302299575348,3.764302299575348,4.0705,20.69156545677159
200140.0,2.5,-0.3926498853487171,0.3926498853487171,002444_2014-06-28_20-32-08_260595134347_rgbf000027-resize,-4.082802299575347,4.082802299575347,4.388999999999999,17.102760279009576
200140.0,2.5,-1.0866327237678397,1.0866327237678397,001132_2014-06-17_14-48-54_260595134347_rgbf000100-resize,-4.474500328586828,4.474500328586828,3.753,14.398279213278778
200140.0,2.5,-0.6608310301110971,0.6608310301110971,003070_2014-06-15_14-58-27_094959634447_rgbf000150-resize,-3.6630003285868273,3.6630003285868273,2.9415,10.664823740812926
200140.0,2.5,-0.6683354551174305,0.6683354551174305,000943_2014-06-09_19-31-07_260595134347_rgbf000128-resize,-3.2118493430925668,3.2118493430925668,1.9765,15.893099149291922
200140.0,2.5,-0.06344935638563542,0.06344935638563542,000709_2014-06-08_13-51-55_260595134347_rgbf000068-resize,-2.524500328586828,2.524500328586828,1.8030000000000002,14.429351101546246
200140.0,2.5,-0.2133577571304028,0.2133577571304028,000854_2014-06-09_19-43-13_260595134347_rgbf000066-resize,-3.2756513140810877,3.2756513140810877,3.068,11.910827625938722
200140.0,2.5,-0.3525642463485064,0.3525642463485064,001164_2014-06-17_15-35-46_260595134347_rgbf000085-resize,-3.0755003285868283,3.0755003285868283,2.354,17.325668807481115
200140.0,2.5,-0.4317953686432292,0.4317953686432292,002153_2014-06-25_21-27-18_260595134347_rgbf000038-resize,-3.226500328586828,3.226500328586828,2.505,17.28886317575377
200140.0,2.5,-0.4578723464637912,0.4578723464637912,000739_2014-06-08_18-45-58_260595134347_rgbf000068-resize,-3.741651314081088,3.741651314081088,3.534,8.164356963721069
200140.0,2.5,-1.3894446901954698,1.3894446901954698,000522_2014-06-08_13-35-06_260595134347_rgbf000244-resize,-4.1206983575983065,4.1206983575983065,2.3715,25.742609854068213
200140.0,2.5,-0.6237351544879549,0.6237351544879549,002949_2014-06-26_15-57-42_094959634447_rgbf000079-resize,-3.1268493430925672,3.1268493430925672,1.8915,17.99500168321199
200140.0,2.5,-0.3794829198641476,0.3794829198641476,003534_2014-05-22_15-06-10_094959634447_rgbf000102-resize,-2.661349343092567,2.661349343092567,1.426,12.376994007247625
200140.0,2.5,-0.6783049340816696,0.6783049340816696,002637_2014-06-24_14-51-13_094959634447_rgbf000066-resize,-3.2308493430925678,3.2308493430925678,1.9955,10.972027795242447
200140.0,2.5,-0.18523117163846134,0.18523117163846134,000773_2014-06-08_22-24-54_260595134347_rgbf000093-resize,-4.152953285069609,4.152953285069609,4.973,21.45352631724976
200140.0,2.5,-0.3790074404502911,0.3790074404502911,002414_2014-06-28_20-24-58_260595134347_rgbf000067-resize,-4.056802299575349,4.056802299575349,4.363,31.720662178139435
200140.0,2.5,-0.4303251019573461,0.4303251019573461,003292_2014-05-14_21-53-49_094959634447_rgbf000100-resize,-3.6891513140810877,3.6891513140810877,3.4815,33.084282711345374
200140.0,2.5,-0.4335772200439979,0.4335772200439979,001570_2014-06-20_17-21-09_260595134347_rgbf000135-resize,-4.160802299575348,4.160802299575348,4.467,22.179510675592084
200140.0,2.5,-0.7732227073851781,0.7732227073851781,001392_2014-06-19_16-07-59_260595134347_rgbf000046-resize,-4.342651314081087,4.342651314081087,4.135,18.95235574822112
200140.0,2.5,-0.2608166437821554,0.2608166437821554,001447_2014-06-19_17-00-32_260595134347_rgbf000082-resize,-3.831552299575348,3.831552299575348,4.13775,46.830399423560245
200140.0,2.5,-0.824644230463873,0.824644230463873,001066_2014-06-08_22-03-20_260595134347_rgbf000066-resize,-4.440651314081088,4.440651314081088,4.2330000000000005,19.743449467077777
200140.0,2.5,-0.5201542742071049,0.5201542742071049,000742_2014-06-08_18-48-09_260595134347_rgbf000164-resize,-4.325802299575348,4.325802299575348,4.632,18.91549953899407
200140.0,2.5,-0.4580308396017518,0.4580308396017518,002758_2014-06-22_19-11-20_094959634447_rgbf000128-resize,-3.2765003285868275,3.2765003285868275,2.555,7.204478276142114
200140.0,2.5,-0.9068158861303626,0.9068158861303626,000502_2014-06-08_23-02-32_260595134347_rgbf000063-resize,-3.6663493430925667,3.6663493430925667,2.431,13.897287578908273
200140.0,2.5,-0.5501173426661503,0.5501173426661503,001806_2014-06-26_20-50-20_260595134347_rgbf000091-resize,-3.452000328586828,3.452000328586828,2.7305,13.909869710567438
200140.0,2.5,-0.7330824368186439,0.7330824368186439,000506_2014-06-08_23-21-00_260595134347_rgbf000070-resize,-4.266151314081088,4.266151314081088,4.0585,16.716212007621664
200140.0,2.5,-0.9286951885975632,0.9286951885975632,001449_2014-06-19_17-01-27_260595134347_rgbf000116-resize,-4.173500328586828,4.173500328586828,3.452,8.994872108877228
200140.0,2.5,-0.5642844969837442,0.5642844969837442,002600_2014-06-24_14-27-04_094959634447_rgbf000074-resize,-3.4790003285868267,3.4790003285868267,2.7575,44.47386082434929
200140.0,2.5,-0.6638754250544858,0.6638754250544858,003228_2014-05-14_13-42-35_094959634447_rgbf000101-resize,-3.2033493430925666,3.2033493430925666,1.9680000000000002,14.40337638638131
200140.0,2.5,-0.2628389356703724,0.2628389356703724,002678_2014-06-13_16-15-32_094959634447_rgbf000151-resize,-2.904500328586828,2.904500328586828,2.1830000000000003,32.96558503300821
200140.0,2.5,-0.196725548854908,0.196725548854908,002209_2014-06-28_18-36-10_260595134347_rgbf000051-resize,-2.7785003285868277,2.7785003285868277,2.057,12.962068825921264
200140.0,2.5,-0.2532356729873548,0.2532356729873548,002805_2014-06-22_19-54-03_094959634447_rgbf000079-resize,-3.3516513140810877,3.3516513140810877,3.1439999999999997,7.377848172936663
200140.0,2.5,-1.2356501988122248,1.2356501988122248,002570_2014-06-24_13-59-54_094959634447_rgbf000059-resize,-4.758500328586828,4.758500328586828,4.037,41.596140375002705
200140.0,2.5,-0.06402329581010924,0.06402329581010924,002467_2014-06-28_20-38-07_260595134347_rgbf000026-resize,-3.9219532850696086,3.9219532850696086,4.742,15.331046216195933
200140.0,2.5,-0.29930624030271336,0.29930624030271336,001810_2014-06-26_20-51-35_260595134347_rgbf000040-resize,-2.9740003285868277,2.9740003285868277,2.2525,22.411391411207674
200140.0,2.5,-0.23985558279850602,0.23985558279850602,003010_2014-06-15_12-54-35_094959634447_rgbf000112-resize,-3.3261513140810877,3.3261513140810877,3.1185,6.696951333567531
200140.0,2.5,-0.06795861645389523,0.06795861645389523,002663_2014-06-13_15-50-26_094959634447_rgbf000075-resize,-3.929453285069609,3.929453285069609,4.7495,16.725954086732166
200140.0,2.5,-0.5625518755882817,0.5625518755882817,000409_2014-06-04_19-23-33_260595134347_rgbf000067-resize,-3.941151314081088,3.941151314081088,3.7335,12.696549983566419
200140.0,2.5,-1.044552108662578,1.044552108662578,001092_2014-06-15_17-34-58_260595134347_rgbf000171-resize,-3.9288493430925673,3.9288493430925673,2.6935,9.164038324933468
200140.0,2.5,-0.12510271313815546,0.12510271313815546,002545_2014-06-24_13-38-53_094959634447_rgbf000080-resize,-2.6420003285868274,2.6420003285868274,1.9205,12.083824048628237
200140.0,2.5,-0.602222068301971,0.602222068301971,001167_2014-06-17_15-38-07_260595134347_rgbf000108-resize,-3.0858493430925678,3.0858493430925678,1.8505,12.019050657019696
200140.0,2.5,-0.8571269844471341,0.8571269844471341,003587_2014-05-23_16-48-02_094959634447_rgbf002384-resize,-3.1061983575983065,3.1061983575983065,1.357,20.788172722830538
122388.0,2.5,-0.4360683227528375,0.4360683227528375,001808_2014-06-26_20-50-58_260595134347_rgbf000029-resize,-4.059680055663316,4.059680055663316,4.249,20.030651550568866
122388.0,2.5,-0.32188545017055864,0.32188545017055864,001029_2014-06-08_13-17-57_260595134347_rgbf000065-resize,-3.3915460111241,3.3915460111241,3.0835,18.209734661918688
122388.0,2.5,-0.5698106507285516,0.5698106507285516,000677_2014-06-08_23-10-32_260595134347_rgbf000158-resize,-3.8640460111241,3.8640460111241,3.556,19.65196273325612
122388.0,2.5,-0.11666549336222433,0.11666549336222433,001516_2014-06-20_16-25-09_260595134347_rgbf000076-resize,-2.5499119665848835,2.5499119665848835,1.7445,3.8622659094666254
122388.0,2.5,-0.6306183694395926,0.6306183694395926,000682_2014-06-08_23-14-58_260595134347_rgbf000041-resize,-3.529411966584884,3.529411966584884,2.7239999999999998,8.707843071693064
122388.0,2.5,-1.2194875446328886,1.2194875446328886,001650_2014-06-20_12-09-00_260595134347_rgbf000087-resize,-3.7506438775064512,3.7506438775064512,1.9505,47.6804595860539
122388.0,2.5,-0.7703948557357783,0.7703948557357783,001244_2014-06-17_16-47-45_260595134347_rgbf000030-resize,-3.345277922045668,3.345277922045668,2.0425,6.7629638807870815
122388.0,2.5,-0.5515910279417346,0.5515910279417346,003495_2014-05-21_16-01-51_094959634447_rgbf000100-resize,-2.9282779220456674,2.9282779220456674,1.6255,12.747278812179
122388.0,2.5,-0.24959269815048424,0.24959269815048424,000556_2014-06-09_22-42-56_260595134347_rgbf000214-resize,-4.154814100202532,4.154814100202532,4.8415,23.88242025565649
122388.0,2.5,-0.32246873350245503,0.32246873350245503,001150_2014-06-17_15-27-34_260595134347_rgbf000108-resize,-3.843180055663316,3.843180055663316,4.0325,11.088139074292139
122388.0,2.5,-0.8053466060233291,0.8053466060233291,000665_2014-06-09_20-42-35_260595134347_rgbf000110-resize,-3.862411966584884,3.862411966584884,3.057,18.49880761375764
122388.0,2.5,-0.3145980922148933,0.3145980922148933,002375_2014-06-28_20-13-44_260595134347_rgbf000032-resize,-3.8281800556633163,3.8281800556633163,4.0175,48.76103649676905
122388.0,2.5,-0.7833088104181665,0.7833088104181665,002568_2014-06-24_13-59-21_094959634447_rgbf000062-resize,-3.820411966584884,3.820411966584884,3.015,29.63840999388049
122388.0,2.5,-0.12727682957107472,0.12727682957107472,001235_2014-06-17_16-37-36_260595134347_rgbf000084-resize,-3.471180055663316,3.471180055663316,3.6605,14.547706659434104
122388.0,2.5,-0.16205285812046144,0.16205285812046144,000470_2014-06-09_19-42-40_260595134347_rgbf000094-resize,-2.6364119665848835,2.6364119665848835,1.831,22.486379427626872
122388.0,2.5,-0.4093947753465699,0.4093947753465699,000109_2014-05-14_23-41-52_260595134347_rgbf000035-resize,-2.6572779220456675,2.6572779220456675,1.3545,6.620498200896815
122388.0,2.5,-0.5870089137357395,0.5870089137357395,003338_2014-05-20_11-01-23_094959634447_rgbf000051-resize,-2.995777922045668,2.995777922045668,1.693,28.251495663089063
122388.0,2.5,-0.14823551008232616,0.14823551008232616,002784_2014-06-22_19-26-30_094959634447_rgbf000083-resize,-2.6100786332515837,2.6100786332515837,1.8046666666667,3.0422522474895675
122388.0,2.5,-0.8740249660219275,0.8740249660219275,001100_2014-06-15_17-46-26_260595134347_rgbf000225-resize,-3.5427779220456674,3.5427779220456674,2.24,9.548860596737413
122388.0,2.5,-0.5654958275497486,0.5654958275497486,000469_2014-06-09_19-42-10_260595134347_rgbf000081-resize,-2.954777922045668,2.954777922045668,1.652,25.13136208408983
122388.0,2.5,-0.4002123605110864,0.4002123605110864,000483_2014-06-09_20-41-45_260595134347_rgbf000116-resize,-2.6397779220456674,2.6397779220456674,1.337,29.232414989368262
122388.0,2.5,-0.08859353943661286,0.08859353943661286,002964_2014-06-08_17-46-11_094959634447_rgbf000091-resize,-2.4964119665848834,2.4964119665848834,1.6909999999999998,28.953812917975768
122388.0,2.5,-0.22816624493592585,0.22816624493592585,002136_2014-06-25_21-18-03_260595134347_rgbf000109-resize,-2.7624119665848834,2.7624119665848834,1.9569999999999999,13.297078442475444
122388.0,2.5,-0.20881057033934172,0.20881057033934172,000929_2014-06-09_16-33-19_260595134347_rgbf000139-resize,-3.1760460111241002,3.1760460111241002,2.8680000000000003,19.501338012209015
122388.0,2.5,-0.12124267125061322,0.12124267125061322,000457_2014-06-08_16-52-43_260595134347_rgbf000199-resize,-3.4596800556633163,3.4596800556633163,3.6489999999999996,14.067279821032837
122388.0,2.5,-0.5561682058301163,0.5561682058301163,001584_2014-06-20_11-07-43_260595134347_rgbf000002-resize,-3.8380460111240993,3.8380460111240993,3.53,17.602834139105468
122388.0,2.5,-0.9853796921130304,0.9853796921130304,002279_2014-06-28_18-55-32_260595134347_rgbf000040-resize,-3.3044772108397518,3.3044772108397518,1.5043333333333,15.963772282558683
122388.0,2.5,-0.2895572469788643,0.2895572469788643,000635_2014-06-08_16-38-42_260595134347_rgbf000106-resize,-2.8794119665848834,2.8794119665848834,2.074,10.796976226722654
122388.0,2.5,-1.024820350120683,1.024820350120683,002344_2014-06-28_20-06-29_260595134347_rgbf000030-resize,-3.3796438775064512,3.3796438775064512,1.5795,37.33165518125916
122388.0,2.5,-0.4758290907843359,0.4758290907843359,001055_2014-06-08_18-45-35_260595134347_rgbf000111-resize,-3.234411966584884,3.234411966584884,2.4290000000000003,8.406298609581565
122388.0,2.5,-1.1620318632337354,1.1620318632337354,000549_2014-06-08_22-10-24_260595134347_rgbf000247-resize,-3.641143877506451,3.641143877506451,1.841,30.99307977870557
122388.0,2.5,-0.5482975645425632,0.5482975645425632,000736_2014-06-08_18-24-15_260595134347_rgbf000206-resize,-3.8230460111241,3.8230460111241,3.515,33.408170606136416
122388.0,2.5,-0.21589414749814603,0.21589414749814603,000642_2014-06-08_16-59-25_260595134347_rgbf000098-resize,-3.1895460111240994,3.1895460111240994,2.8815,31.36214301237791
122388.0,2.5,-1.24336182320514,1.24336182320514,002199_2014-06-28_18-33-56_260595134347_rgbf000074-resize,-3.7961438775064513,3.7961438775064513,1.996,17.12852126070164
122388.0,2.5,-0.1642688436225806,0.1642688436225806,002323_2014-06-28_20-01-54_260595134347_rgbf000051-resize,-3.541680055663316,3.541680055663316,3.7310000000000003,18.09172628388976
122388.0,2.5,-0.01513422075275894,0.01513422075275894,002953_2014-06-08_17-32-18_094959634447_rgbf000059-resize,-2.356411966584884,2.356411966584884,1.551,13.905027931093345
122388.0,2.5,-0.2662076778257809,0.2662076778257809,002905_2014-06-03_18-04-43_094959634447_rgbf000151-resize,-2.834911966584884,2.834911966584884,2.0295,12.020604335789361
122388.0,2.5,-0.4131848891061972,0.4131848891061972,003423_2014-05-21_10-23-26_094959634447_rgbf002665-resize,-3.5655460111240997,3.5655460111240997,3.2575,35.43119222475438
122388.0,2.5,-0.2962918364566546,0.2962918364566546,003129_2014-05-12_10-48-10_094959634447_rgbf000100-resize,-4.243814100202532,4.243814100202532,4.9305,17.9074543760639
122388.0,2.5,-0.3602478116827102,0.3602478116827102,001052_2014-06-08_18-24-54_260595134347_rgbf000130-resize,-3.915180055663316,3.915180055663316,4.1045,25.87613690895519
122388.0,2.5,-0.4786564186770593,0.4786564186770593,000810_2014-06-08_17-20-01_260595134347_rgbf000105-resize,-2.789277922045668,2.789277922045668,1.4865,3.0958890116960642
122388.0,2.5,-0.0946862716697932,0.0946862716697932,001214_2014-06-17_16-13-55_260595134347_rgbf000111-resize,-2.9585460111240995,2.9585460111240995,2.6505,18.479282579459067
122388.0,2.5,-0.7931611415569708,0.7931611415569708,002272_2014-06-28_18-53-56_260595134347_rgbf000067-resize,-2.9381438775064512,2.9381438775064512,1.138,10.409245808146235
122388.0,2.5,-0.6746353867371909,0.6746353867371909,001571_2014-06-20_17-21-32_260595134347_rgbf000089-resize,-3.1627779220456675,3.1627779220456675,1.86,4.991960350191473
122388.0,2.5,-0.012161685975900728,0.012161685975900728,002444_2014-06-28_20-32-08_260595134347_rgbf000027-resize,-3.70231410020253,3.70231410020253,4.388999999999999,17.102760279009576
122388.0,2.5,-0.6731784063051112,0.6731784063051112,001132_2014-06-17_14-48-54_260595134347_rgbf000100-resize,-4.061046011124099,4.061046011124099,3.753,14.398279213278778
122388.0,2.5,-0.2473767126483689,0.2473767126483689,003070_2014-06-15_14-58-27_094959634447_rgbf000150-resize,-3.2495460111240995,3.2495460111240995,2.9415,10.664823740812926
122388.0,2.5,-0.2383980786097468,0.2383980786097468,000943_2014-06-09_19-31-07_260595134347_rgbf000128-resize,-2.7819119665848837,2.7819119665848837,1.9765,15.893099149291922
122388.0,2.5,-0.8111184096341983,0.8111184096341983,000854_2014-06-09_19-43-13_260595134347_rgbf000066-resize,-3.873411966584884,3.873411966584884,3.068,11.910827625938722
122388.0,2.5,-0.4364758843465624,0.4364758843465624,001164_2014-06-17_15-35-46_260595134347_rgbf000085-resize,-3.159411966584884,3.159411966584884,2.354,17.325668807481115
122388.0,2.5,-0.18015533308183904,0.18015533308183904,001136_2014-06-17_15-19-41_260595134347_rgbf000076-resize,-2.6709119665848835,2.6709119665848835,1.8655,18.667799879387072
122388.0,2.5,-0.5157070066412852,0.5157070066412852,002153_2014-06-25_21-27-18_260595134347_rgbf000038-resize,-3.3104119665848835,3.3104119665848835,2.505,17.28886317575377
122388.0,2.5,-0.08293888365118157,0.08293888365118157,002660_2014-06-13_15-44-18_094959634447_rgbf001878-resize,-3.3866800556633163,3.3866800556633163,3.576,15.11997681444361
122388.0,2.5,-0.3568372004581058,0.3568372004581058,000734_2014-06-08_17-39-11_260595134347_rgbf000128-resize,-3.908680055663316,3.908680055663316,4.098,16.052231618370055
122388.0,2.5,-0.9430242546428308,0.9430242546428308,000522_2014-06-08_13-35-06_260595134347_rgbf000244-resize,-3.6742779220456674,3.6742779220456674,2.3715,25.742609854068213
122388.0,2.5,-0.6911637334410551,0.6911637334410551,002949_2014-06-26_15-57-42_094959634447_rgbf000079-resize,-3.1942779220456674,3.1942779220456674,1.8915,17.99500168321199
122388.0,2.5,-0.3911470935010491,0.3911470935010491,000866_2014-06-09_20-45-42_260595134347_rgbf000139-resize,-3.5235460111240995,3.5235460111240995,3.2155,8.082259189449621
122388.0,2.5,-0.5555263485855171,0.5555263485855171,001555_2014-06-20_17-12-10_260595134347_rgbf000065-resize,-2.9357779220456672,2.9357779220456672,1.633,7.608284543781994
122388.0,2.5,-0.9442774542780314,0.9442774542780314,003534_2014-05-22_15-06-10_094959634447_rgbf000102-resize,-3.226143877506451,3.226143877506451,1.426,12.376994007247625
122388.0,2.5,-0.7457335130347698,0.7457335130347698,002637_2014-06-24_14-51-13_094959634447_rgbf000066-resize,-3.2982779220456675,3.2982779220456675,1.9955,10.972027795242447
122388.0,2.5,-0.07049106447523246,0.07049106447523246,001016_2014-06-09_16-16-10_260595134347_rgbf000112-resize,-2.4619119665848843,2.4619119665848843,1.6565,7.049977084494088
122388.0,2.5,-0.0018127044766365614,0.0018127044766365614,002340_2014-06-28_20-05-46_260595134347_rgbf000113-resize,-2.7815460111240995,2.7815460111240995,2.4735,7.91768620575396
122388.0,2.5,-0.4210555303937509,0.4210555303937509,001032_2014-06-08_13-23-17_260595134347_rgbf000021-resize,-3.5805460111240994,3.5805460111240994,3.2725,15.984983178828962
122388.0,2.5,-0.5504549761319657,0.5504549761319657,001570_2014-06-20_17-21-09_260595134347_rgbf000135-resize,-4.277680055663316,4.277680055663316,4.467,22.179510675592084
122388.0,2.5,-0.3776943998701233,0.3776943998701233,001447_2014-06-19_17-00-32_260595134347_rgbf000082-resize,-3.9484300556633154,3.9484300556633154,4.13775,46.830399423560245
122388.0,2.5,-0.1396660748342885,0.1396660748342885,000742_2014-06-08_18-48-09_260595134347_rgbf000164-resize,-3.9453141002025314,3.9453141002025314,4.632,18.91549953899407
122388.0,2.5,-0.044576522139023585,0.044576522139023585,002758_2014-06-22_19-11-20_094959634447_rgbf000128-resize,-2.8630460111241,2.8630460111241,2.555,7.204478276142114
122388.0,2.5,-0.4731469697757678,0.4731469697757678,002549_2014-06-24_13-41-39_094959634447_rgbf000022-resize,-2.778777922045667,2.778777922045667,1.476,4.1736441355391865
122388.0,2.5,-0.43647588434656215,0.43647588434656215,002750_2014-06-22_19-08-03_094959634447_rgbf000094-resize,-3.159411966584884,3.159411966584884,2.354,8.789636111124727
122388.0,2.5,-0.4768785096226789,0.4768785096226789,000502_2014-06-08_23-02-32_260595134347_rgbf000063-resize,-3.236411966584884,3.236411966584884,2.431,13.897287578908273
122388.0,2.5,-0.6340289806642063,0.6340289806642063,001806_2014-06-26_20-50-20_260595134347_rgbf000091-resize,-3.535911966584884,3.535911966584884,2.7305,13.909869710567438
122388.0,2.5,-0.017874915674051473,0.017874915674051473,001449_2014-06-19_17-01-27_260595134347_rgbf000116-resize,-3.262680055663316,3.262680055663316,3.452,8.994872108877228
122388.0,2.5,-0.1508301795210159,0.1508301795210159,002600_2014-06-24_14-27-04_094959634447_rgbf000074-resize,-3.0655460111240997,3.0655460111240997,2.7575,44.47386082434929
122388.0,2.5,-0.2339380485468021,0.2339380485468021,003228_2014-05-14_13-42-35_094959634447_rgbf000101-resize,-2.7734119665848835,2.7734119665848835,1.9680000000000002,14.40337638638131
122388.0,2.5,-0.5057375276770468,0.5057375276770468,000368_2014-06-09_15-53-01_260595134347_rgbf000155-resize,-3.291411966584884,3.291411966584884,2.4859999999999998,21.090700959072958
122388.0,2.5,-0.08478939614762837,0.08478939614762837,002763_2014-06-22_19-13-10_094959634447_rgbf000075-resize,-2.4891619665848834,2.4891619665848834,1.68375,5.5919783591245595
122388.0,2.5,-0.28063718685296396,0.28063718685296396,002209_2014-06-28_18-36-10_260595134347_rgbf000051-resize,-2.8624119665848835,2.8624119665848835,2.057,12.962068825921264
122388.0,2.5,-0.2414597021533517,0.2414597021533517,001828_2014-06-26_21-40-03_260595134347_rgbf000024-resize,-4.139314100202532,4.139314100202532,4.8260000000000005,35.55232951340613
122388.0,2.5,-0.8221958813494965,0.8221958813494965,002570_2014-06-24_13-59-54_094959634447_rgbf000059-resize,-4.345046011124099,4.345046011124099,4.037,41.596140375002705
122388.0,2.5,-0.16558061717050948,0.16558061717050948,000409_2014-06-04_19-23-33_260595134347_rgbf000067-resize,-3.544180055663316,3.544180055663316,3.7335,12.696549983566419
122388.0,2.5,-0.4989163052278396,0.4989163052278396,001011_2014-06-08_23-18-54_260595134347_rgbf000044-resize,-3.278411966584884,3.278411966584884,2.4730000000000003,11.624075606213012
122388.0,2.5,-0.11724877669411,0.11724877669411,001092_2014-06-15_17-34-58_260595134347_rgbf000171-resize,-3.0015460111240992,3.0015460111240992,2.6935,9.164038324933468
122388.0,2.5,-0.6696506472550712,0.6696506472550712,001167_2014-06-17_15-38-07_260595134347_rgbf000108-resize,-3.1532779220456675,3.1532779220456675,1.8505,12.019050657019696
258888.0,2.5,-0.5249706288480833,0.5249706288480833,000677_2014-06-08_23-10-32_260595134347_rgbf000158-resize,-3.819205989243631,3.819205989243631,3.556,19.65196273325612
258888.0,2.5,-0.19148339244456425,0.19148339244456425,001516_2014-06-20_16-25-09_260595134347_rgbf000076-resize,-2.6247298656672235,2.6247298656672235,1.7445,3.8622659094666254
258888.0,2.5,-1.086147352650782,1.086147352650782,001417_2014-06-19_16-25-36_260595134347_rgbf000115-resize,-4.888705989243631,4.888705989243631,4.6255,49.17091269608214
258888.0,2.5,-0.7120295367823244,0.7120295367823244,003081_2014-06-15_15-19-16_094959634447_rgbf000150-resize,-4.175705989243632,4.175705989243632,3.9125,16.632991649560594
258888.0,2.5,-0.08841239209833995,0.08841239209833995,000682_2014-06-08_23-14-58_260595134347_rgbf000041-resize,-2.987205989243632,2.987205989243632,2.7239999999999998,8.707843071693064
258888.0,2.5,-0.2995735327936609,0.2995735327936609,001650_2014-06-20_12-09-00_260595134347_rgbf000087-resize,-2.8307298656672235,2.8307298656672235,1.9505,47.6804595860539
258888.0,2.5,-0.1290429715632907,0.1290429715632907,003495_2014-05-21_16-01-51_094959634447_rgbf000100-resize,-2.5057298656672238,2.5057298656672238,1.6255,12.747278812179
258888.0,2.5,-1.036824667248778,1.036824667248778,001158_2014-06-17_15-32-16_260595134347_rgbf000138-resize,-4.794705989243632,4.794705989243632,4.5315,26.954451973303737
258888.0,2.5,-1.8165084636151765,1.8165084636151765,000556_2014-06-09_22-42-56_260595134347_rgbf000214-resize,-5.721729865667223,5.721729865667223,4.8415,23.88242025565649
258888.0,2.5,-0.2631406286820763,0.2631406286820763,000665_2014-06-09_20-42-35_260595134347_rgbf000110-resize,-3.32020598924363,3.32020598924363,3.057,18.49880761375764
258888.0,2.5,-1.4890897860528636,1.4890897860528636,001094_2014-06-15_17-36-00_260595134347_rgbf000205-resize,-5.0977298656672225,5.0977298656672225,4.2175,17.196771274488466
258888.0,2.5,-0.43393354462202427,0.43393354462202427,000780_2014-06-08_22-28-29_260595134347_rgbf000126-resize,-3.645705989243631,3.645705989243631,3.3825,14.165390776882042
258888.0,2.5,-0.2230534091646661,0.2230534091646661,002784_2014-06-22_19-26-30_094959634447_rgbf000083-resize,-2.684896532333924,2.684896532333924,1.8046666666667,3.0422522474895675
258888.0,2.5,-0.4514769096434835,0.4514769096434835,001100_2014-06-15_17-46-26_260595134347_rgbf000225-resize,-3.120229865667224,3.120229865667224,2.24,9.548860596737413
258888.0,2.5,-0.759971647594897,0.759971647594897,000469_2014-06-09_19-42-10_260595134347_rgbf000081-resize,-3.149253742090816,3.149253742090816,1.652,25.13136208408983
258888.0,2.5,-0.1634114385189528,0.1634114385189528,002964_2014-06-08_17-46-11_094959634447_rgbf000091-resize,-2.5712298656672234,2.5712298656672234,1.6909999999999998,28.953812917975768
258888.0,2.5,-0.3029841440182658,0.3029841440182658,002136_2014-06-25_21-18-03_260595134347_rgbf000109-resize,-2.8372298656672235,2.8372298656672235,1.9569999999999999,13.297078442475444
258888.0,2.5,-0.3549991775576444,0.3549991775576444,002039_2014-06-24_20-22-38_260595134347_rgbf000084-resize,-4.054182112820039,4.054182112820039,4.408,15.524303639345458
258888.0,2.5,-1.455246028516389,1.455246028516389,000691_2014-06-08_13-08-50_260595134347_rgbf000132-resize,-5.033229865667224,5.033229865667224,4.1530000000000005,14.740846212587924
258888.0,2.5,-0.780994424882466,0.780994424882466,000929_2014-06-09_16-33-19_260595134347_rgbf000139-resize,-3.748229865667224,3.748229865667224,2.8680000000000003,19.501338012209015
258888.0,2.5,-1.1907924812545208,1.1907924812545208,000457_2014-06-08_16-52-43_260595134347_rgbf000199-resize,-4.529229865667222,4.529229865667222,3.6489999999999996,14.067279821032837
258888.0,2.5,-1.1283520603732409,1.1283520603732409,001584_2014-06-20_11-07-43_260595134347_rgbf000002-resize,-4.4102298656672225,4.4102298656672225,3.53,17.602834139105468
258888.0,2.5,-0.06546568027380273,0.06546568027380273,002279_2014-06-28_18-55-32_260595134347_rgbf000040-resize,-2.384563199000524,2.384563199000524,1.5043333333333,15.963772282558683
258888.0,2.5,-0.1511151676892044,0.1511151676892044,002043_2014-06-24_20-29-38_260595134347_rgbf000039-resize,-3.1067059892436313,3.1067059892436313,2.8435,8.475049543704081
258888.0,2.5,-0.14275421750322698,0.14275421750322698,003048_2014-06-15_13-49-43_094959634447_rgbf000150-resize,-3.6496821128200394,3.6496821128200394,4.0035,24.355606534500392
258888.0,2.5,-0.7219302147050477,0.7219302147050477,002344_2014-06-28_20-06-29_260595134347_rgbf000030-resize,-3.0767537420908155,3.0767537420908155,1.5795,37.33165518125916
258888.0,2.5,-0.8591417278181002,0.8591417278181002,000549_2014-06-08_22-10-24_260595134347_rgbf000247-resize,-3.3382537420908167,3.3382537420908167,1.841,30.99307977870557
258888.0,2.5,-1.120481419085687,1.120481419085687,000736_2014-06-08_18-24-15_260595134347_rgbf000206-resize,-4.395229865667224,4.395229865667224,3.515,33.408170606136416
258888.0,2.5,-0.6456537952572654,0.6456537952572654,000137_2014-05-20_17-04-49_260595134347_rgbf000120-resize,-4.049205989243632,4.049205989243632,3.786,14.89611111351161
258888.0,2.5,-0.7880780020412702,0.7880780020412702,000642_2014-06-08_16-59-25_260595134347_rgbf000098-resize,-3.761729865667224,3.761729865667224,2.8815,31.36214301237791
258888.0,2.5,-0.08634795494241393,0.08634795494241393,002425_2014-06-28_20-27-29_260595134347_rgbf000031-resize,-3.5421821128200386,3.5421821128200386,3.8960000000000004,8.40495801096819
258888.0,2.5,-0.05614276281936936,0.05614276281936936,001056_2014-06-08_18-46-44_260595134347_rgbf000068-resize,-2.9257059892436312,2.9257059892436312,2.6625,11.38594592369452
258888.0,2.5,-0.3234478113659124,0.3234478113659124,002199_2014-06-28_18-33-56_260595134347_rgbf000074-resize,-2.876229865667224,2.876229865667224,1.996,17.12852126070164
258888.0,2.5,-0.6167947772028957,0.6167947772028957,002323_2014-06-28_20-01-54_260595134347_rgbf000051-resize,-3.9942059892436315,3.9942059892436315,3.7310000000000003,18.09172628388976
258888.0,2.5,-0.34102557690812085,0.34102557690812085,002905_2014-06-03_18-04-43_094959634447_rgbf000151-resize,-2.909729865667224,2.909729865667224,2.0295,12.020604335789361
258888.0,2.5,-1.6023926200729135,1.6023926200729135,003423_2014-05-21_10-23-26_094959634447_rgbf002665-resize,-4.754753742090816,4.754753742090816,3.2575,35.43119222475438
258888.0,2.5,-2.480231478344938,2.480231478344938,003129_2014-05-12_10-48-10_094959634447_rgbf000100-resize,-6.427753742090816,6.427753742090816,4.9305,17.9074543760639
258888.0,2.5,-0.6731322387222077,0.6731322387222077,000810_2014-06-08_17-20-01_260595134347_rgbf000105-resize,-2.983753742090816,2.983753742090816,1.4865,3.0958890116960642
258888.0,2.5,-0.04984624978932484,0.04984624978932484,001214_2014-06-17_16-13-55_260595134347_rgbf000111-resize,-2.9137059892436312,2.9137059892436312,2.6505,18.479282579459067
258888.0,2.5,-0.4927354000898542,0.4927354000898542,002748_2014-06-22_19-07-22_094959634447_rgbf000078-resize,-4.316682112820038,4.316682112820038,4.6705,35.71435075733748
258888.0,2.5,-0.962053575017,0.962053575017,002444_2014-06-28_20-32-08_260595134347_rgbf000027-resize,-4.6522059892436305,4.6522059892436305,4.388999999999999,17.102760279009576
258888.0,2.5,-1.4859415295378495,1.4859415295378495,001133_2014-06-17_14-49-16_260595134347_rgbf000100-resize,-5.091729865667222,5.091729865667222,4.2115,26.759918254713728
258888.0,2.5,-0.01131450800105055,0.01131450800105055,001132_2014-06-17_14-48-54_260595134347_rgbf000100-resize,-3.399182112820039,3.399182112820039,3.753,14.398279213278778
258888.0,2.5,-0.3132159776920868,0.3132159776920868,000943_2014-06-09_19-31-07_260595134347_rgbf000128-resize,-2.8567298656672238,2.8567298656672238,1.9765,15.893099149291922
258888.0,2.5,-0.8859363087165383,0.8859363087165383,000854_2014-06-09_19-43-13_260595134347_rgbf000066-resize,-3.948229865667224,3.948229865667224,3.068,11.910827625938722
258888.0,2.5,-0.5354648172314966,0.5354648172314966,002660_2014-06-13_15-44-18_094959634447_rgbf001878-resize,-3.839205989243631,3.839205989243631,3.576,15.11997681444361
258888.0,2.5,-0.8093631340384209,0.8093631340384209,000734_2014-06-08_17-39-11_260595134347_rgbf000128-resize,-4.361205989243631,4.361205989243631,4.098,16.052231618370055
258888.0,2.5,-1.137500074687979,1.137500074687979,000522_2014-06-08_13-35-06_260595134347_rgbf000244-resize,-3.868753742090816,3.868753742090816,2.3715,25.742609854068213
258888.0,2.5,-0.26861567706261114,0.26861567706261114,002949_2014-06-26_15-57-42_094959634447_rgbf000079-resize,-2.771729865667224,2.771729865667224,1.8915,17.99500168321199
258888.0,2.5,-0.6413873188623962,0.6413873188623962,003534_2014-05-22_15-06-10_094959634447_rgbf000102-resize,-2.9232537420908167,2.9232537420908167,1.426,12.376994007247625
258888.0,2.5,-0.034436122965298965,0.034436122965298965,000773_2014-06-08_22-24-54_260595134347_rgbf000093-resize,-4.002158236396446,4.002158236396446,4.973,21.45352631724976
258888.0,2.5,-0.37621550851328256,0.37621550851328256,001032_2014-06-08_13-23-17_260595134347_rgbf000021-resize,-3.5357059892436316,3.5357059892436316,3.2725,15.984983178828962
258888.0,2.5,-0.485879777119889,0.485879777119889,003292_2014-05-14_21-53-49_094959634447_rgbf000100-resize,-3.744705989243631,3.744705989243631,3.4815,33.084282711345374
258888.0,2.5,-0.8302203334504383,0.8302203334504383,001447_2014-06-19_17-00-32_260595134347_rgbf000082-resize,-4.400955989243631,4.400955989243631,4.13775,46.830399423560245
258888.0,2.5,-1.0895579638753878,1.0895579638753878,000742_2014-06-08_18-48-09_260595134347_rgbf000164-resize,-4.895205989243631,4.895205989243631,4.632,18.91549953899407
258888.0,2.5,-1.23378425310574,1.23378425310574,002758_2014-06-22_19-11-20_094959634447_rgbf000128-resize,-4.052253742090817,4.052253742090817,2.555,7.204478276142114
258888.0,2.5,-0.050598913397323815,0.050598913397323815,002549_2014-06-24_13-41-39_094959634447_rgbf000022-resize,-2.356229865667224,2.356229865667224,1.476,4.1736441355391865
258888.0,2.5,-1.0798164390999894,1.0798164390999894,001199_2014-06-17_16-03-48_260595134347_rgbf000077-resize,-4.317729865667223,4.317729865667223,3.4375,28.282249848901696
258888.0,2.5,-0.5516964087050188,0.5516964087050188,000502_2014-06-08_23-02-32_260595134347_rgbf000063-resize,-3.311229865667224,3.311229865667224,2.431,13.897287578908273
258888.0,2.5,-0.7088468797465463,0.7088468797465463,001806_2014-06-26_20-50-20_260595134347_rgbf000091-resize,-3.610729865667224,3.610729865667224,2.7305,13.909869710567438
258888.0,2.5,-0.031253465929529545,0.031253465929529545,001617_2014-06-20_11-35-32_260595134347_rgbf000066-resize,-3.4371821128200386,3.4371821128200386,3.7910000000000004,19.974169961071475
258888.0,2.5,-0.4641043362243227,0.4641043362243227,000493_2014-06-09_21-01-18_260595134347_rgbf000196-resize,-3.703205989243631,3.703205989243631,3.44,19.629285382994567
258888.0,2.5,-1.2697612488396626,1.2697612488396626,000191_2014-05-12_17-07-38_260595134347_rgbf000199-resize,-4.679729865667222,4.679729865667222,3.7995,12.340757267219296
258888.0,2.5,-1.3805623878544808,1.3805623878544808,001450_2014-06-19_17-02-03_260595134347_rgbf000203-resize,-4.890896532333923,4.890896532333923,4.0106666666667,12.34882649363641
258888.0,2.5,-0.7230140340641401,0.7230140340641401,002600_2014-06-24_14-27-04_094959634447_rgbf000074-resize,-3.637729865667224,3.637729865667224,2.7575,44.47386082434929
258888.0,2.5,-0.30875594762914205,0.30875594762914205,003228_2014-05-14_13-42-35_094959634447_rgbf000101-resize,-2.848229865667224,2.848229865667224,1.9680000000000002,14.40337638638131
258888.0,2.5,-0.5805554267593868,0.5805554267593868,000368_2014-06-09_15-53-01_260595134347_rgbf000155-resize,-3.366229865667224,3.366229865667224,2.4859999999999998,21.090700959072958
258888.0,2.5,-0.5743277147708588,0.5743277147708588,001828_2014-06-26_21-40-03_260595134347_rgbf000024-resize,-4.472182112820039,4.472182112820039,4.8260000000000005,35.55232951340613
258888.0,2.5,-0.1603319830454359,0.1603319830454359,002570_2014-06-24_13-59-54_094959634447_rgbf000059-resize,-3.683182112820039,3.683182112820039,4.037,41.596140375002705
258888.0,2.5,-1.764299876407724,1.764299876407724,002467_2014-06-28_20-38-07_260595134347_rgbf000026-resize,-5.622229865667223,5.622229865667223,4.742,15.331046216195933
258888.0,2.5,-0.4580357773831093,0.4580357773831093,001810_2014-06-26_20-51-35_260595134347_rgbf000040-resize,-3.132729865667224,3.132729865667224,2.2525,22.411391411207674
258888.0,2.5,-0.5341874442043251,0.5341874442043251,002663_2014-06-13_15-50-26_094959634447_rgbf000075-resize,-4.395682112820039,4.395682112820039,4.7495,16.725954086732166
258888.0,2.5,-0.6894326312372342,0.6894326312372342,001092_2014-06-15_17-34-58_260595134347_rgbf000171-resize,-3.5737298656672234,3.5737298656672234,2.6935,9.164038324933468
258888.0,2.5,-0.24710259087662725,0.24710259087662725,001167_2014-06-17_15-38-07_260595134347_rgbf000108-resize,-2.7307298656672234,2.7307298656672234,1.8505,12.019050657019696
258888.0,2.5,-0.6051823689396432,0.6051823689396432,003587_2014-05-23_16-48-02_094959634447_rgbf002384-resize,-2.8542537420908163,2.8542537420908163,1.357,20.788172722830538
790950.0,2.5,-0.6181577794613137,0.6181577794613137,001516_2014-06-20_16-25-09_260595134347_rgbf000076-resize,-3.0514042526839735,3.0514042526839735,1.7445,3.8622659094666254
790950.0,2.5,-0.04738108984433143,0.04738108984433143,001417_2014-06-19_16-25-36_260595134347_rgbf000115-resize,-3.84993972643718,3.84993972643718,4.6255,49.17091269608214
790950.0,2.5,-0.7534807416756288,0.7534807416756288,000682_2014-06-08_23-14-58_260595134347_rgbf000041-resize,-3.65227433882092,3.65227433882092,2.7239999999999998,8.707843071693064
790950.0,2.5,-0.9638361433056106,0.9638361433056106,001244_2014-06-17_16-47-45_260595134347_rgbf000030-resize,-3.5387192096155,3.5387192096155,2.0425,6.7629638807870815
790950.0,2.5,-0.6503748370458036,0.6503748370458036,003495_2014-05-21_16-01-51_094959634447_rgbf000100-resize,-3.027061731149736,3.027061731149736,1.6255,12.747278812179
790950.0,2.5,-0.11485831813937225,0.11485831813937225,001150_2014-06-17_15-27-34_260595134347_rgbf000108-resize,-3.6355696403002327,3.6355696403002327,4.0325,11.088139074292139
790950.0,2.5,-0.3602641074647852,0.3602641074647852,000665_2014-06-09_20-42-35_260595134347_rgbf000110-resize,-3.41732946802634,3.41732946802634,3.057,18.49880761375764
790950.0,2.5,-1.053562461509444,1.053562461509444,002375_2014-06-28_20-13-44_260595134347_rgbf000032-resize,-4.567144424957867,4.567144424957867,4.0175,48.76103649676905
790950.0,2.5,-0.2982963280710455,0.2982963280710455,001235_2014-06-17_16-37-36_260595134347_rgbf000084-resize,-3.642199554163287,3.642199554163287,3.6605,14.547706659434104
790950.0,2.5,-0.6635451442195508,0.6635451442195508,000470_2014-06-09_19-42-40_260595134347_rgbf000094-resize,-3.137904252683973,3.137904252683973,1.831,22.486379427626872
790950.0,2.5,-0.41352110598487535,0.41352110598487535,000109_2014-05-14_23-41-52_260595134347_rgbf000035-resize,-2.661404252683973,2.661404252683973,1.3545,6.620498200896815
790950.0,2.5,-0.5776500107962241,0.5776500107962241,002509_2014-06-24_13-19-22_094959634447_rgbf000077-resize,-2.8027192096155,2.8027192096155,1.3065,40.21868783296904
790950.0,2.5,-0.4018202874425185,0.4018202874425185,003338_2014-05-20_11-01-23_094959634447_rgbf000051-resize,-2.8105892957524468,2.8105892957524468,1.693,28.251495663089063
790950.0,2.5,-0.460412839249889,0.460412839249889,002784_2014-06-22_19-26-30_094959634447_rgbf000083-resize,-2.9222559624191464,2.9222559624191464,1.8046666666667,3.0422522474895675
790950.0,2.5,-0.6888363397287065,0.6888363397287065,001100_2014-06-15_17-46-26_260595134347_rgbf000225-resize,-3.3575892957524465,3.3575892957524465,2.24,9.548860596737413
790950.0,2.5,-0.758937115119581,0.758937115119581,000469_2014-06-09_19-42-10_260595134347_rgbf000081-resize,-3.1482192096155,3.1482192096155,1.652,25.13136208408983
790950.0,2.5,-0.4043386911493919,0.4043386911493919,000483_2014-06-09_20-41-45_260595134347_rgbf000116-resize,-2.643904252683973,2.643904252683973,1.337,29.232414989368262
790950.0,2.5,-0.5900858255357022,0.5900858255357022,002964_2014-06-08_17-46-11_094959634447_rgbf000091-resize,-2.9979042526839725,2.9979042526839725,1.6909999999999998,28.953812917975768
790950.0,2.5,-0.1617136602404352,0.1617136602404352,002136_2014-06-25_21-18-03_260595134347_rgbf000109-resize,-2.695959381889393,2.695959381889393,1.9569999999999999,13.297078442475444
790950.0,2.5,-0.26109402724158226,0.26109402724158226,000929_2014-06-09_16-33-19_260595134347_rgbf000139-resize,-3.22832946802634,3.22832946802634,2.8680000000000003,19.501338012209015
790950.0,2.5,-0.292262169750584,0.292262169750584,000457_2014-06-08_16-52-43_260595134347_rgbf000199-resize,-3.630699554163287,3.630699554163287,3.6489999999999996,14.067279821032837
790950.0,2.5,-0.08914755660001833,0.08914755660001833,003621_2014-05-23_18-06-08_094959634447_rgbf000101-resize,-3.5865696403002327,3.5865696403002327,3.9835,23.07176470133362
790950.0,2.5,-1.0817390550611734,1.0817390550611734,001584_2014-06-20_11-07-43_260595134347_rgbf000002-resize,-4.363616860355156,4.363616860355156,3.53,17.602834139105468
790950.0,2.5,-0.6814550242220789,0.6814550242220789,002279_2014-06-28_18-55-32_260595134347_rgbf000040-resize,-3.0005525429488,3.0005525429488,1.5043333333333,15.963772282558683
790950.0,2.5,-0.41241961921490056,0.41241961921490056,000635_2014-06-08_16-38-42_260595134347_rgbf000106-resize,-3.00227433882092,3.00227433882092,2.074,10.796976226722654
790950.0,2.5,-0.28659450200298103,0.28659450200298103,002725_2014-06-22_11-47-51_094959634447_rgbf000070-resize,-2.9339593818893928,2.9339593818893928,2.195,3.938570017428758
790950.0,2.5,-0.5315807252982048,0.5315807252982048,002344_2014-06-28_20-06-29_260595134347_rgbf000030-resize,-2.8864042526839735,2.8864042526839735,1.5795,37.33165518125916
790950.0,2.5,-0.8581071953427841,0.8581071953427841,000549_2014-06-08_22-10-24_260595134347_rgbf000247-resize,-3.3372192096155,3.3372192096155,1.841,30.99307977870557
790950.0,2.5,-0.34258119853360497,0.34258119853360497,001056_2014-06-08_18-46-44_260595134347_rgbf000068-resize,-3.2121444249578666,3.2121444249578666,2.6625,11.38594592369452
790950.0,2.5,-0.8447796768484253,0.8447796768484253,002199_2014-06-28_18-33-56_260595134347_rgbf000074-resize,-3.3975617311497364,3.3975617311497364,1.996,17.12852126070164
790950.0,2.5,-0.2325494318284376,0.2325494318284376,000878_2014-06-08_22-52-45_260595134347_rgbf000045-resize,-2.8309593818893934,2.8309593818893934,2.092,5.576511521775202
790950.0,2.5,-0.7059414637833752,0.7059414637833752,002953_2014-06-08_17-32-18_094959634447_rgbf000059-resize,-3.0472192096155,3.0472192096155,1.551,13.905027931093345
790950.0,2.5,-0.19975509313029027,0.19975509313029027,002905_2014-06-03_18-04-43_094959634447_rgbf000151-resize,-2.7684593818893934,2.7684593818893934,2.0295,12.020604335789361
790950.0,2.5,-0.20741746269130326,0.20741746269130326,003129_2014-05-12_10-48-10_094959634447_rgbf000100-resize,-4.15493972643718,4.15493972643718,4.9305,17.9074543760639
790950.0,2.5,-0.5002573865200021,0.5002573865200021,002988_2014-06-15_12-24-20_094959634447_rgbf000150-resize,-4.370069640300232,4.370069640300232,4.7669999999999995,14.460306569198616
790950.0,2.5,-0.15263739631962742,0.15263739631962742,001052_2014-06-08_18-24-54_260595134347_rgbf000130-resize,-3.7075696403002327,3.7075696403002327,4.1045,25.87613690895519
790950.0,2.5,-0.10415283545231167,0.10415283545231167,000810_2014-06-08_17-20-01_260595134347_rgbf000105-resize,-2.41477433882092,2.41477433882092,1.4865,3.0958890116960642
790950.0,2.5,-0.4892364736660195,0.4892364736660195,002272_2014-06-28_18-53-56_260595134347_rgbf000067-resize,-2.6342192096155,2.6342192096155,1.138,10.409245808146235
790950.0,2.5,-0.3001318035124433,0.3001318035124433,001571_2014-06-20_17-21-32_260595134347_rgbf000089-resize,-2.78827433882092,2.78827433882092,1.86,4.991960350191473
790950.0,2.5,-0.34683194934429856,0.34683194934429856,001132_2014-06-17_14-48-54_260595134347_rgbf000100-resize,-3.7346995541632872,3.7346995541632872,3.753,14.398279213278778
790950.0,2.5,-0.17194549391425618,0.17194549391425618,000943_2014-06-09_19-31-07_260595134347_rgbf000128-resize,-2.7154593818893935,2.7154593818893935,1.9765,15.893099149291922
790950.0,2.5,-0.08090840968820079,0.08090840968820079,000709_2014-06-08_13-51-55_260595134347_rgbf000068-resize,-2.541959381889393,2.541959381889393,1.8030000000000002,14.429351101546246
790950.0,2.5,-0.9339807818702346,0.9339807818702346,000854_2014-06-09_19-43-13_260595134347_rgbf000066-resize,-3.99627433882092,3.99627433882092,3.068,11.910827625938722
790950.0,2.5,-0.3030177053178753,0.3030177053178753,001136_2014-06-17_15-19-41_260595134347_rgbf000076-resize,-2.79377433882092,2.79377433882092,1.8655,18.667799879387072
790950.0,2.5,-0.23192058654598985,0.23192058654598985,000739_2014-06-08_18-45-58_260595134347_rgbf000068-resize,-3.5156995541632865,3.5156995541632865,3.534,8.164356963721069
790950.0,2.5,-0.7171716558896031,0.7171716558896031,000734_2014-06-08_17-39-11_260595134347_rgbf000128-resize,-4.269014511094813,4.269014511094813,4.098,16.052231618370055
790950.0,2.5,-1.136465542212663,1.136465542212663,000522_2014-06-08_13-35-06_260595134347_rgbf000244-resize,-3.8677192096154998,3.8677192096154998,2.3715,25.742609854068213
790950.0,2.5,-0.5059751071478341,0.5059751071478341,002949_2014-06-26_15-57-42_094959634447_rgbf000079-resize,-3.0090892957524464,3.0090892957524464,1.8915,17.99500168321199
790950.0,2.5,-0.6327455073348164,0.6327455073348164,000866_2014-06-09_20-45-42_260595134347_rgbf000139-resize,-3.7651444249578665,3.7651444249578665,3.2155,8.082259189449621
790950.0,2.5,-0.6543101576895859,0.6543101576895859,001555_2014-06-20_17-12-10_260595134347_rgbf000065-resize,-3.0345617311497364,3.0345617311497364,1.633,7.608284543781994
790950.0,2.5,-0.6403527863870802,0.6403527863870802,003534_2014-05-22_15-06-10_094959634447_rgbf000102-resize,-2.9222192096155,2.9222192096155,1.426,12.376994007247625
790950.0,2.5,-0.1933534367112687,0.1933534367112687,001016_2014-06-09_16-16-10_260595134347_rgbf000112-resize,-2.58477433882092,2.58477433882092,1.6565,7.049977084494088
790950.0,2.5,-0.342844560768883,0.342844560768883,001570_2014-06-20_17-21-09_260595134347_rgbf000135-resize,-4.0700696403002325,4.0700696403002325,4.467,22.179510675592084
790950.0,2.5,-1.3059737260962003,1.3059737260962003,001447_2014-06-19_17-00-32_260595134347_rgbf000082-resize,-4.876709381889393,4.876709381889393,4.13775,46.830399423560245
790950.0,2.5,-0.5986924705460716,0.5986924705460716,001066_2014-06-08_22-03-20_260595134347_rgbf000066-resize,-4.214699554163287,4.214699554163287,4.2330000000000005,19.743449467077777
790950.0,2.5,-0.42942161493199,0.42942161493199,000742_2014-06-08_18-48-09_260595134347_rgbf000164-resize,-4.235069640300233,4.235069640300233,4.632,18.91549953899407
790950.0,2.5,-0.14602545312266518,0.14602545312266518,002630_2014-06-24_14-47-50_094959634447_rgbf000055-resize,-3.1805145110948128,3.1805145110948128,3.0095,10.661401196716628
790950.0,2.5,-0.8541198067673708,0.8541198067673708,002758_2014-06-22_19-11-20_094959634447_rgbf000128-resize,-3.672589295752447,3.672589295752447,2.555,7.204478276142114
790950.0,2.5,-0.38261582194831,0.38261582194831,002549_2014-06-24_13-41-39_094959634447_rgbf000022-resize,-2.68824677421821,2.68824677421821,1.476,4.1736441355391865
790950.0,2.5,-0.5997408818587151,0.5997408818587151,000502_2014-06-08_23-02-32_260595134347_rgbf000063-resize,-3.35927433882092,3.35927433882092,2.431,13.897287578908273
790950.0,2.5,-0.7568913529002426,0.7568913529002426,001806_2014-06-26_20-50-20_260595134347_rgbf000091-resize,-3.65877433882092,3.65877433882092,2.7305,13.909869710567438
790950.0,2.5,-0.3667709072727776,0.3667709072727776,001617_2014-06-20_11-35-32_260595134347_rgbf000066-resize,-3.772699554163287,3.772699554163287,3.7910000000000004,19.974169961071475
790950.0,2.5,-0.03384328457202596,0.03384328457202596,000506_2014-06-08_23-21-00_260595134347_rgbf000070-resize,-3.5669121618344706,3.5669121618344706,4.0585,16.716212007621664
790950.0,2.5,-0.18889441417402225,0.18889441417402225,001449_2014-06-19_17-01-27_260595134347_rgbf000116-resize,-3.433699554163286,3.433699554163286,3.452,8.994872108877228
790950.0,2.5,-0.2031136364232564,0.2031136364232564,002600_2014-06-24_14-27-04_094959634447_rgbf000074-resize,-3.11782946802634,3.11782946802634,2.7575,44.47386082434929
790950.0,2.5,-0.7354303346458915,0.7354303346458915,003228_2014-05-14_13-42-35_094959634447_rgbf000101-resize,-3.2749042526839727,3.2749042526839727,1.9680000000000002,14.40337638638131
790950.0,2.5,-0.4392849429815562,0.4392849429815562,000368_2014-06-09_15-53-01_260595134347_rgbf000155-resize,-3.224959381889393,3.224959381889393,2.4859999999999998,21.090700959072958
790950.0,2.5,-0.40349955908900026,0.40349955908900026,002209_2014-06-28_18-36-10_260595134347_rgbf000051-resize,-2.98527433882092,2.98527433882092,2.057,12.962068825921264
790950.0,2.5,-0.5312152422510532,0.5312152422510532,001828_2014-06-26_21-40-03_260595134347_rgbf000024-resize,-4.429069640300233,4.429069640300233,4.8260000000000005,35.55232951340613
790950.0,2.5,-0.22221245476564103,0.22221245476564103,001110_2014-06-15_17-25-28_260595134347_rgbf000150-resize,-2.63977433882092,2.63977433882092,1.7115,9.336195527413247
790950.0,2.5,-0.5481621474594036,0.5481621474594036,001092_2014-06-15_17-34-58_260595134347_rgbf000171-resize,-3.4324593818893927,3.4324593818893927,2.6935,9.164038324933468
790950.0,2.5,-0.14256176644072086,0.14256176644072086,002545_2014-06-24_13-38-53_094959634447_rgbf000080-resize,-2.659459381889393,2.659459381889393,1.9205,12.083824048628237
790950.0,2.5,-0.4844620209618502,0.4844620209618502,001167_2014-06-17_15-38-07_260595134347_rgbf000108-resize,-2.9680892957524465,2.9680892957524465,1.8505,12.019050657019696
790950.0,2.5,-0.6041478364643271,0.6041478364643271,003587_2014-05-23_16-48-02_094959634447_rgbf002384-resize,-2.8532192096155,2.8532192096155,1.357,20.788172722830538
794028.0,2.5,-1.2764528203001275,1.2764528203001275,001808_2014-06-26_20-50-58_260595134347_rgbf000029-resize,-4.900064553210607,4.900064553210607,4.249,20.030651550568866
794028.0,2.5,-1.2810549182537645,1.2810549182537645,001815_2014-06-26_20-52-55_260595134347_rgbf000020-resize,-4.494728525198684,4.494728525198684,3.3865,18.626322656731816
794028.0,2.5,-1.6263939072804494,1.6263939072804494,001417_2014-06-19_16-25-36_260595134347_rgbf000115-resize,-5.428952543873298,5.428952543873298,4.6255,49.17091269608214
794028.0,2.5,-1.5570520727373762,1.5570520727373762,003081_2014-06-15_15-19-16_094959634447_rgbf000150-resize,-5.020728525198684,5.020728525198684,3.9125,16.632991649560594
794028.0,2.5,-0.5758454588887936,0.5758454588887936,001244_2014-06-17_16-47-45_260595134347_rgbf000030-resize,-3.1507285251986827,3.1507285251986827,2.0425,6.7629638807870815
794028.0,2.5,-1.2722952405530608,1.2722952405530608,001158_2014-06-17_15-32-16_260595134347_rgbf000138-resize,-5.030176562547914,5.030176562547914,4.5315,26.954451973303737
794028.0,2.5,-1.0025945990994911,1.0025945990994911,002375_2014-06-28_20-13-44_260595134347_rgbf000032-resize,-4.516176562547914,4.516176562547914,4.0175,48.76103649676905
794028.0,2.5,-0.4765734063811966,0.4765734063811966,002568_2014-06-24_13-59-21_094959634447_rgbf000062-resize,-3.513676562547914,3.513676562547914,3.015,29.63840999388049
794028.0,2.5,-0.8152733364556726,0.8152733364556726,001235_2014-06-17_16-37-36_260595134347_rgbf000084-resize,-4.159176562547914,4.159176562547914,3.6605,14.547706659434104
794028.0,2.5,-0.8155356911652534,0.8155356911652534,000692_2014-06-08_13-09-42_260595134347_rgbf000199-resize,-4.159676562547913,4.159676562547913,3.661,54.80046590295557
794028.0,2.5,-1.1075364829335537,1.1075364829335537,001094_2014-06-15_17-36-00_260595134347_rgbf000205-resize,-4.716176562547914,4.716176562547914,4.2175,17.196771274488466
794028.0,2.5,-0.669404117926307,0.669404117926307,000780_2014-06-08_22-28-29_260595134347_rgbf000126-resize,-3.8811765625479135,3.8811765625479135,3.3825,14.165390776882042
794028.0,2.5,-0.3117527720836177,0.3117527720836177,000691_2014-06-08_13-08-50_260595134347_rgbf000132-resize,-3.8897366092344527,3.8897366092344527,4.1530000000000005,14.740846212587924
794028.0,2.5,-0.3232471264318099,0.3232471264318099,000929_2014-06-09_16-33-19_260595134347_rgbf000139-resize,-3.2904825672165687,3.2904825672165687,2.8680000000000003,19.501338012209015
794028.0,2.5,-0.8092391781352111,0.8092391781352111,000457_2014-06-08_16-52-43_260595134347_rgbf000199-resize,-4.147676562547914,4.147676562547914,3.6489999999999996,14.067279821032837
794028.0,2.5,-1.0515747385793153,1.0515747385793153,001584_2014-06-20_11-07-43_260595134347_rgbf000002-resize,-4.333452543873298,4.333452543873298,3.53,17.602834139105468
794028.0,2.5,-0.3652731328389871,0.3652731328389871,001175_2014-06-17_15-45-55_260595134347_rgbf000129-resize,-3.9917366092344517,3.9917366092344517,4.255,15.34903910495583
794028.0,2.5,-0.044938032435480224,0.044938032435480224,003490_2014-05-21_15-50-11_094959634447_rgbf000101-resize,-3.3812366092344517,3.3812366092344517,3.6445,19.999457360175192
794028.0,2.5,-0.995248667231102,0.995248667231102,003048_2014-06-15_13-49-43_094959634447_rgbf000150-resize,-4.5021765625479135,4.5021765625479135,4.0035,24.355606534500392
794028.0,2.5,-0.19869967332419405,0.19869967332419405,002725_2014-06-22_11-47-51_094959634447_rgbf000070-resize,-2.8460645532106064,2.8460645532106064,2.195,3.938570017428758
794028.0,2.5,-0.10432301181887628,0.10432301181887628,002344_2014-06-28_20-06-29_260595134347_rgbf000030-resize,-2.459146539204644,2.459146539204644,1.5795,37.33165518125916
794028.0,2.5,-0.16909368674736602,0.16909368674736602,001055_2014-06-08_18-45-35_260595134347_rgbf000111-resize,-2.927676562547914,2.927676562547914,2.4290000000000003,8.406298609581565
794028.0,2.5,-0.7389281159663776,0.7389281159663776,000736_2014-06-08_18-24-15_260595134347_rgbf000206-resize,-4.013676562547913,4.013676562547913,3.515,33.408170606136416
794028.0,2.5,-0.8811243685615482,0.8811243685615482,000137_2014-05-20_17-04-49_260595134347_rgbf000120-resize,-4.284676562547913,4.284676562547913,3.786,14.89611111351161
794028.0,2.5,-0.4065246989219604,0.4065246989219604,000642_2014-06-08_16-59-25_260595134347_rgbf000098-resize,-3.3801765625479137,3.3801765625479137,2.8815,31.36214301237791
794028.0,2.5,-0.938842404670289,0.938842404670289,002425_2014-06-28_20-27-29_260595134347_rgbf000031-resize,-4.394676562547914,4.394676562547914,3.8960000000000004,8.40495801096819
794028.0,2.5,-0.32933053762582576,0.32933053762582576,000917_2014-06-09_22-45-29_260595134347_rgbf000149-resize,-3.9232366092344515,3.9232366092344515,4.1865,9.740561609074897
794028.0,2.5,-0.8522653505071784,0.8522653505071784,002323_2014-06-28_20-01-54_260595134347_rgbf000051-resize,-4.229676562547914,4.229676562547914,3.7310000000000003,18.09172628388976
794028.0,2.5,-0.4041016298575921,0.4041016298575921,000414_2014-06-04_19-49-13_260595134347_rgbf000044-resize,-4.0657366092344525,4.0657366092344525,4.329,13.241348366125557
794028.0,2.5,-0.6339243554542211,0.6339243554542211,002988_2014-06-15_12-24-20_094959634447_rgbf000150-resize,-4.503736609234453,4.503736609234453,4.7669999999999995,14.460306569198616
794028.0,2.5,-1.2768263045613466,1.2768263045613466,001052_2014-06-08_18-24-54_260595134347_rgbf000130-resize,-4.831758548541952,4.831758548541952,4.1045,25.87613690895519
794028.0,2.5,-0.2853168230936076,0.2853168230936076,001214_2014-06-17_16-13-55_260595134347_rgbf000111-resize,-3.149176562547914,3.149176562547914,2.6505,18.479282579459067
794028.0,2.5,-1.3452298498177293,1.3452298498177293,002748_2014-06-22_19-07-22_094959634447_rgbf000078-resize,-5.169176562547913,5.169176562547913,4.6705,35.71435075733748
794028.0,2.5,-1.2883298161768046,1.2883298161768046,002995_2014-06-15_12-31-26_094959634447_rgbf000150-resize,-4.715646539204643,4.715646539204643,3.8360000000000003,27.231594395483473
794028.0,2.5,-1.0304041983155194,1.0304041983155194,000436_2014-06-09_22-25-11_260595134347_rgbf000137-resize,-4.569176562547914,4.569176562547914,4.0705,20.69156545677159
794028.0,2.5,-1.1975241483212828,1.1975241483212828,002444_2014-06-28_20-32-08_260595134347_rgbf000027-resize,-4.887676562547912,4.887676562547912,4.388999999999999,17.102760279009576
794028.0,2.5,-1.1043882264185396,1.1043882264185396,001133_2014-06-17_14-49-16_260595134347_rgbf000100-resize,-4.710176562547914,4.710176562547914,4.2115,26.759918254713728
794028.0,2.5,-0.8638089577289256,0.8638089577289256,001132_2014-06-17_14-48-54_260595134347_rgbf000100-resize,-4.251676562547914,4.251676562547914,3.753,14.398279213278778
794028.0,2.5,-0.4513873542610227,0.4513873542610227,002057_2014-06-24_21-00-13_260595134347_rgbf000120-resize,-3.465676562547914,3.465676562547914,2.967,10.990036854719376
794028.0,2.5,-0.7392924429603616,0.7392924429603616,001164_2014-06-17_15-35-46_260595134347_rgbf000085-resize,-3.4622285251986833,3.4622285251986833,2.354,17.325668807481115
794028.0,2.5,-0.20897160260431533,0.20897160260431533,002153_2014-06-25_21-27-18_260595134347_rgbf000038-resize,-3.0036765625479136,3.0036765625479136,2.505,17.28886317575377
794028.0,2.5,-0.7709353905357794,0.7709353905357794,002660_2014-06-13_15-44-18_094959634447_rgbf001878-resize,-4.074676562547914,4.074676562547914,3.576,15.11997681444361
794028.0,2.5,-0.2828937540292422,0.2828937540292422,000734_2014-06-08_17-39-11_260595134347_rgbf000128-resize,-3.8347366092344517,3.8347366092344517,4.098,16.052231618370055
794028.0,2.5,-0.6722808624644998,0.6722808624644998,000522_2014-06-08_13-35-06_260595134347_rgbf000244-resize,-3.4035345298673367,3.4035345298673367,2.3715,25.742609854068213
794028.0,2.5,-1.1913296075756326,1.1913296075756326,000866_2014-06-09_20-45-42_260595134347_rgbf000139-resize,-4.323728525198683,4.323728525198683,3.2155,8.082259189449621
794028.0,2.5,-0.32260213019374673,0.32260213019374673,002637_2014-06-24_14-51-13_094959634447_rgbf000066-resize,-2.8751465392046445,2.8751465392046445,1.9955,10.972027795242447
794028.0,2.5,-0.19244325590045094,0.19244325590045094,002340_2014-06-28_20-05-46_260595134347_rgbf000113-resize,-2.9721765625479137,2.9721765625479137,2.4735,7.91768620575396
794028.0,2.5,-1.9611184211048431,1.9611184211048431,000773_2014-06-08_22-24-54_260595134347_rgbf000093-resize,-5.928840534535991,5.928840534535991,4.973,21.45352631724976
794028.0,2.5,-1.5648516800795875,1.5648516800795875,002414_2014-06-28_20-24-58_260595134347_rgbf000067-resize,-5.242646539204644,5.242646539204644,4.363,31.720662178139435
794028.0,2.5,-0.16358423784607856,0.16358423784607856,001059_2014-06-08_21-53-27_260595134347_rgbf000061-resize,-2.9171765625479136,2.9171765625479136,2.4185,8.755513319222857
794028.0,2.5,-0.6116860818175653,0.6116860818175653,001032_2014-06-08_13-23-17_260595134347_rgbf000021-resize,-3.7711765625479137,3.7711765625479137,3.2725,15.984983178828962
794028.0,2.5,-0.7213503504241718,0.7213503504241718,003292_2014-05-14_21-53-49_094959634447_rgbf000100-resize,-3.9801765625479137,3.9801765625479137,3.4815,33.084282711345374
794028.0,2.5,-1.0130887874829029,1.0130887874829029,002639_2014-06-24_14-51-37_094959634447_rgbf000074-resize,-4.536176562547913,4.536176562547913,4.0375,16.521406794569987
794028.0,2.5,-0.4765115297031022,0.4765115297031022,001570_2014-06-20_17-21-09_260595134347_rgbf000135-resize,-4.2037366092344515,4.2037366092344515,4.467,22.179510675592084
794028.0,2.5,-1.2447479960466152,1.2447479960466152,000447_2014-06-08_16-15-46_260595134347_rgbf000130-resize,-4.977676562547914,4.977676562547914,4.479,19.081432914605553
794028.0,2.5,-1.4466608834114518,1.4466608834114518,001447_2014-06-19_17-00-32_260595134347_rgbf000082-resize,-5.017396539204643,5.017396539204643,4.13775,46.830399423560245
794028.0,2.5,-1.93458049983044,1.93458049983044,000742_2014-06-08_18-48-09_260595134347_rgbf000164-resize,-5.740228525198683,5.740228525198683,4.632,18.91549953899407
794028.0,2.5,-0.1297404803095923,0.1297404803095923,002750_2014-06-22_19-08-03_094959634447_rgbf000094-resize,-2.852676562547914,2.852676562547914,2.354,8.789636111124727
794028.0,2.5,-0.8837479156574046,0.8837479156574046,001617_2014-06-20_11-35-32_260595134347_rgbf000066-resize,-4.289676562547914,4.289676562547914,3.7910000000000004,19.974169961071475
794028.0,2.5,-0.6995749095286055,0.6995749095286055,000493_2014-06-09_21-01-18_260595134347_rgbf000196-resize,-3.9386765625479137,3.9386765625479137,3.44,19.629285382994567
794028.0,2.5,-1.040595936383045,1.040595936383045,000191_2014-05-12_17-07-38_260595134347_rgbf000199-resize,-4.450564553210606,4.450564553210606,3.7995,12.340757267219296
794028.0,2.5,-1.0241076852854696,1.0241076852854696,000506_2014-06-08_23-21-00_260595134347_rgbf000070-resize,-4.557176562547914,4.557176562547914,4.0585,16.716212007621664
794028.0,2.5,-0.4044258612452758,0.4044258612452758,003079_2014-06-15_15-18-20_094959634447_rgbf000152-resize,-3.3761765625479137,3.3761765625479137,2.8775,9.032134209869396
794028.0,2.5,-1.08684139921538,1.08684139921538,001449_2014-06-19_17-01-27_260595134347_rgbf000116-resize,-4.3316465392046455,4.3316465392046455,3.452,8.994872108877228
794028.0,2.5,-1.60856104738594,1.60856104738594,001450_2014-06-19_17-02-03_260595134347_rgbf000203-resize,-5.1188951918653816,5.1188951918653816,4.0106666666667,12.34882649363641
794028.0,2.5,-0.9510126935955994,0.9510126935955994,002600_2014-06-24_14-27-04_094959634447_rgbf000074-resize,-3.8657285251986826,3.8657285251986826,2.7575,44.47386082434929
794028.0,2.5,-0.6129486024919477,0.6129486024919477,003228_2014-05-14_13-42-35_094959634447_rgbf000101-resize,-3.1524225205300294,3.1524225205300294,1.9680000000000002,14.40337638638131
794028.0,2.5,-1.4268221644987338,1.4268221644987338,001828_2014-06-26_21-40-03_260595134347_rgbf000024-resize,-5.324676562547914,5.324676562547914,4.8260000000000005,35.55232951340613
794028.0,2.5,-0.38947164279891794,0.38947164279891794,000906_2014-06-08_13-35-43_260595134347_rgbf000155-resize,-3.347676562547914,3.347676562547914,2.8489999999999998,16.12201726422563
794028.0,2.5,-0.6809786634871049,0.6809786634871049,000927_2014-06-09_16-32-30_260595134347_rgbf000123-resize,-3.5581465392046443,3.5581465392046443,2.6785,11.715239650325241
794028.0,2.5,-1.0128264327733107,1.0128264327733107,002570_2014-06-24_13-59-54_094959634447_rgbf000059-resize,-4.535676562547914,4.535676562547914,4.037,41.596140375002705
794028.0,2.5,-1.382746573288414,1.382746573288414,002467_2014-06-28_20-38-07_260595134347_rgbf000026-resize,-5.240676562547914,5.240676562547914,4.742,15.331046216195933
794028.0,2.5,-0.0764824742637995,0.0764824742637995,001810_2014-06-26_20-51-35_260595134347_rgbf000040-resize,-2.7511765625479137,2.7511765625479137,2.2525,22.411391411207674
794028.0,2.5,-0.4602673187806167,0.4602673187806167,001092_2014-06-15_17-34-58_260595134347_rgbf000171-resize,-3.3445645532106067,3.3445645532106067,2.6935,9.164038324933468
579384.0,2.5,-0.0554635649201165,0.0554635649201165,001808_2014-06-26_20-50-58_260595134347_rgbf000029-resize,-3.6790752978305945,3.6790752978305945,4.249,20.030651550568866
579384.0,2.5,-0.025087952905066786,0.025087952905066786,001029_2014-06-08_13-17-57_260595134347_rgbf000065-resize,-3.0947485138586077,3.0947485138586077,3.0835,18.209734661918688
579384.0,2.5,-0.25301666123774597,0.25301666123774597,001417_2014-06-19_16-25-36_260595134347_rgbf000115-resize,-4.055575297830595,4.055575297830595,4.6255,49.17091269608214
579384.0,2.5,-0.4176281327413286,0.4176281327413286,000682_2014-06-08_23-14-58_260595134347_rgbf000041-resize,-3.31642172988662,3.31642172988662,2.7239999999999998,8.707843071693064
579384.0,2.5,-0.011765397013057009,0.011765397013057009,001650_2014-06-20_12-09-00_260595134347_rgbf000087-resize,-2.54292172988662,2.54292172988662,1.9505,47.6804595860539
579384.0,2.5,-0.6412118796047426,0.6412118796047426,001244_2014-06-17_16-47-45_260595134347_rgbf000030-resize,-3.216094945914632,3.216094945914632,2.0425,6.7629638807870815
579384.0,2.5,-0.7129946598247052,0.7129946598247052,003495_2014-05-21_16-01-51_094959634447_rgbf000100-resize,-3.0896815539286377,3.0896815539286377,1.6255,12.747278812179
579384.0,2.5,-0.3663538957785475,0.3663538957785475,000556_2014-06-09_22-42-56_260595134347_rgbf000214-resize,-4.271575297830593,4.271575297830593,4.8415,23.88242025565649
579384.0,2.5,-0.8136237997117525,0.8136237997117525,001150_2014-06-17_15-27-34_260595134347_rgbf000108-resize,-4.334335121872614,4.334335121872614,4.0325,11.088139074292139
579384.0,2.5,-0.592356369325065,0.592356369325065,000665_2014-06-09_20-42-35_260595134347_rgbf000110-resize,-3.6494217298866194,3.6494217298866194,3.057,18.49880761375764
579384.0,2.5,-1.0963397664381969,1.0963397664381969,002375_2014-06-28_20-13-44_260595134347_rgbf000032-resize,-4.60992172988662,4.60992172988662,4.0175,48.76103649676905
579384.0,2.5,-0.1819760692370008,0.1819760692370008,000780_2014-06-08_22-28-29_260595134347_rgbf000126-resize,-3.3937485138586068,3.3937485138586068,3.3825,14.165390776882042
579384.0,2.5,-0.5302358374502096,0.5302358374502096,000470_2014-06-09_19-42-40_260595134347_rgbf000094-resize,-3.004594945914632,3.004594945914632,1.831,22.486379427626872
579384.0,2.5,-0.5707984072295404,0.5707984072295404,000109_2014-05-14_23-41-52_260595134347_rgbf000035-resize,-2.8186815539286383,2.8186815539286383,1.3545,6.620498200896815
579384.0,2.5,-0.2550257470953561,0.2550257470953561,002509_2014-06-24_13-19-22_094959634447_rgbf000077-resize,-2.480094945914632,2.480094945914632,1.3065,40.21868783296904
579384.0,2.5,-0.4578259376047038,0.4578259376047038,003338_2014-05-20_11-01-23_094959634447_rgbf000051-resize,-2.866594945914632,2.866594945914632,1.693,28.251495663089063
579384.0,2.5,-0.2258318813980683,0.2258318813980683,002784_2014-06-22_19-26-30_094959634447_rgbf000083-resize,-2.6876750045673257,2.6876750045673257,1.8046666666667,3.0422522474895675
579384.0,2.5,-0.7448419898908918,0.7448419898908918,001100_2014-06-15_17-46-26_260595134347_rgbf000225-resize,-3.413594945914632,3.413594945914632,2.24,9.548860596737413
579384.0,2.5,-0.14572624340470686,0.14572624340470686,000469_2014-06-09_19-42-10_260595134347_rgbf000081-resize,-2.5350083379006256,2.5350083379006256,1.652,25.13136208408983
579384.0,2.5,-0.456776518766361,0.456776518766361,002964_2014-06-08_17-46-11_094959634447_rgbf000091-resize,-2.864594945914632,2.864594945914632,1.6909999999999998,28.953812917975768
579384.0,2.5,-0.30576261625166806,0.30576261625166806,002136_2014-06-25_21-18-03_260595134347_rgbf000109-resize,-2.8400083379006267,2.8400083379006267,1.9569999999999999,13.297078442475444
579384.0,2.5,-0.4294789705822069,0.4294789705822069,002039_2014-06-24_20-22-38_260595134347_rgbf000084-resize,-4.1286619058446,4.1286619058446,4.408,15.524303639345458
579384.0,2.5,-0.2956780686937666,0.2956780686937666,000691_2014-06-08_13-08-50_260595134347_rgbf000132-resize,-3.873661905844602,3.873661905844602,4.1530000000000005,14.740846212587924
579384.0,2.5,-0.8405439245926366,0.8405439245926366,001584_2014-06-20_11-07-43_260595134347_rgbf000002-resize,-4.12242172988662,4.12242172988662,3.53,17.602834139105468
579384.0,2.5,-0.31944993705963537,0.31944993705963537,003490_2014-05-21_15-50-11_094959634447_rgbf000101-resize,-3.6557485138586068,3.6557485138586068,3.6445,19.999457360175192
579384.0,2.5,-0.35883076052121105,0.35883076052121105,002279_2014-06-28_18-55-32_260595134347_rgbf000040-resize,-2.6779282792479315,2.6779282792479315,1.5043333333333,15.963772282558683
579384.0,2.5,-0.07656701028060031,0.07656701028060031,000635_2014-06-08_16-38-42_260595134347_rgbf000106-resize,-2.6664217298866197,2.6664217298866197,2.074,10.796976226722654
579384.0,2.5,-0.1897443003181868,0.1897443003181868,002043_2014-06-24_20-29-38_260595134347_rgbf000039-resize,-3.145335121872613,3.145335121872613,2.8435,8.475049543704081
579384.0,2.5,-0.5078206185417958,0.5078206185417958,003048_2014-06-15_13-49-43_094959634447_rgbf000150-resize,-4.014748513858607,4.014748513858607,4.0035,24.355606534500392
579384.0,2.5,-0.10768481051485757,0.10768481051485757,002344_2014-06-28_20-06-29_260595134347_rgbf000030-resize,-2.4625083379006254,2.4625083379006254,1.5795,37.33165518125916
579384.0,2.5,-0.5354829316419161,0.5354829316419161,000549_2014-06-08_22-10-24_260595134347_rgbf000247-resize,-3.014594945914632,3.014594945914632,1.841,30.99307977870557
579384.0,2.5,-1.4138464993330957,1.4138464993330957,000736_2014-06-08_18-24-15_260595134347_rgbf000206-resize,-4.688594945914632,4.688594945914632,3.515,33.408170606136416
579384.0,2.5,-1.5560427519282662,1.5560427519282662,000137_2014-05-20_17-04-49_260595134347_rgbf000120-resize,-4.959594945914632,4.959594945914632,3.786,14.89611111351161
579384.0,2.5,-0.7420009639949886,0.7420009639949886,002425_2014-06-28_20-27-29_260595134347_rgbf000031-resize,-4.197835121872614,4.197835121872614,3.8960000000000004,8.40495801096819
579384.0,2.5,-0.38535850346235795,0.38535850346235795,001056_2014-06-08_18-46-44_260595134347_rgbf000068-resize,-3.2549217298866195,3.2549217298866195,2.6625,11.38594592369452
579384.0,2.5,-0.3262262835993146,0.3262262835993146,002199_2014-06-28_18-33-56_260595134347_rgbf000074-resize,-2.879008337900625,2.879008337900625,1.996,17.12852126070164
579384.0,2.5,-0.603842442249981,0.603842442249981,000917_2014-06-09_22-45-29_260595134347_rgbf000149-resize,-4.197748513858607,4.197748513858607,4.1865,9.740561609074897
579384.0,2.5,-0.36483730181787216,0.36483730181787216,002323_2014-06-28_20-01-54_260595134347_rgbf000051-resize,-3.7422485138586072,3.7422485138586072,3.7310000000000003,18.09172628388976
579384.0,2.5,-0.0927305920685011,0.0927305920685011,002953_2014-06-08_17-32-18_094959634447_rgbf000059-resize,-2.4340083379006257,2.4340083379006257,1.551,13.905027931093345
579384.0,2.5,-0.38802692646774106,0.38802692646774106,000414_2014-06-04_19-49-13_260595134347_rgbf000044-resize,-4.049661905844601,4.049661905844601,4.329,13.241348366125557
579384.0,2.5,-0.4130530340847178,0.4130530340847178,003129_2014-05-12_10-48-10_094959634447_rgbf000100-resize,-4.360575297830596,4.360575297830596,4.9305,17.9074543760639
579384.0,2.5,-0.3272630440503637,0.3272630440503637,002988_2014-06-15_12-24-20_094959634447_rgbf000150-resize,-4.197075297830596,4.197075297830596,4.7669999999999995,14.460306569198616
579384.0,2.5,-0.5608162698780018,0.5608162698780018,001052_2014-06-08_18-24-54_260595134347_rgbf000130-resize,-4.115748513858607,4.115748513858607,4.1045,25.87613690895519
579384.0,2.5,-0.34947344254602364,0.34947344254602364,000810_2014-06-08_17-20-01_260595134347_rgbf000105-resize,-2.660094945914632,2.660094945914632,1.4865,3.0958890116960642
579384.0,2.5,-0.9602352064603256,0.9602352064603256,001214_2014-06-17_16-13-55_260595134347_rgbf000111-resize,-3.824094945914632,3.824094945914632,2.6505,18.479282579459067
579384.0,2.5,-0.16661220996515147,0.16661220996515147,002272_2014-06-28_18-53-56_260595134347_rgbf000067-resize,-2.3115949459146314,2.3115949459146314,1.138,10.409245808146235
579384.0,2.5,-0.5454524106061552,0.5454524106061552,001571_2014-06-20_17-21-32_260595134347_rgbf000089-resize,-3.0335949459146323,3.0335949459146323,1.86,4.991960350191473
579384.0,2.5,-0.08579430102561307,0.08579430102561307,001132_2014-06-17_14-48-54_260595134347_rgbf000100-resize,-3.473661905844601,3.473661905844601,3.753,14.398279213278778
579384.0,2.5,-0.31599444992548903,0.31599444992548903,000943_2014-06-09_19-31-07_260595134347_rgbf000128-resize,-2.8595083379006256,2.8595083379006256,1.9765,15.893099149291922
579384.0,2.5,-0.8887147809499405,0.8887147809499405,000854_2014-06-09_19-43-13_260595134347_rgbf000066-resize,-3.9510083379006256,3.9510083379006256,3.068,11.910827625938722
579384.0,2.5,-0.012130161929014949,0.012130161929014949,002153_2014-06-25_21-27-18_260595134347_rgbf000038-resize,-2.8068351218726133,2.8068351218726133,2.505,17.28886317575377
579384.0,2.5,-0.28350734184647314,0.28350734184647314,002660_2014-06-13_15-44-18_094959634447_rgbf001878-resize,-3.5872485138586074,3.5872485138586074,3.576,15.11997681444361
579384.0,2.5,-0.8426427622693228,0.8426427622693228,000739_2014-06-08_18-45-58_260595134347_rgbf000068-resize,-4.126421729886619,4.126421729886619,3.534,8.164356963721069
579384.0,2.5,-0.8138412785117951,0.8138412785117951,000522_2014-06-08_13-35-06_260595134347_rgbf000244-resize,-3.545094945914632,3.545094945914632,2.3715,25.742609854068213
579384.0,2.5,-0.5619807573100194,0.5619807573100194,002949_2014-06-26_15-57-42_094959634447_rgbf000079-resize,-3.065094945914632,3.065094945914632,1.8915,17.99500168321199
579384.0,2.5,-0.6755228122635694,0.6755228122635694,000866_2014-06-09_20-45-42_260595134347_rgbf000139-resize,-3.80792172988662,3.80792172988662,3.2155,8.082259189449621
579384.0,2.5,-0.4263433724544813,0.4263433724544813,001555_2014-06-20_17-12-10_260595134347_rgbf000065-resize,-2.8065949459146315,2.8065949459146315,1.633,7.608284543781994
579384.0,2.5,-0.027141914672206058,0.027141914672206058,003534_2014-05-22_15-06-10_094959634447_rgbf000102-resize,-2.3090083379006257,2.3090083379006257,1.426,12.376994007247625
579384.0,2.5,-0.035377320875721874,0.035377320875721874,002637_2014-06-24_14-51-13_094959634447_rgbf000066-resize,-2.58792172988662,2.58792172988662,1.9955,10.972027795242447
579384.0,2.5,-0.1480874357909746,0.1480874357909746,001016_2014-06-09_16-16-10_260595134347_rgbf000112-resize,-2.5395083379006262,2.5395083379006262,1.6565,7.049977084494088
579384.0,2.5,-0.43535318439944737,0.43535318439944737,000773_2014-06-08_22-24-54_260595134347_rgbf000093-resize,-4.403075297830595,4.403075297830595,4.973,21.45352631724976
579384.0,2.5,-0.5479160131987906,0.5479160131987906,001059_2014-06-08_21-53-27_260595134347_rgbf000061-resize,-3.3015083379006267,3.3015083379006267,2.4185,8.755513319222857
579384.0,2.5,-0.7054312491562712,0.7054312491562712,001032_2014-06-08_13-23-17_260595134347_rgbf000021-resize,-3.8649217298866194,3.8649217298866194,3.2725,15.984983178828962
579384.0,2.5,-0.5245089097488714,0.5245089097488714,003292_2014-05-14_21-53-49_094959634447_rgbf000100-resize,-3.783335121872613,3.783335121872613,3.4815,33.084282711345374
579384.0,2.5,-1.0416100423412633,1.0416100423412633,001570_2014-06-20_17-21-09_260595134347_rgbf000135-resize,-4.7688351218726135,4.7688351218726135,4.467,22.179510675592084
579384.0,2.5,-0.5768199071626975,0.5768199071626975,001392_2014-06-19_16-07-59_260595134347_rgbf000046-resize,-4.146248513858607,4.146248513858607,4.135,18.95235574822112
579384.0,2.5,-0.17614673132929634,0.17614673132929634,000447_2014-06-08_16-15-46_260595134347_rgbf000130-resize,-3.9090752978305954,3.9090752978305954,4.479,19.081432914605553
579384.0,2.5,-0.5782628580654149,0.5782628580654149,001447_2014-06-19_17-00-32_260595134347_rgbf000082-resize,-4.148998513858607,4.148998513858607,4.13775,46.830399423560245
579384.0,2.5,-0.6282414302413925,0.6282414302413925,001066_2014-06-08_22-03-20_260595134347_rgbf000066-resize,-4.244248513858608,4.244248513858608,4.2330000000000005,19.743449467077777
579384.0,2.5,-1.1281870965043703,1.1281870965043703,000742_2014-06-08_18-48-09_260595134347_rgbf000164-resize,-4.9338351218726135,4.9338351218726135,4.632,18.91549953899407
579384.0,2.5,-0.3439639936447321,0.3439639936447321,002549_2014-06-24_13-41-39_094959634447_rgbf000022-resize,-2.6495949459146315,2.6495949459146315,1.476,4.1736441355391865
579384.0,2.5,-0.22348564764829812,0.22348564764829812,002750_2014-06-22_19-08-03_094959634447_rgbf000094-resize,-2.9464217298866195,2.9464217298866195,2.354,8.789636111124727
579384.0,2.5,-0.554474880938421,0.554474880938421,000502_2014-06-08_23-02-32_260595134347_rgbf000063-resize,-3.314008337900627,3.314008337900627,2.431,13.897287578908273
579384.0,2.5,-0.7116253519799485,0.7116253519799485,001806_2014-06-26_20-50-20_260595134347_rgbf000091-resize,-3.6135083379006265,3.6135083379006265,2.7305,13.909869710567438
579384.0,2.5,-0.6869064749821042,0.6869064749821042,001617_2014-06-20_11-35-32_260595134347_rgbf000066-resize,-4.092835121872613,4.092835121872613,3.7910000000000004,19.974169961071475
579384.0,2.5,-0.8272662446101692,0.8272662446101692,000506_2014-06-08_23-21-00_260595134347_rgbf000070-resize,-4.360335121872613,4.360335121872613,4.0585,16.716212007621664
579384.0,2.5,-0.5115810360458647,0.5115810360458647,001450_2014-06-19_17-02-03_260595134347_rgbf000203-resize,-4.021915180525308,4.021915180525308,4.0106666666667,12.34882649363641
579384.0,2.5,-0.020947811848538108,0.020947811848538108,003228_2014-05-14_13-42-35_094959634447_rgbf000101-resize,-2.5604217298866194,2.5604217298866194,1.9680000000000002,14.40337638638131
579384.0,2.5,-0.8739205070067951,0.8739205070067951,000368_2014-06-09_15-53-01_260595134347_rgbf000155-resize,-3.659594945914632,3.659594945914632,2.4859999999999998,21.090700959072958
579384.0,2.5,-0.7149335529981766,0.7149335529981766,002678_2014-06-13_16-15-32_094959634447_rgbf000151-resize,-3.3565949459146323,3.3565949459146323,2.1830000000000003,32.96558503300821
579384.0,2.5,-0.4529723754773766,0.4529723754773766,002763_2014-06-22_19-13-10_094959634447_rgbf000075-resize,-2.8573449459146323,2.8573449459146323,1.68375,5.5919783591245595
579384.0,2.5,-0.6488201661827122,0.6488201661827122,002209_2014-06-28_18-36-10_260595134347_rgbf000051-resize,-3.230594945914632,3.230594945914632,2.057,12.962068825921264
579384.0,2.5,-0.06763429176740897,0.06763429176740897,001828_2014-06-26_21-40-03_260595134347_rgbf000024-resize,-3.965488689816589,3.965488689816589,4.8260000000000005,35.55232951340613
579384.0,2.5,-0.5253983840840047,0.5253983840840047,002570_2014-06-24_13-59-54_094959634447_rgbf000059-resize,-4.048248513858606,4.048248513858606,4.037,41.596140375002705
579384.0,2.5,-0.31414530857109524,0.31414530857109524,002467_2014-06-28_20-38-07_260595134347_rgbf000026-resize,-4.172075297830595,4.172075297830595,4.742,15.331046216195933
579384.0,2.5,-0.4608142496165115,0.4608142496165115,001810_2014-06-26_20-51-35_260595134347_rgbf000040-resize,-3.135508337900625,3.135508337900625,2.2525,22.411391411207674
579384.0,2.5,-0.027494021200875296,0.027494021200875296,002663_2014-06-13_15-50-26_094959634447_rgbf000075-resize,-3.8889886898165886,3.8889886898165886,4.7495,16.725954086732166
579384.0,2.5,-0.36614907536580105,0.36614907536580105,000409_2014-06-04_19-23-33_260595134347_rgbf000067-resize,-3.7447485138586067,3.7447485138586067,3.7335,12.696549983566419
579384.0,2.5,-0.6018586731669637,0.6018586731669637,002875_2014-06-01_15-19-00_094959634447_rgbf000151-resize,-3.1410949459146322,3.1410949459146322,1.9675,11.625680938349673
579384.0,2.5,-0.4016244954566303,0.4016244954566303,001092_2014-06-15_17-34-58_260595134347_rgbf000171-resize,-3.2859217298866192,3.2859217298866192,2.6935,9.164038324933468
579384.0,2.5,-0.24988106311002944,0.24988106311002944,001167_2014-06-17_15-38-07_260595134347_rgbf000108-resize,-2.7335083379006258,2.7335083379006258,1.8505,12.019050657019696
579384.0,2.5,-0.2815235727634591,0.2815235727634591,003587_2014-05-23_16-48-02_094959634447_rgbf002384-resize,-2.530594945914632,2.530594945914632,1.357,20.788172722830538
998924.0,2.5,-0.3592190125926811,0.3592190125926811,001808_2014-06-26_20-50-58_260595134347_rgbf000029-resize,-3.9828307455031586,3.9828307455031586,4.249,20.030651550568866
998924.0,2.5,-0.6406251028616025,0.6406251028616025,001029_2014-06-08_13-17-57_260595134347_rgbf000065-resize,-3.710285663815143,3.710285663815143,3.0835,18.209734661918688
998924.0,2.5,-0.8885503034195955,0.8885503034195955,000677_2014-06-08_23-10-32_260595134347_rgbf000158-resize,-4.182785663815143,4.182785663815143,3.556,19.65196273325612
998924.0,2.5,-0.11029464975431913,0.11029464975431913,001417_2014-06-19_16-25-36_260595134347_rgbf000115-resize,-3.912853286347168,3.912853286347168,4.6255,49.17091269608214
998924.0,2.5,-0.4519920666698522,0.4519920666698522,000682_2014-06-08_23-14-58_260595134347_rgbf000041-resize,-3.3507856638151434,3.3507856638151434,2.7239999999999998,8.707843071693064
998924.0,2.5,-1.385561708409556,1.385561708409556,001650_2014-06-20_12-09-00_260595134347_rgbf000087-resize,-3.916718041283119,3.916718041283119,1.9505,47.6804595860539
998924.0,2.5,-0.09440259750525393,0.09440259750525393,001244_2014-06-17_16-47-45_260595134347_rgbf000030-resize,-2.669285663815143,2.669285663815143,2.0425,6.7629638807870815
998924.0,2.5,-0.7685536880231941,0.7685536880231941,003495_2014-05-21_16-01-51_094959634447_rgbf000100-resize,-3.1452405821271268,3.1452405821271268,1.6255,12.747278812179
998924.0,2.5,-0.6701093434511121,0.6701093434511121,000556_2014-06-09_22-42-56_260595134347_rgbf000214-resize,-4.575330745503159,4.575330745503159,4.8415,23.88242025565649
998924.0,2.5,-1.1385743416542824,1.1385743416542824,001150_2014-06-17_15-27-34_260595134347_rgbf000108-resize,-4.659285663815144,4.659285663815144,4.0325,11.088139074292139
998924.0,2.5,-0.18024284409759675,0.18024284409759675,000665_2014-06-09_20-42-35_260595134347_rgbf000110-resize,-3.2373082046591515,3.2373082046591515,3.057,18.49880761375764
998924.0,2.5,-0.6842262412107287,0.6842262412107287,002375_2014-06-28_20-13-44_260595134347_rgbf000032-resize,-4.197808204659151,4.197808204659151,4.0175,48.76103649676905
998924.0,2.5,-0.15820504849243425,0.15820504849243425,002568_2014-06-24_13-59-21_094959634447_rgbf000062-resize,-3.195308204659152,3.195308204659152,3.015,29.63840999388049
998924.0,2.5,-0.7851825478430313,0.7851825478430313,000788_2014-06-08_22-34-36_260595134347_rgbf000131-resize,-3.985785663815143,3.985785663815143,3.359,21.46386213810664
998924.0,2.5,-0.4969049785669102,0.4969049785669102,001235_2014-06-17_16-37-36_260595134347_rgbf000084-resize,-3.840808204659152,3.840808204659152,3.6605,14.547706659434104
998924.0,2.5,-0.17987997627203733,0.17987997627203733,000109_2014-05-14_23-41-52_260595134347_rgbf000035-resize,-2.4277631229711347,2.4277631229711347,1.3545,6.620498200896815
998924.0,2.5,-0.15469392415185926,0.15469392415185926,002509_2014-06-24_13-19-22_094959634447_rgbf000077-resize,-2.3797631229711347,2.3797631229711347,1.3065,40.21868783296904
998924.0,2.5,-0.4160866664685775,0.4160866664685775,002784_2014-06-22_19-26-30_094959634447_rgbf000083-resize,-2.877929789637835,2.877929789637835,1.8046666666667,3.0422522474895675
998924.0,2.5,-0.19803270779140314,0.19803270779140314,001100_2014-06-15_17-46-26_260595134347_rgbf000225-resize,-2.8667856638151434,2.8667856638151434,2.24,9.548860596737413
998924.0,2.5,-0.33598102847521605,0.33598102847521605,000469_2014-06-09_19-42-10_260595134347_rgbf000081-resize,-2.7252631229711346,2.7252631229711346,1.652,25.13136208408983
998924.0,2.5,-0.1706975614365539,0.1706975614365539,000483_2014-06-09_20-41-45_260595134347_rgbf000116-resize,-2.4102631229711347,2.4102631229711347,1.337,29.232414989368262
998924.0,2.5,-0.8029221549788561,0.8029221549788561,002964_2014-06-08_17-46-11_094959634447_rgbf000091-resize,-3.2107405821271264,3.2107405821271264,1.6909999999999998,28.953812917975768
998924.0,2.5,-0.4960174013221772,0.4960174013221772,002136_2014-06-25_21-18-03_260595134347_rgbf000109-resize,-3.0302631229711348,3.0302631229711348,1.9569999999999999,13.297078442475444
998924.0,2.5,-0.3088469083523248,0.3088469083523248,000691_2014-06-08_13-08-50_260595134347_rgbf000132-resize,-3.8868307455031603,3.8868307455031603,4.1530000000000005,14.740846212587924
998924.0,2.5,-0.5275502230303856,0.5275502230303856,000929_2014-06-09_16-33-19_260595134347_rgbf000139-resize,-3.494785663815144,3.494785663815144,2.8680000000000003,19.501338012209015
998924.0,2.5,-0.4908708202464487,0.4908708202464487,000457_2014-06-08_16-52-43_260595134347_rgbf000199-resize,-3.829308204659152,3.829308204659152,3.6489999999999996,14.067279821032837
998924.0,2.5,-0.0420321687041873,0.0420321687041873,003490_2014-05-21_15-50-11_094959634447_rgbf000101-resize,-3.3783307455031597,3.3783307455031597,3.6445,19.999457360175192
998924.0,2.5,-0.2584989375777141,0.2584989375777141,002279_2014-06-28_18-55-32_260595134347_rgbf000040-resize,-2.5775964563044353,2.5775964563044353,1.5043333333333,15.963772282558683
998924.0,2.5,-0.2304028501863477,0.2304028501863477,003048_2014-06-15_13-49-43_094959634447_rgbf000150-resize,-3.7373307455031592,3.7373307455031592,4.0035,24.355606534500392
998924.0,2.5,-0.17442078392873114,0.17442078392873114,002725_2014-06-22_11-47-51_094959634447_rgbf000070-resize,-2.821785663815143,2.821785663815143,2.195,3.938570017428758
998924.0,2.5,-0.7444170547413587,0.7444170547413587,002344_2014-06-28_20-06-29_260595134347_rgbf000030-resize,-3.099240582127127,3.099240582127127,1.5795,37.33165518125916
998924.0,2.5,-1.3281060270104028,1.3281060270104028,000549_2014-06-08_22-10-24_260595134347_rgbf000247-resize,-3.8072180412831194,3.8072180412831194,1.841,30.99307977870557
998924.0,2.5,-0.4205597580776153,0.4205597580776153,000736_2014-06-08_18-24-15_260595134347_rgbf000206-resize,-3.695308204659152,3.695308204659152,3.515,33.408170606136416
998924.0,2.5,-1.0092334698287777,1.0092334698287777,000137_2014-05-20_17-04-49_260595134347_rgbf000120-resize,-4.412785663815144,4.412785663815144,3.786,14.89611111351161
998924.0,2.5,-0.08815634103319805,0.08815634103319805,000642_2014-06-08_16-59-25_260595134347_rgbf000098-resize,-3.0618082046591515,3.0618082046591515,2.8815,31.36214301237791
998924.0,2.5,-0.5164810686698238,0.5164810686698238,002199_2014-06-28_18-33-56_260595134347_rgbf000074-resize,-3.069263122971135,3.069263122971135,1.996,17.12852126070164
998924.0,2.5,-0.2829853771390103,0.2829853771390103,002953_2014-06-08_17-32-18_094959634447_rgbf000059-resize,-2.6242631229711346,2.6242631229711346,1.551,13.905027931093345
998924.0,2.5,-0.08758137505604048,0.08758137505604048,002905_2014-06-03_18-04-43_094959634447_rgbf000151-resize,-2.6562856638151437,2.6562856638151437,2.0295,12.020604335789361
998924.0,2.5,-0.2833985015225537,0.2833985015225537,001052_2014-06-08_18-24-54_260595134347_rgbf000130-resize,-3.8383307455031592,3.8383307455031592,4.1045,25.87613690895519
998924.0,2.5,-0.2491416196025268,0.2491416196025268,000810_2014-06-08_17-20-01_260595134347_rgbf000105-resize,-2.559763122971135,2.559763122971135,1.4865,3.0958890116960642
998924.0,2.5,-0.413425924360837,0.413425924360837,001214_2014-06-17_16-13-55_260595134347_rgbf000111-resize,-3.2772856638151437,3.2772856638151437,2.6505,18.479282579459067
998924.0,2.5,-0.5127578461776465,0.5127578461776465,002272_2014-06-28_18-53-56_260595134347_rgbf000067-resize,-2.6577405821271265,2.6577405821271265,1.138,10.409245808146235
998924.0,2.5,-0.8915980468186503,0.8915980468186503,001571_2014-06-20_17-21-32_260595134347_rgbf000089-resize,-3.379740582127127,3.379740582127127,1.86,4.991960350191473
998924.0,2.5,-0.5454405998401632,0.5454405998401632,001132_2014-06-17_14-48-54_260595134347_rgbf000100-resize,-3.933308204659152,3.933308204659152,3.753,14.398279213278778
998924.0,2.5,-0.059771775840006376,0.059771775840006376,000943_2014-06-09_19-31-07_260595134347_rgbf000128-resize,-2.603285663815143,2.603285663815143,1.9765,15.893099149291922
998924.0,2.5,-1.0789695660204497,1.0789695660204497,000854_2014-06-09_19-43-13_260595134347_rgbf000066-resize,-4.141263122971135,4.141263122971135,3.068,11.910827625938722
998924.0,2.5,-0.2578495815768219,0.2578495815768219,001164_2014-06-17_15-35-46_260595134347_rgbf000085-resize,-2.9807856638151438,2.9807856638151438,2.354,17.325668807481115
998924.0,2.5,-0.0015290303120986115,0.0015290303120986115,001136_2014-06-17_15-19-41_260595134347_rgbf000076-resize,-2.492285663815143,2.492285663815143,1.8655,18.667799879387072
998924.0,2.5,-0.3370807038715448,0.3370807038715448,002153_2014-06-25_21-27-18_260595134347_rgbf000038-resize,-3.131785663815143,3.131785663815143,2.505,17.28886317575377
998924.0,2.5,-0.452567032647017,0.452567032647017,002660_2014-06-13_15-44-18_094959634447_rgbf001878-resize,-3.756308204659152,3.756308204659152,3.576,15.11997681444361
998924.0,2.5,-0.4305292370418545,0.4305292370418545,000739_2014-06-08_18-45-58_260595134347_rgbf000068-resize,-3.7143082046591513,3.7143082046591513,3.534,8.164356963721069
998924.0,2.5,-1.1729428086099332,1.1729428086099332,000734_2014-06-08_17-39-11_260595134347_rgbf000128-resize,-4.724785663815144,4.724785663815144,4.098,16.052231618370055
998924.0,2.5,-1.15998691472429,1.15998691472429,000522_2014-06-08_13-35-06_260595134347_rgbf000244-resize,-3.891240582127127,3.891240582127127,2.3715,25.742609854068213
998924.0,2.5,-0.4616489343665226,0.4616489343665226,002949_2014-06-26_15-57-42_094959634447_rgbf000079-resize,-2.9647631229711346,2.9647631229711346,1.8915,17.99500168321199
998924.0,2.5,-0.2634092870361011,0.2634092870361011,000866_2014-06-09_20-45-42_260595134347_rgbf000139-resize,-3.395808204659152,3.395808204659152,3.2155,8.082259189449621
998924.0,2.5,-0.6638741588987072,0.6638741588987072,003534_2014-05-22_15-06-10_094959634447_rgbf000102-resize,-2.9457405821271267,2.9457405821271267,1.426,12.376994007247625
998924.0,2.5,-0.06974125480424542,0.06974125480424542,002637_2014-06-24_14-51-13_094959634447_rgbf000066-resize,-2.622285663815143,2.622285663815143,1.9955,10.972027795242447
998924.0,2.5,-1.1855860912280038,1.1855860912280038,000773_2014-06-08_22-24-54_260595134347_rgbf000093-resize,-5.153308204659152,5.153308204659152,4.973,21.45352631724976
998924.0,2.5,-0.4190358863781025,0.4190358863781025,002414_2014-06-28_20-24-58_260595134347_rgbf000067-resize,-4.0968307455031585,4.0968307455031585,4.363,31.720662178139435
998924.0,2.5,-0.291693339113308,0.291693339113308,001059_2014-06-08_21-53-27_260595134347_rgbf000061-resize,-3.045285663815143,3.045285663815143,2.4185,8.755513319222857
998924.0,2.5,-0.4029819925354095,0.4029819925354095,003292_2014-05-14_21-53-49_094959634447_rgbf000100-resize,-3.661808204659152,3.661808204659152,3.4815,33.084282711345374
998924.0,2.5,-0.4736056659718093,0.4736056659718093,001570_2014-06-20_17-21-09_260595134347_rgbf000135-resize,-4.200830745503159,4.200830745503159,4.467,22.179510675592084
998924.0,2.5,-0.7458795979632413,0.7458795979632413,001392_2014-06-19_16-07-59_260595134347_rgbf000046-resize,-4.315308204659152,4.315308204659152,4.135,18.95235574822112
998924.0,2.5,-0.7473225488659587,0.7473225488659587,001447_2014-06-19_17-00-32_260595134347_rgbf000082-resize,-4.318058204659152,4.318058204659152,4.13775,46.830399423560245
998924.0,2.5,-1.2437785801979282,1.2437785801979282,001066_2014-06-08_22-03-20_260595134347_rgbf000066-resize,-4.859785663815144,4.859785663815144,4.2330000000000005,19.743449467077777
998924.0,2.5,-0.2436321707012352,0.2436321707012352,002549_2014-06-24_13-41-39_094959634447_rgbf000022-resize,-2.549263122971135,2.549263122971135,1.476,4.1736441355391865
998924.0,2.5,-0.2982522068529384,0.2982522068529384,000502_2014-06-08_23-02-32_260595134347_rgbf000063-resize,-3.0577856638151437,3.0577856638151437,2.431,13.897287578908273
998924.0,2.5,-0.4554026778944658,0.4554026778944658,001806_2014-06-26_20-50-20_260595134347_rgbf000091-resize,-3.357285663815144,3.357285663815144,2.7305,13.909869710567438
998924.0,2.5,-0.11890209861265028,0.11890209861265028,001617_2014-06-20_11-35-32_260595134347_rgbf000066-resize,-3.52483074550316,3.52483074550316,3.7910000000000004,19.974169961071475
998924.0,2.5,-0.25926186824071523,0.25926186824071523,000506_2014-06-08_23-21-00_260595134347_rgbf000070-resize,-3.7923307455031603,3.7923307455031603,4.0585,16.716212007621664
998924.0,2.5,-0.5325349625125052,0.5325349625125052,003079_2014-06-15_15-18-20_094959634447_rgbf000152-resize,-3.504285663815143,3.504285663815143,2.8775,9.032134209869396
998924.0,2.5,-0.023092373056067955,0.023092373056067955,002600_2014-06-24_14-27-04_094959634447_rgbf000074-resize,-2.9378082046591514,2.9378082046591514,2.7575,44.47386082434929
998924.0,2.5,-0.5017892049330535,0.5017892049330535,003228_2014-05-14_13-42-35_094959634447_rgbf000101-resize,-3.041263122971135,3.041263122971135,1.9680000000000002,14.40337638638131
998924.0,2.5,-0.3271112249073064,0.3271112249073064,000368_2014-06-09_15-53-01_260595134347_rgbf000155-resize,-3.1127856638151434,3.1127856638151434,2.4859999999999998,21.090700959072958
998924.0,2.5,-0.3526405525338797,0.3526405525338797,002763_2014-06-22_19-13-10_094959634447_rgbf000075-resize,-2.7570131229711348,2.7570131229711348,1.68375,5.5919783591245595
998924.0,2.5,-0.9949658023952072,0.9949658023952072,002209_2014-06-28_18-36-10_260595134347_rgbf000051-resize,-3.576740582127127,3.576740582127127,2.057,12.962068825921264
998924.0,2.5,-1.1084538066099714,1.1084538066099714,001828_2014-06-26_21-40-03_260595134347_rgbf000024-resize,-5.0063082046591525,5.0063082046591525,4.8260000000000005,35.55232951340613
998924.0,2.5,-0.6944580748845486,0.6944580748845486,002570_2014-06-24_13-59-54_094959634447_rgbf000059-resize,-4.217308204659151,4.217308204659151,4.037,41.596140375002705
998924.0,2.5,-0.17142329708766835,0.17142329708766835,002467_2014-06-28_20-38-07_260595134347_rgbf000026-resize,-4.029353286347168,4.029353286347168,4.742,15.331046216195933
998924.0,2.5,-0.08873130701035298,0.08873130701035298,000409_2014-06-04_19-23-33_260595134347_rgbf000067-resize,-3.4673307455031592,3.4673307455031592,3.7335,12.696549983566419
998924.0,2.5,-0.32029000245809913,0.32029000245809913,001011_2014-06-08_23-18-54_260595134347_rgbf000044-resize,-3.0997856638151435,3.0997856638151435,2.4730000000000003,11.624075606213012
998924.0,2.5,-0.4359884293851538,0.4359884293851538,001092_2014-06-15_17-34-58_260595134347_rgbf000171-resize,-3.320285663815143,3.320285663815143,2.6935,9.164038324933468
998924.0,2.5,-0.030388048366471018,0.030388048366471018,002545_2014-06-24_13-38-53_094959634447_rgbf000080-resize,-2.5472856638151438,2.5472856638151438,1.9205,12.083824048628237
998924.0,2.5,-0.4401358481805385,0.4401358481805385,001167_2014-06-17_15-38-07_260595134347_rgbf000108-resize,-2.9237631229711347,2.9237631229711347,1.8505,12.019050657019696
998924.0,2.5,-1.0741466681319458,1.0741466681319458,003587_2014-05-23_16-48-02_094959634447_rgbf002384-resize,-3.3232180412831185,3.3232180412831185,1.357,20.788172722830538
834029.0,2.5,-0.4233246040067165,0.4233246040067165,001808_2014-06-26_20-50-58_260595134347_rgbf000029-resize,-4.046936336917194,4.046936336917194,4.249,20.030651550568866
834029.0,2.5,-0.08867783278083237,0.08867783278083237,001029_2014-06-08_13-17-57_260595134347_rgbf000065-resize,-3.1583383937343728,3.1583383937343728,3.0835,18.209734661918688
834029.0,2.5,-0.6135050901560041,0.6135050901560041,000677_2014-06-08_23-10-32_260595134347_rgbf000158-resize,-3.907740450551552,3.907740450551552,3.556,19.65196273325612
834029.0,2.5,-0.5236619412730665,0.5236619412730665,003081_2014-06-15_15-19-16_094959634447_rgbf000150-resize,-3.987338393734373,3.987338393734373,3.9125,16.632991649560594
834029.0,2.5,-0.1769468534062607,0.1769468534062607,000682_2014-06-08_23-14-58_260595134347_rgbf000041-resize,-3.075740450551552,3.075740450551552,2.7239999999999998,8.707843071693064
834029.0,2.5,-0.6017902881295243,0.6017902881295243,001650_2014-06-20_12-09-00_260595134347_rgbf000087-resize,-3.1329466210030867,3.1329466210030867,1.9505,47.6804595860539
834029.0,2.5,-0.09625944105884088,0.09625944105884088,001244_2014-06-17_16-47-45_260595134347_rgbf000030-resize,-2.67114250736873,2.67114250736873,2.0425,6.7629638807870815
834029.0,2.5,-0.309725014756334,0.309725014756334,001150_2014-06-17_15-27-34_260595134347_rgbf000108-resize,-3.8304363369171934,3.8304363369171934,4.0325,11.088139074292139
834029.0,2.5,-0.3516750899899971,0.3516750899899971,000665_2014-06-09_20-42-35_260595134347_rgbf000110-resize,-3.4087404505515515,3.4087404505515515,3.057,18.49880761375764
834029.0,2.5,-1.1325605439203077,1.1325605439203077,002375_2014-06-28_20-13-44_260595134347_rgbf000032-resize,-4.64614250736873,4.64614250736873,4.0175,48.76103649676905
834029.0,2.5,-0.05273523756765594,0.05273523756765594,002568_2014-06-24_13-59-21_094959634447_rgbf000062-resize,-3.089838393734373,3.089838393734373,3.015,29.63840999388049
834029.0,2.5,-0.5101373345794399,0.5101373345794399,000788_2014-06-08_22-34-36_260595134347_rgbf000131-resize,-3.710740450551552,3.710740450551552,3.359,21.46386213810664
834029.0,2.5,-0.6683372244593105,0.6683372244593105,001235_2014-06-17_16-37-36_260595134347_rgbf000084-resize,-4.012240450551552,4.012240450551552,3.6605,14.547706659434104
834029.0,2.5,-0.4067962573028348,0.4067962573028348,001094_2014-06-15_17-36-00_260595134347_rgbf000205-resize,-4.015436336917195,4.015436336917195,4.2175,17.196771274488466
834029.0,2.5,-0.2621854557214863,0.2621854557214863,000470_2014-06-09_19-42-40_260595134347_rgbf000094-resize,-2.7365445641859085,2.7365445641859085,1.831,22.486379427626872
834029.0,2.5,-0.2890634743039893,0.2890634743039893,000109_2014-05-14_23-41-52_260595134347_rgbf000035-resize,-2.5369466210030867,2.5369466210030867,1.3545,6.620498200896815
834029.0,2.5,-0.2638774221838112,0.2638774221838112,002509_2014-06-24_13-19-22_094959634447_rgbf000077-resize,-2.4889466210030866,2.4889466210030866,1.3065,40.21868783296904
834029.0,2.5,-0.1897755558759805,0.1897755558759805,003338_2014-05-20_11-01-23_094959634447_rgbf000051-resize,-2.5985445641859086,2.5985445641859086,1.693,28.251495663089063
834029.0,2.5,-0.4767916081621685,0.4767916081621685,001100_2014-06-15_17-46-26_260595134347_rgbf000225-resize,-3.1455445641859088,3.1455445641859088,2.24,9.548860596737413
834029.0,2.5,-0.1682624696899896,0.1682624696899896,000469_2014-06-09_19-42-10_260595134347_rgbf000081-resize,-2.5575445641859083,2.5575445641859083,1.652,25.13136208408983
834029.0,2.5,-0.002979002651327445,0.002979002651327445,000483_2014-06-09_20-41-45_260595134347_rgbf000116-resize,-2.2425445641859083,2.2425445641859083,1.337,29.232414989368262
834029.0,2.5,-0.18872613703763771,0.18872613703763771,002964_2014-06-08_17-46-11_094959634447_rgbf000091-resize,-2.5965445641859084,2.5965445641859084,1.6909999999999998,28.953812917975768
834029.0,2.5,-0.05139678571977235,0.05139678571977235,002136_2014-06-25_21-18-03_260595134347_rgbf000109-resize,-2.58564250736873,2.58564250736873,1.9569999999999999,13.297078442475444
834029.0,2.5,-0.5067534016548005,0.5067534016548005,002039_2014-06-24_20-22-38_260595134347_rgbf000084-resize,-4.205936336917195,4.205936336917195,4.408,15.524303639345458
834029.0,2.5,-0.37295249976636025,0.37295249976636025,000691_2014-06-08_13-08-50_260595134347_rgbf000132-resize,-3.9509363369171946,3.9509363369171946,4.1530000000000005,14.740846212587924
834029.0,2.5,-0.2525050097667941,0.2525050097667941,000929_2014-06-09_16-33-19_260595134347_rgbf000139-resize,-3.2197404505515514,3.2197404505515514,2.8680000000000003,19.501338012209015
834029.0,2.5,-0.3854010093216704,0.3854010093216704,000457_2014-06-08_16-52-43_260595134347_rgbf000199-resize,-3.723838393734373,3.723838393734373,3.6489999999999996,14.067279821032837
834029.0,2.5,-0.3676824356096661,0.3676824356096661,002279_2014-06-28_18-55-32_260595134347_rgbf000040-resize,-2.686779954336387,2.686779954336387,1.5043333333333,15.963772282558683
834029.0,2.5,-0.3896898445798892,0.3896898445798892,000635_2014-06-08_16-38-42_260595134347_rgbf000106-resize,-2.9795445641859084,2.9795445641859084,2.074,10.796976226722654
834029.0,2.5,-0.4531796842994965,0.4531796842994965,002725_2014-06-22_11-47-51_094959634447_rgbf000070-resize,-3.1005445641859084,3.1005445641859084,2.195,3.938570017428758
834029.0,2.5,-0.4071230936173187,0.4071230936173187,002344_2014-06-28_20-06-29_260595134347_rgbf000030-resize,-2.7619466210030867,2.7619466210030867,1.5795,37.33165518125916
834029.0,2.5,-0.022157574751003998,0.022157574751003998,001055_2014-06-08_18-45-35_260595134347_rgbf000111-resize,-2.7807404505515514,2.7807404505515514,2.4290000000000003,8.406298609581565
834029.0,2.5,-0.5443346067303712,0.5443346067303712,000549_2014-06-08_22-10-24_260595134347_rgbf000247-resize,-3.023446621003087,3.023446621003087,1.841,30.99307977870557
834029.0,2.5,-0.315089947152837,0.315089947152837,000736_2014-06-08_18-24-15_260595134347_rgbf000206-resize,-3.589838393734373,3.589838393734373,3.515,33.408170606136416
834029.0,2.5,-0.5364906437427768,0.5364906437427768,000642_2014-06-08_16-59-25_260595134347_rgbf000098-resize,-3.5101425073687302,3.5101425073687302,2.8815,31.36214301237791
834029.0,2.5,-0.2381021790395701,0.2381021790395701,002425_2014-06-28_20-27-29_260595134347_rgbf000031-resize,-3.6939363369171945,3.6939363369171945,3.8960000000000004,8.40495801096819
834029.0,2.5,-0.6256645667017757,0.6256645667017757,002199_2014-06-28_18-33-56_260595134347_rgbf000074-resize,-3.1784466210030873,3.1784466210030873,1.996,17.12852126070164
834029.0,2.5,-0.6674323221257465,0.6674323221257465,000917_2014-06-09_22-45-29_260595134347_rgbf000149-resize,-4.2613383937343725,4.2613383937343725,4.1865,9.740561609074897
834029.0,2.5,-0.11526681835378386,0.11526681835378386,002953_2014-06-08_17-32-18_094959634447_rgbf000059-resize,-2.4565445641859083,2.4565445641859083,1.551,13.905027931093345
834029.0,2.5,-0.08943821860962743,0.08943821860962743,002905_2014-06-03_18-04-43_094959634447_rgbf000151-resize,-2.65814250736873,2.65814250736873,2.0295,12.020604335789361
834029.0,2.5,-0.7809140731713178,0.7809140731713178,003129_2014-05-12_10-48-10_094959634447_rgbf000100-resize,-4.728436336917195,4.728436336917195,4.9305,17.9074543760639
834029.0,2.5,-0.08142306081730033,0.08142306081730033,000810_2014-06-08_17-20-01_260595134347_rgbf000105-resize,-2.3920445641859085,2.3920445641859085,1.4865,3.0958890116960642
834029.0,2.5,-0.41528276791442403,0.41528276791442403,001214_2014-06-17_16-13-55_260595134347_rgbf000111-resize,-3.2791425073687304,3.2791425073687304,2.6505,18.479282579459067
834029.0,2.5,-0.2774020288774319,0.2774020288774319,001571_2014-06-20_17-21-32_260595134347_rgbf000089-resize,-2.7655445641859084,2.7655445641859084,1.86,4.991960350191473
834029.0,2.5,-0.206619613889355,0.206619613889355,002995_2014-06-15_12-31-26_094959634447_rgbf000150-resize,-3.633936336917195,3.633936336917195,3.8360000000000003,27.231594395483473
834029.0,2.5,-0.4036480007878207,0.4036480007878207,001133_2014-06-17_14-49-16_260595134347_rgbf000100-resize,-4.009436336917195,4.009436336917195,4.2115,26.759918254713728
834029.0,2.5,-0.29107115207582124,0.29107115207582124,003070_2014-06-15_14-58-27_094959634447_rgbf000150-resize,-3.293240450551552,3.293240450551552,2.9415,10.664823740812926
834029.0,2.5,-0.06162861939359333,0.06162861939359333,000943_2014-06-09_19-31-07_260595134347_rgbf000128-resize,-2.60514250736873,2.60514250736873,1.9765,15.893099149291922
834029.0,2.5,-0.6343489504180448,0.6343489504180448,000854_2014-06-09_19-43-13_260595134347_rgbf000066-resize,-3.69664250736873,3.69664250736873,3.068,11.910827625938722
834029.0,2.5,-0.28028793068286395,0.28028793068286395,001136_2014-06-17_15-19-41_260595134347_rgbf000076-resize,-2.7710445641859085,2.7710445641859085,1.8655,18.667799879387072
834029.0,2.5,-0.062035490607953325,0.062035490607953325,002153_2014-06-25_21-27-18_260595134347_rgbf000038-resize,-2.8567404505515515,2.8567404505515515,2.505,17.28886317575377
834029.0,2.5,-0.3470972217222388,0.3470972217222388,002660_2014-06-13_15-44-18_094959634447_rgbf001878-resize,-3.650838393734373,3.650838393734373,3.576,15.11997681444361
834029.0,2.5,-1.4517017089806985,1.4517017089806985,000734_2014-06-08_17-39-11_260595134347_rgbf000128-resize,-5.003544564185908,5.003544564185908,4.098,16.052231618370055
834029.0,2.5,-0.8226929536002501,0.8226929536002501,000522_2014-06-08_13-35-06_260595134347_rgbf000244-resize,-3.553946621003087,3.553946621003087,2.3715,25.742609854068213
834029.0,2.5,-0.2939303755812961,0.2939303755812961,002949_2014-06-26_15-57-42_094959634447_rgbf000079-resize,-2.7970445641859083,2.7970445641859083,1.8915,17.99500168321199
834029.0,2.5,-0.4348415329285015,0.4348415329285015,000866_2014-06-09_20-45-42_260595134347_rgbf000139-resize,-3.567240450551552,3.567240450551552,3.2155,8.082259189449621
834029.0,2.5,-0.15829299072575798,0.15829299072575798,001555_2014-06-20_17-12-10_260595134347_rgbf000065-resize,-2.538544564185909,2.538544564185909,1.633,7.608284543781994
834029.0,2.5,-0.3265801977746672,0.3265801977746672,003534_2014-05-22_15-06-10_094959634447_rgbf000102-resize,-2.608446621003087,2.608446621003087,1.426,12.376994007247625
834029.0,2.5,-0.07159809835783237,0.07159809835783237,002637_2014-06-24_14-51-13_094959634447_rgbf000066-resize,-2.62414250736873,2.62414250736873,1.9955,10.972027795242447
834029.0,2.5,-0.016648125849716533,0.016648125849716533,001059_2014-06-08_21-53-27_260595134347_rgbf000061-resize,-2.7702404505515514,2.7702404505515514,2.4185,8.755513319222857
834029.0,2.5,-0.18784791300402467,0.18784791300402467,001032_2014-06-08_13-23-17_260595134347_rgbf000021-resize,-3.347338393734373,3.347338393734373,3.2725,15.984983178828962
834029.0,2.5,-0.2975121816106312,0.2975121816106312,003292_2014-05-14_21-53-49_094959634447_rgbf000100-resize,-3.556338393734373,3.556338393734373,3.4815,33.084282711345374
834029.0,2.5,-0.5377112573858447,0.5377112573858447,001570_2014-06-20_17-21-09_260595134347_rgbf000135-resize,-4.264936336917194,4.264936336917194,4.467,22.179510675592084
834029.0,2.5,-0.6404097870384631,0.6404097870384631,001392_2014-06-19_16-07-59_260595134347_rgbf000046-resize,-4.209838393734373,4.209838393734373,4.135,18.95235574822112
834029.0,2.5,-0.5440077704158963,0.5440077704158963,000447_2014-06-08_16-15-46_260595134347_rgbf000130-resize,-4.276936336917195,4.276936336917195,4.479,19.081432914605553
834029.0,2.5,-1.1956568515755377,1.1956568515755377,001447_2014-06-19_17-00-32_260595134347_rgbf000082-resize,-4.76639250736873,4.76639250736873,4.13775,46.830399423560245
834029.0,2.5,-0.13802719648280115,0.13802719648280115,001066_2014-06-08_22-03-20_260595134347_rgbf000066-resize,-3.7540342801000173,3.7540342801000173,4.2330000000000005,19.743449467077777
834029.0,2.5,-0.6242883115489517,0.6242883115489517,000742_2014-06-08_18-48-09_260595134347_rgbf000164-resize,-4.429936336917193,4.429936336917193,4.632,18.91549953899407
834029.0,2.5,-0.3651730183836544,0.3651730183836544,002758_2014-06-22_19-11-20_094959634447_rgbf000128-resize,-3.1836425073687296,3.1836425073687296,2.555,7.204478276142114
834029.0,2.5,-0.07591361191600876,0.07591361191600876,002549_2014-06-24_13-41-39_094959634447_rgbf000022-resize,-2.3815445641859085,2.3815445641859085,1.476,4.1736441355391865
834029.0,2.5,-0.30010905040652536,0.30010905040652536,000502_2014-06-08_23-02-32_260595134347_rgbf000063-resize,-3.0596425073687303,3.0596425073687303,2.431,13.897287578908273
834029.0,2.5,-0.4572595214480528,0.4572595214480528,001806_2014-06-26_20-50-20_260595134347_rgbf000091-resize,-3.3591425073687304,3.3591425073687304,2.7305,13.909869710567438
834029.0,2.5,-0.1830076900266857,0.1830076900266857,001617_2014-06-20_11-35-32_260595134347_rgbf000066-resize,-3.588936336917195,3.588936336917195,3.7910000000000004,19.974169961071475
834029.0,2.5,-0.5526387975322434,0.5526387975322434,000493_2014-06-09_21-01-18_260595134347_rgbf000196-resize,-3.791740450551552,3.791740450551552,3.44,19.629285382994567
834029.0,2.5,-0.187467720089634,0.187467720089634,000191_2014-05-12_17-07-38_260595134347_rgbf000199-resize,-3.5974363369171947,3.5974363369171947,3.7995,12.340757267219296
834029.0,2.5,-0.5589353105622873,0.5589353105622873,001449_2014-06-19_17-01-27_260595134347_rgbf000116-resize,-3.803740450551552,3.803740450551552,3.452,8.994872108877228
834029.0,2.5,-0.33407064614782694,0.33407064614782694,003228_2014-05-14_13-42-35_094959634447_rgbf000101-resize,-2.8735445641859085,2.8735445641859085,1.9680000000000002,14.40337638638131
834029.0,2.5,-0.6058701252780717,0.6058701252780717,000368_2014-06-09_15-53-01_260595134347_rgbf000155-resize,-3.3915445641859088,3.3915445641859088,2.4859999999999998,21.090700959072958
834029.0,2.5,-0.16998111445227493,0.16998111445227493,002678_2014-06-13_16-15-32_094959634447_rgbf000151-resize,-2.8116425073687297,2.8116425073687297,2.1830000000000003,32.96558503300821
834029.0,2.5,-0.2252467982699013,0.2252467982699013,000009_2014-05-26_14-32-05_260595134347_rgbf000034-resize,-3.6694363369171943,3.6694363369171943,3.8715,34.796526826055185
834029.0,2.5,-1.2798860525023716,1.2798860525023716,001828_2014-06-26_21-40-03_260595134347_rgbf000024-resize,-5.1777404505515525,5.1777404505515525,4.8260000000000005,35.55232951340613
834029.0,2.5,-0.19948268013062964,0.19948268013062964,001110_2014-06-15_17-25-28_260595134347_rgbf000150-resize,-2.6170445641859086,2.6170445641859086,1.7115,9.336195527413247
834029.0,2.5,-0.42997463165119054,0.42997463165119054,000927_2014-06-09_16-32-30_260595134347_rgbf000123-resize,-3.3071425073687295,3.3071425073687295,2.6785,11.715239650325241
834029.0,2.5,-0.5889882639597703,0.5889882639597703,002570_2014-06-24_13-59-54_094959634447_rgbf000059-resize,-4.111838393734373,4.111838393734373,4.037,41.596140375002705
834029.0,2.5,-0.4051042908405166,0.4051042908405166,002467_2014-06-28_20-38-07_260595134347_rgbf000026-resize,-4.263034280100016,4.263034280100016,4.742,15.331046216195933
834029.0,2.5,-0.20644841908461584,0.20644841908461584,001810_2014-06-26_20-51-35_260595134347_rgbf000040-resize,-2.88114250736873,2.88114250736873,2.2525,22.411391411207674
834029.0,2.5,-0.3221468460116861,0.3221468460116861,001011_2014-06-08_23-18-54_260595134347_rgbf000044-resize,-3.1016425073687297,3.1016425073687297,2.4730000000000003,11.624075606213012
834029.0,2.5,-0.056906234621062035,0.056906234621062035,002875_2014-06-01_15-19-00_094959634447_rgbf000151-resize,-2.59614250736873,2.59614250736873,1.9675,11.625680938349673
834029.0,2.5,-0.7147473297559191,0.7147473297559191,001092_2014-06-15_17-34-58_260595134347_rgbf000171-resize,-3.5990445641859083,3.5990445641859083,2.6935,9.164038324933468
834029.0,2.5,-0.3091469487372364,0.3091469487372364,002545_2014-06-24_13-38-53_094959634447_rgbf000080-resize,-2.8260445641859087,2.8260445641859087,1.9205,12.083824048628237
834029.0,2.5,-0.2724172893953122,0.2724172893953122,001167_2014-06-17_15-38-07_260595134347_rgbf000108-resize,-2.7560445641859084,2.7560445641859084,1.8505,12.019050657019696
834029.0,2.5,-0.2903752478519141,0.2903752478519141,003587_2014-05-23_16-48-02_094959634447_rgbf002384-resize,-2.539446621003087,2.539446621003087,1.357,20.788172722830538
601933.0,2.5,-0.4458729627339152,0.4458729627339152,001808_2014-06-26_20-50-58_260595134347_rgbf000029-resize,-4.069484695644393,4.069484695644393,4.249,20.030651550568866
601933.0,2.5,-0.6139334564637766,0.6139334564637766,001029_2014-06-08_13-17-57_260595134347_rgbf000065-resize,-3.683594017417317,3.683594017417317,3.0835,18.209734661918688
601933.0,2.5,-0.08224933524884592,0.08224933524884592,000677_2014-06-08_23-10-32_260595134347_rgbf000158-resize,-3.3764846956443937,3.3764846956443937,3.556,19.65196273325612
601933.0,2.5,-0.30115220508111995,0.30115220508111995,001516_2014-06-20_16-25-09_260595134347_rgbf000076-resize,-2.7343986783037795,2.7343986783037795,1.7445,3.8622659094666254
601933.0,2.5,-0.25362139816508256,0.25362139816508256,001417_2014-06-19_16-25-36_260595134347_rgbf000115-resize,-4.056180034757931,4.056180034757931,4.6255,49.17091269608214
601933.0,2.5,-1.1888516672031406,1.1888516672031406,001650_2014-06-20_12-09-00_260595134347_rgbf000087-resize,-3.7200080000767026,3.7200080000767026,1.9505,47.6804595860539
601933.0,2.5,-1.237124933766814,1.237124933766814,001244_2014-06-17_16-47-45_260595134347_rgbf000030-resize,-3.8120080000767027,3.8120080000767027,2.0425,6.7629638807870815
601933.0,2.5,-1.0183211059727704,1.0183211059727704,003495_2014-05-21_16-01-51_094959634447_rgbf000100-resize,-3.395008000076703,3.395008000076703,1.6255,12.747278812179
601933.0,2.5,-0.36695863270588397,0.36695863270588397,000556_2014-06-09_22-42-56_260595134347_rgbf000214-resize,-4.272180034757931,4.272180034757931,4.8415,23.88242025565649
601933.0,2.5,-0.7142073930824325,0.7142073930824325,002375_2014-06-28_20-13-44_260595134347_rgbf000032-resize,-4.227789356530855,4.227789356530855,4.0175,48.76103649676905
601933.0,2.5,-0.7584909014452055,0.7584909014452055,000788_2014-06-08_22-34-36_260595134347_rgbf000131-resize,-3.959094017417317,3.959094017417317,3.359,21.46386213810664
601933.0,2.5,-0.526886130438614,0.526886130438614,001235_2014-06-17_16-37-36_260595134347_rgbf000084-resize,-3.870789356530855,3.870789356530855,3.6605,14.547706659434104
601933.0,2.5,-0.3810169119092485,0.3810169119092485,000780_2014-06-08_22-28-29_260595134347_rgbf000126-resize,-3.592789356530855,3.592789356530855,3.3825,14.165390776882042
601933.0,2.5,-0.3465395698393571,0.3465395698393571,000470_2014-06-09_19-42-40_260595134347_rgbf000094-resize,-2.8208986783037786,2.8208986783037786,1.831,22.486379427626872
601933.0,2.5,-0.4611341403709655,0.4611341403709655,002509_2014-06-24_13-19-22_094959634447_rgbf000077-resize,-2.6862033391902407,2.6862033391902407,1.3065,40.21868783296904
601933.0,2.5,-0.27412966999385124,0.27412966999385124,003338_2014-05-20_11-01-23_094959634447_rgbf000051-resize,-2.682898678303779,2.682898678303779,1.693,28.251495663089063
601933.0,2.5,-0.7225268826876837,0.7225268826876837,002784_2014-06-22_19-26-30_094959634447_rgbf000083-resize,-3.1843700058569415,3.1843700058569415,1.8046666666667,3.0422522474895675
601933.0,2.5,-1.3407550440529632,1.3407550440529632,001100_2014-06-15_17-46-26_260595134347_rgbf000225-resize,-4.0095080000767025,4.0095080000767025,2.24,9.548860596737413
601933.0,2.5,-0.0873331167691982,0.0873331167691982,000483_2014-06-09_20-41-45_260595134347_rgbf000116-resize,-2.3268986783037797,2.3268986783037797,1.337,29.232414989368262
601933.0,2.5,-1.0526895729284325,1.0526895729284325,002964_2014-06-08_17-46-11_094959634447_rgbf000091-resize,-3.460508000076703,3.460508000076703,1.6909999999999998,28.953812917975768
601933.0,2.5,-0.4126529566548215,0.4126529566548215,002136_2014-06-25_21-18-03_260595134347_rgbf000109-resize,-2.9468986783037794,2.9468986783037794,1.9569999999999999,13.297078442475444
601933.0,2.5,-0.395500858493559,0.395500858493559,000691_2014-06-08_13-08-50_260595134347_rgbf000132-resize,-3.9734846956443937,3.9734846956443937,4.1530000000000005,14.740846212587924
601933.0,2.5,-0.11105391574609756,0.11105391574609756,000929_2014-06-09_16-33-19_260595134347_rgbf000139-resize,-3.078289356530856,3.078289356530856,2.8680000000000003,19.501338012209015
601933.0,2.5,-0.5208519721181525,0.5208519721181525,000457_2014-06-08_16-52-43_260595134347_rgbf000199-resize,-3.8592893565308546,3.8592893565308546,3.6489999999999996,14.067279821032837
601933.0,2.5,-0.3065626119441788,0.3065626119441788,003621_2014-05-23_18-06-08_094959634447_rgbf000101-resize,-3.8039846956443935,3.8039846956443935,3.9835,23.07176470133362
601933.0,2.5,-0.8482162121233343,0.8482162121233343,001584_2014-06-20_11-07-43_260595134347_rgbf000002-resize,-4.130094017417317,4.130094017417317,3.53,17.602834139105468
601933.0,2.5,-0.17513449291035846,0.17513449291035846,002279_2014-06-28_18-55-32_260595134347_rgbf000040-resize,-2.494232011637079,2.494232011637079,1.5043333333333,15.963772282558683
601933.0,2.5,-0.8778078567493527,0.8778078567493527,002043_2014-06-24_20-29-38_260595134347_rgbf000039-resize,-3.8333986783037792,3.8333986783037792,2.8435,8.475049543704081
601933.0,2.5,-1.4864707829869674,1.4864707829869674,003048_2014-06-15_13-49-43_094959634447_rgbf000150-resize,-4.9933986783037785,4.9933986783037785,4.0035,24.355606534500392
601933.0,2.5,-0.9273384593038292,0.9273384593038292,002725_2014-06-22_11-47-51_094959634447_rgbf000070-resize,-3.5747033391902407,3.5747033391902407,2.195,3.938570017428758
601933.0,2.5,-0.3517866640310635,0.3517866640310635,000549_2014-06-08_22-10-24_260595134347_rgbf000247-resize,-2.8308986783037797,2.8308986783037797,1.841,30.99307977870557
601933.0,2.5,-0.06073624906285746,0.06073624906285746,000736_2014-06-08_18-24-15_260595134347_rgbf000206-resize,-3.3354846956443938,3.3354846956443938,3.515,33.408170606136416
601933.0,2.5,-0.5927371625444896,0.5927371625444896,000137_2014-05-20_17-04-49_260595134347_rgbf000120-resize,-3.9962893565308546,3.9962893565308546,3.786,14.89611111351161
601933.0,2.5,-0.507942153791364,0.507942153791364,000642_2014-06-08_16-59-25_260595134347_rgbf000098-resize,-3.481594017417317,3.481594017417317,2.8815,31.36214301237791
601933.0,2.5,-0.003226130106593533,0.003226130106593533,001056_2014-06-08_18-46-44_260595134347_rgbf000068-resize,-2.8727893565308547,2.8727893565308547,2.6625,11.38594592369452
601933.0,2.5,-0.82292128488893,0.82292128488893,002199_2014-06-28_18-33-56_260595134347_rgbf000074-resize,-3.375703339190241,3.375703339190241,1.996,17.12852126070164
601933.0,2.5,-0.02327396314930485,0.02327396314930485,000917_2014-06-09_22-45-29_260595134347_rgbf000149-resize,-3.617180034757931,3.617180034757931,4.1865,9.740561609074897
601933.0,2.5,-0.09368406735636192,0.09368406735636192,000878_2014-06-08_22-52-45_260595134347_rgbf000045-resize,-2.6920940174173174,2.6920940174173174,2.092,5.576511521775202
601933.0,2.5,-0.5894255933581165,0.5894255933581165,002953_2014-06-08_17-32-18_094959634447_rgbf000059-resize,-2.930703339190241,2.930703339190241,1.551,13.905027931093345
601933.0,2.5,-0.8404990504311385,0.8404990504311385,002905_2014-06-03_18-04-43_094959634447_rgbf000151-resize,-3.409203339190241,3.409203339190241,2.0295,12.020604335789361
601933.0,2.5,-0.4136577710120544,0.4136577710120544,003129_2014-05-12_10-48-10_094959634447_rgbf000100-resize,-4.361180034757932,4.361180034757932,4.9305,17.9074543760639
601933.0,2.5,-0.7176724418641623,0.7176724418641623,002988_2014-06-15_12-24-20_094959634447_rgbf000150-resize,-4.5874846956443935,4.5874846956443935,4.7669999999999995,14.460306569198616
601933.0,2.5,-0.3867342779630112,0.3867342779630112,001214_2014-06-17_16-13-55_260595134347_rgbf000111-resize,-3.2505940174173173,3.2505940174173173,2.6505,18.479282579459067
601933.0,2.5,-0.3727206032407608,0.3727206032407608,002272_2014-06-28_18-53-56_260595134347_rgbf000067-resize,-2.5177033391902413,2.5177033391902413,1.138,10.409245808146235
601933.0,2.5,-0.3617561429953027,0.3617561429953027,001571_2014-06-20_17-21-32_260595134347_rgbf000089-resize,-2.8498986783037794,2.8498986783037794,1.86,4.991960350191473
601933.0,2.5,-0.6670379829142091,0.6670379829142091,002748_2014-06-22_19-07-22_094959634447_rgbf000078-resize,-4.490984695644394,4.490984695644394,4.6705,35.71435075733748
601933.0,2.5,-0.6189726335030153,0.6189726335030153,002995_2014-06-15_12-31-26_094959634447_rgbf000150-resize,-4.046289356530854,4.046289356530854,3.8360000000000003,27.231594395483473
601933.0,2.5,-0.3318477061025871,0.3318477061025871,000709_2014-06-08_13-51-55_260595134347_rgbf000068-resize,-2.7928986783037795,2.7928986783037795,1.8030000000000002,14.429351101546246
601933.0,2.5,-0.620962596065458,0.620962596065458,001164_2014-06-17_15-35-46_260595134347_rgbf000085-resize,-3.3438986783037787,3.3438986783037787,2.354,17.325668807481115
601933.0,2.5,-0.4825481845187208,0.4825481845187208,002660_2014-06-13_15-44-18_094959634447_rgbf001878-resize,-3.7862893565308546,3.7862893565308546,3.576,15.11997681444361
601933.0,2.5,-0.36664184043918346,0.36664184043918346,000734_2014-06-08_17-39-11_260595134347_rgbf000128-resize,-3.9184846956443935,3.9184846956443935,4.098,16.052231618370055
601933.0,2.5,-0.6301450109009424,0.6301450109009424,000522_2014-06-08_13-35-06_260595134347_rgbf000244-resize,-3.3613986783037797,3.3613986783037797,2.3715,25.742609854068213
601933.0,2.5,-0.3782844896991669,0.3782844896991669,002949_2014-06-26_15-57-42_094959634447_rgbf000079-resize,-2.8813986783037797,2.8813986783037797,1.8915,17.99500168321199
601933.0,2.5,-0.6831950997942671,0.6831950997942671,000866_2014-06-09_20-45-42_260595134347_rgbf000139-resize,-3.815594017417317,3.815594017417317,3.2155,8.082259189449621
601933.0,2.5,-0.2426471048436287,0.2426471048436287,001555_2014-06-20_17-12-10_260595134347_rgbf000065-resize,-2.6228986783037795,2.6228986783037795,1.633,7.608284543781994
601933.0,2.5,-0.5238369159618215,0.5238369159618215,003534_2014-05-22_15-06-10_094959634447_rgbf000102-resize,-2.8057033391902406,2.8057033391902406,1.426,12.376994007247625
601933.0,2.5,-0.2549777761941281,0.2549777761941281,001016_2014-06-09_16-16-10_260595134347_rgbf000112-resize,-2.6463986783037794,2.6463986783037794,1.6565,7.049977084494088
601933.0,2.5,-1.0734700325427784,1.0734700325427784,002340_2014-06-28_20-05-46_260595134347_rgbf000113-resize,-3.853203339190241,3.853203339190241,2.4735,7.91768620575396
601933.0,2.5,-0.04615326044032175,0.04615326044032175,000773_2014-06-08_22-24-54_260595134347_rgbf000093-resize,-4.0138753738714685,4.0138753738714685,4.973,21.45352631724976
601933.0,2.5,-0.6548063536019441,0.6548063536019441,001059_2014-06-08_21-53-27_260595134347_rgbf000061-resize,-3.408398678303779,3.408398678303779,2.4185,8.755513319222857
601933.0,2.5,-0.3232988758005068,0.3232988758005068,001032_2014-06-08_13-23-17_260595134347_rgbf000021-resize,-3.4827893565308545,3.4827893565308545,3.2725,15.984983178828962
601933.0,2.5,-1.2125724661800374,1.2125724661800374,003292_2014-05-14_21-53-49_094959634447_rgbf000100-resize,-4.471398678303778,4.471398678303778,3.4815,33.084282711345374
601933.0,2.5,-0.7247015814658441,0.7247015814658441,002639_2014-06-24_14-51-37_094959634447_rgbf000074-resize,-4.247789356530855,4.247789356530855,4.0375,16.521406794569987
601933.0,2.5,-0.17045495522658127,0.17045495522658127,001570_2014-06-20_17-21-09_260595134347_rgbf000135-resize,-3.897680034757931,3.897680034757931,4.467,22.179510675592084
601933.0,2.5,-0.9563607900295568,0.9563607900295568,000447_2014-06-08_16-15-46_260595134347_rgbf000130-resize,-4.689289356530855,4.689289356530855,4.479,19.081432914605553
601933.0,2.5,-1.9467176833970483,1.9467176833970483,001447_2014-06-19_17-00-32_260595134347_rgbf000082-resize,-5.517453339190241,5.517453339190241,4.13775,46.830399423560245
601933.0,2.5,-0.047672951140716346,0.047672951140716346,001066_2014-06-08_22-03-20_260595134347_rgbf000066-resize,-3.663680034757932,3.663680034757932,4.2330000000000005,19.743449467077777
601933.0,2.5,-0.2570320093896883,0.2570320093896883,000742_2014-06-08_18-48-09_260595134347_rgbf000164-resize,-4.062680034757931,4.062680034757931,4.632,18.91549953899407
601933.0,2.5,-0.5751049594451694,0.5751049594451694,002630_2014-06-24_14-47-50_094959634447_rgbf000055-resize,-3.609594017417317,3.609594017417317,3.0095,10.661401196716628
601933.0,2.5,-0.7264291893187035,0.7264291893187035,002758_2014-06-22_19-11-20_094959634447_rgbf000128-resize,-3.5448986783037792,3.5448986783037792,2.555,7.204478276142114
601933.0,2.5,-0.23115793517899585,0.23115793517899585,002750_2014-06-22_19-08-03_094959634447_rgbf000094-resize,-2.9540940174173174,2.9540940174173174,2.354,8.789636111124727
601933.0,2.5,-0.27156056045511257,0.27156056045511257,000502_2014-06-08_23-02-32_260595134347_rgbf000063-resize,-3.0310940174173173,3.0310940174173173,2.431,13.897287578908273
601933.0,2.5,-0.02767955565512914,0.02767955565512914,001449_2014-06-19_17-01-27_260595134347_rgbf000116-resize,-3.2724846956443936,3.2724846956443936,3.452,8.994872108877228
601933.0,2.5,-0.41842476026569775,0.41842476026569775,003228_2014-05-14_13-42-35_094959634447_rgbf000101-resize,-2.9578986783037786,2.9578986783037786,1.9680000000000002,14.40337638638131
601933.0,2.5,-0.6902242393959425,0.6902242393959425,000368_2014-06-09_15-53-01_260595134347_rgbf000155-resize,-3.4758986783037797,3.4758986783037797,2.4859999999999998,21.090700959072958
601933.0,2.5,-0.10108443678185937,0.10108443678185937,000906_2014-06-08_13-35-43_260595134347_rgbf000155-resize,-3.0592893565308548,3.0592893565308548,2.8489999999999998,16.12201726422563
601933.0,2.5,-0.645678376323584,0.645678376323584,002805_2014-06-22_19-54-03_094959634447_rgbf000079-resize,-3.744094017417317,3.744094017417317,3.1439999999999997,7.377848172936663
601933.0,2.5,-0.011621480813315571,0.011621480813315571,000927_2014-06-09_16-32-30_260595134347_rgbf000123-resize,-2.8887893565308547,2.8887893565308547,2.6785,11.715239650325241
601933.0,2.5,-0.3346345658697908,0.3346345658697908,002570_2014-06-24_13-59-54_094959634447_rgbf000059-resize,-3.8574846956443936,3.8574846956443936,4.037,41.596140375002705
601933.0,2.5,-0.9575092509061268,0.9575092509061268,001810_2014-06-26_20-51-35_260595134347_rgbf000040-resize,-3.6322033391902413,3.6322033391902413,2.2525,22.411391411207674
601933.0,2.5,-0.9549945789245108,0.9549945789245108,000409_2014-06-04_19-23-33_260595134347_rgbf000067-resize,-4.333594017417317,4.333594017417317,3.7335,12.696549983566419
601933.0,2.5,-0.028357744669649243,0.028357744669649243,002875_2014-06-01_15-19-00_094959634447_rgbf000151-resize,-2.567594017417317,2.567594017417317,1.9675,11.625680938349673
601933.0,2.5,-0.3567714035131829,0.3567714035131829,001167_2014-06-17_15-38-07_260595134347_rgbf000108-resize,-2.84039867830378,2.84039867830378,1.8505,12.019050657019696
601933.0,2.5,-0.4876319660390685,0.4876319660390685,003587_2014-05-23_16-48-02_094959634447_rgbf002384-resize,-2.7367033391902407,2.7367033391902407,1.357,20.788172722830538
867654.0,2.5,-0.6471099764998389,0.6471099764998389,000677_2014-06-08_23-10-32_260595134347_rgbf000158-resize,-3.941345336895387,3.941345336895387,3.556,19.65196273325612
867654.0,2.5,-0.2105517397500956,0.2105517397500956,000682_2014-06-08_23-14-58_260595134347_rgbf000041-resize,-3.1093453368953865,3.1093453368953865,2.7239999999999998,8.707843071693064
867654.0,2.5,-1.420998611555248,1.420998611555248,001650_2014-06-20_12-09-00_260595134347_rgbf000087-resize,-3.9521549444288095,3.9521549444288095,1.9505,47.6804595860539
867654.0,2.5,-1.2504680503248775,1.2504680503248775,003495_2014-05-21_16-01-51_094959634447_rgbf000100-resize,-3.6271549444288103,3.6271549444288103,1.6255,12.747278812179
867654.0,2.5,-1.1589640149005336,1.1589640149005336,001158_2014-06-17_15-32-16_260595134347_rgbf000138-resize,-4.916845336895387,4.916845336895387,4.5315,26.954451973303737
867654.0,2.5,-1.3216239348433392,1.3216239348433392,000556_2014-06-09_22-42-56_260595134347_rgbf000214-resize,-5.226845336895386,5.226845336895386,4.8415,23.88242025565649
867654.0,2.5,-1.1934347801005438,1.1934347801005438,000665_2014-06-09_20-42-35_260595134347_rgbf000110-resize,-4.250500140662099,4.250500140662099,3.057,18.49880761375764
867654.0,2.5,-0.8892633734469639,0.8892633734469639,002375_2014-06-28_20-13-44_260595134347_rgbf000032-resize,-4.402845336895386,4.402845336895386,4.0175,48.76103649676905
867654.0,2.5,-1.3518970246899866,1.3518970246899866,000788_2014-06-08_22-34-36_260595134347_rgbf000131-resize,-4.552500140662098,4.552500140662098,3.359,21.46386213810664
867654.0,2.5,-0.5501410321976763,0.5501410321976763,000470_2014-06-09_19-42-40_260595134347_rgbf000094-resize,-3.0245001406620986,3.0245001406620986,1.831,22.486379427626872
867654.0,2.5,-1.108271797729713,1.108271797729713,000109_2014-05-14_23-41-52_260595134347_rgbf000035-resize,-3.3561549444288112,3.3561549444288112,1.3545,6.620498200896815
867654.0,2.5,-0.4777311323521705,0.4777311323521705,003338_2014-05-20_11-01-23_094959634447_rgbf000051-resize,-2.8865001406620987,2.8865001406620987,1.693,28.251495663089063
867654.0,2.5,-0.7647471846383584,0.7647471846383584,001100_2014-06-15_17-46-26_260595134347_rgbf000225-resize,-3.4335001406620984,3.4335001406620984,2.24,9.548860596737413
867654.0,2.5,-0.4562180461661796,0.4562180461661796,000469_2014-06-09_19-42-10_260595134347_rgbf000081-resize,-2.8455001406620983,2.8455001406620983,1.652,25.13136208408983
867654.0,2.5,-0.2909345791275174,0.2909345791275174,000483_2014-06-09_20-41-45_260595134347_rgbf000116-resize,-2.5305001406620984,2.5305001406620984,1.337,29.232414989368262
867654.0,2.5,-1.2848365172805398,1.2848365172805398,002964_2014-06-08_17-46-11_094959634447_rgbf000091-resize,-3.6926549444288095,3.6926549444288095,1.6909999999999998,28.953812917975768
867654.0,2.5,-0.6162544190131407,0.6162544190131407,002136_2014-06-25_21-18-03_260595134347_rgbf000109-resize,-3.1505001406620985,3.1505001406620985,1.9569999999999999,13.297078442475444
867654.0,2.5,-1.0941624016329925,1.0941624016329925,002039_2014-06-24_20-22-38_260595134347_rgbf000084-resize,-4.793345336895387,4.793345336895387,4.408,15.524303639345458
867654.0,2.5,-0.9603614997445521,0.9603614997445521,000691_2014-06-08_13-08-50_260595134347_rgbf000132-resize,-4.538345336895387,4.538345336895387,4.1530000000000005,14.740846212587924
867654.0,2.5,-1.0942646998773409,1.0942646998773409,000929_2014-06-09_16-33-19_260595134347_rgbf000139-resize,-4.0615001406620985,4.0615001406620985,2.8680000000000003,19.501338012209015
867654.0,2.5,-0.6959079524826839,0.6959079524826839,000457_2014-06-08_16-52-43_260595134347_rgbf000199-resize,-4.034345336895386,4.034345336895386,3.6489999999999996,14.067279821032837
867654.0,2.5,-0.06326844942846027,0.06326844942846027,003621_2014-05-23_18-06-08_094959634447_rgbf000101-resize,-3.5606905331286747,3.5606905331286747,3.9835,23.07176470133362
867654.0,2.5,-0.20572705673320985,0.20572705673320985,001175_2014-06-17_15-45-55_260595134347_rgbf000129-resize,-3.8321905331286743,3.8321905331286743,4.255,15.34903910495583
867654.0,2.5,-0.6935467600964145,0.6935467600964145,003490_2014-05-21_15-50-11_094959634447_rgbf000101-resize,-4.029845336895386,4.029845336895386,3.6445,19.999457360175192
867654.0,2.5,-0.2732545153409601,0.2732545153409601,002043_2014-06-24_20-29-38_260595134347_rgbf000039-resize,-3.2288453368953864,3.2288453368953864,2.8435,8.475049543704081
867654.0,2.5,-0.4181766132763303,0.4181766132763303,002344_2014-06-28_20-06-29_260595134347_rgbf000030-resize,-2.7730001406620985,2.7730001406620985,1.5795,37.33165518125916
867654.0,2.5,-0.5553881263893827,0.5553881263893827,000549_2014-06-08_22-10-24_260595134347_rgbf000247-resize,-3.0345001406620984,3.0345001406620984,1.841,30.99307977870557
867654.0,2.5,-0.2931934732694333,0.2931934732694333,000642_2014-06-08_16-59-25_260595134347_rgbf000098-resize,-3.2668453368953867,3.2668453368953867,2.8815,31.36214301237791
867654.0,2.5,-0.17828211047112502,0.17828211047112502,001056_2014-06-08_18-46-44_260595134347_rgbf000068-resize,-3.0478453368953864,3.0478453368953864,2.6625,11.38594592369452
867654.0,2.5,-0.6367180863607873,0.6367180863607873,002199_2014-06-28_18-33-56_260595134347_rgbf000074-resize,-3.189500140662098,3.189500140662098,1.996,17.12852126070164
867654.0,2.5,-0.1697844615200485,0.1697844615200485,000917_2014-06-09_22-45-29_260595134347_rgbf000149-resize,-3.7636905331286745,3.7636905331286745,4.1865,9.740561609074897
867654.0,2.5,-0.4032223948299738,0.4032223948299738,002953_2014-06-08_17-32-18_094959634447_rgbf000059-resize,-2.7445001406620984,2.7445001406620984,1.551,13.905027931093345
867654.0,2.5,-0.6542958519029958,0.6542958519029958,002905_2014-06-03_18-04-43_094959634447_rgbf000151-resize,-3.2230001406620987,3.2230001406620987,2.0295,12.020604335789361
867654.0,2.5,-2.1067938224109084,2.1067938224109084,003423_2014-05-21_10-23-26_094959634447_rgbf002665-resize,-5.2591549444288095,5.2591549444288095,3.2575,35.43119222475438
867654.0,2.5,-0.5601682693827981,0.5601682693827981,003129_2014-05-12_10-48-10_094959634447_rgbf000100-resize,-4.507690533128676,4.507690533128676,4.9305,17.9074543760639
867654.0,2.5,-0.3693786372934903,0.3693786372934903,000810_2014-06-08_17-20-01_260595134347_rgbf000105-resize,-2.6800001406620986,2.6800001406620986,1.4865,3.0958890116960642
867654.0,2.5,-0.9801404012077924,0.9801404012077924,001214_2014-06-17_16-13-55_260595134347_rgbf000111-resize,-3.8440001406620974,3.8440001406620974,2.6505,18.479282579459067
867654.0,2.5,-0.18651740471261813,0.18651740471261813,002272_2014-06-28_18-53-56_260595134347_rgbf000067-resize,-2.331500140662098,2.331500140662098,1.138,10.409245808146235
867654.0,2.5,-1.231898624165202,1.231898624165202,002748_2014-06-22_19-07-22_094959634447_rgbf000078-resize,-5.055845336895387,5.055845336895387,4.6705,35.71435075733748
867654.0,2.5,-1.6021834176342586,1.6021834176342586,002995_2014-06-15_12-31-26_094959634447_rgbf000150-resize,-5.0295001406620985,5.0295001406620985,3.8360000000000003,27.231594395483473
867654.0,2.5,-0.10891816889628077,0.10891816889628077,000436_2014-06-09_22-25-11_260595134347_rgbf000137-resize,-3.6476905331286744,3.6476905331286744,4.0705,20.69156545677159
867654.0,2.5,-0.27603811890204416,0.27603811890204416,002444_2014-06-28_20-32-08_260595134347_rgbf000027-resize,-3.966190533128673,3.966190533128673,4.388999999999999,17.102760279009576
867654.0,2.5,-0.18290219699930094,0.18290219699930094,001133_2014-06-17_14-49-16_260595134347_rgbf000100-resize,-3.7886905331286744,3.7886905331286744,4.2115,26.759918254713728
867654.0,2.5,-1.132830842186368,1.132830842186368,003070_2014-06-15_14-58-27_094959634447_rgbf000150-resize,-4.135000140662099,4.135000140662099,2.9415,10.664823740812926
867654.0,2.5,-0.5552858281450197,0.5552858281450197,000758_2014-06-08_22-05-08_260595134347_rgbf000085-resize,-3.7663453368953865,3.7663453368953865,3.3810000000000002,11.91317737826679
867654.0,2.5,-1.1992065837114132,1.1992065837114132,000854_2014-06-09_19-43-13_260595134347_rgbf000066-resize,-4.261500140662099,4.261500140662099,3.068,11.910827625938722
867654.0,2.5,-0.9037951807185,0.9037951807185,002153_2014-06-25_21-27-18_260595134347_rgbf000038-resize,-3.698500140662098,3.698500140662098,2.505,17.28886317575377
867654.0,2.5,-0.6355663692780897,0.6355663692780897,000739_2014-06-08_18-45-58_260595134347_rgbf000068-resize,-3.9193453368953866,3.9193453368953866,3.534,8.164356963721069
867654.0,2.5,-0.9315024816901764,0.9315024816901764,000734_2014-06-08_17-39-11_260595134347_rgbf000128-resize,-4.483345336895386,4.483345336895386,4.098,16.052231618370055
867654.0,2.5,-0.025591669492549814,0.025591669492549814,000522_2014-06-08_13-35-06_260595134347_rgbf000244-resize,-2.7568453368953865,2.7568453368953865,2.3715,25.742609854068213
867654.0,2.5,-0.446248567201948,0.446248567201948,001555_2014-06-20_17-12-10_260595134347_rgbf000065-resize,-2.8265001406620978,2.8265001406620978,1.633,7.608284543781994
867654.0,2.5,-1.1457885212003909,1.1457885212003909,003534_2014-05-22_15-06-10_094959634447_rgbf000102-resize,-3.4276549444288102,3.4276549444288102,1.426,12.376994007247625
867654.0,2.5,-1.3906232234642388,1.3906232234642388,000773_2014-06-08_22-24-54_260595134347_rgbf000093-resize,-5.358345336895386,5.358345336895386,4.973,21.45352631724976
867654.0,2.5,-0.2623956740036181,0.2623956740036181,002414_2014-06-28_20-24-58_260595134347_rgbf000067-resize,-3.9401905331286753,3.9401905331286753,4.363,31.720662178139435
867654.0,2.5,-0.05025301219355144,0.05025301219355144,001059_2014-06-08_21-53-27_260595134347_rgbf000061-resize,-2.8038453368953866,2.8038453368953866,2.4185,8.755513319222857
867654.0,2.5,-1.30650965993175,1.30650965993175,001032_2014-06-08_13-23-17_260595134347_rgbf000021-resize,-4.466000140662098,4.466000140662098,3.2725,15.984983178828962
867654.0,2.5,-0.6080191247716447,0.6080191247716447,003292_2014-05-14_21-53-49_094959634447_rgbf000100-resize,-3.866845336895387,3.866845336895387,3.4815,33.084282711345374
867654.0,2.5,-0.8997575618303755,0.8997575618303755,002639_2014-06-24_14-51-37_094959634447_rgbf000074-resize,-4.422845336895387,4.422845336895387,4.0375,16.521406794569987
867654.0,2.5,-0.3169654535973249,0.3169654535973249,001570_2014-06-20_17-21-09_260595134347_rgbf000135-resize,-4.044190533128675,4.044190533128675,4.467,22.179510675592084
867654.0,2.5,-0.3232619666273765,0.3232619666273765,000447_2014-06-08_16-15-46_260595134347_rgbf000130-resize,-4.0561905331286745,4.0561905331286745,4.479,19.081432914605553
867654.0,2.5,-0.952359681102194,0.952359681102194,001447_2014-06-19_17-00-32_260595134347_rgbf000082-resize,-4.523095336895387,4.523095336895387,4.13775,46.830399423560245
867654.0,2.5,-0.12187584791031085,0.12187584791031085,002758_2014-06-22_19-11-20_094959634447_rgbf000128-resize,-2.9403453368953865,2.9403453368953865,2.555,7.204478276142114
867654.0,2.5,-0.8649666836998937,0.8649666836998937,000502_2014-06-08_23-02-32_260595134347_rgbf000063-resize,-3.624500140662098,3.624500140662098,2.431,13.897287578908273
867654.0,2.5,-0.14564782823819805,0.14564782823819805,003083_2014-06-15_15-21-03_094959634447_rgbf000063-resize,-3.7176905331286747,3.7176905331286747,4.1405,19.172834459547143
867654.0,2.5,-1.0221171547414212,1.0221171547414212,001806_2014-06-26_20-50-20_260595134347_rgbf000091-resize,-3.9240001406620975,3.9240001406620975,2.7305,13.909869710567438
867654.0,2.5,-0.1026216558662309,0.1026216558662309,000506_2014-06-08_23-21-00_260595134347_rgbf000070-resize,-3.6356905331286753,3.6356905331286753,4.0585,16.716212007621664
867654.0,2.5,-0.07752305531593222,0.07752305531593222,001450_2014-06-19_17-02-03_260595134347_rgbf000203-resize,-3.587857199795375,3.587857199795375,4.0106666666667,12.34882649363641
867654.0,2.5,-1.036284309059015,1.036284309059015,002600_2014-06-24_14-27-04_094959634447_rgbf000074-resize,-3.9510001406620985,3.9510001406620985,2.7575,44.47386082434929
867654.0,2.5,-0.6220262226240171,0.6220262226240171,003228_2014-05-14_13-42-35_094959634447_rgbf000101-resize,-3.1615001406620977,3.1615001406620977,1.9680000000000002,14.40337638638131
867654.0,2.5,-0.8938257017542617,0.8938257017542617,000368_2014-06-09_15-53-01_260595134347_rgbf000155-resize,-3.6795001406620984,3.6795001406620984,2.4859999999999998,21.090700959072958
867654.0,2.5,-0.5053361350794952,0.5053361350794952,001828_2014-06-26_21-40-03_260595134347_rgbf000024-resize,-4.403190533128676,4.403190533128676,4.8260000000000005,35.55232951340613
867654.0,2.5,-0.8994952071207838,0.8994952071207838,002570_2014-06-24_13-59-54_094959634447_rgbf000059-resize,-4.422345336895386,4.422345336895386,4.037,41.596140375002705
867654.0,2.5,-0.7402458984025801,0.7402458984025801,000409_2014-06-04_19-23-33_260595134347_rgbf000067-resize,-4.118845336895387,4.118845336895387,3.7335,12.696549983566419
867654.0,2.5,-0.19454810246539728,0.19454810246539728,001092_2014-06-15_17-34-58_260595134347_rgbf000171-resize,-3.0788453368953865,3.0788453368953865,2.6935,9.164038324933468
867654.0,2.5,-0.3014287675109257,0.3014287675109257,003587_2014-05-23_16-48-02_094959634447_rgbf002384-resize,-2.5505001406620984,2.5505001406620984,1.357,20.788172722830538
535394.0,2.5,-0.8547924371950549,0.8547924371950549,001417_2014-06-19_16-25-36_260595134347_rgbf000115-resize,-4.657351073787903,4.657351073787903,4.6255,49.17091269608214
535394.0,2.5,-1.4489472644788401,1.4489472644788401,003081_2014-06-15_15-19-16_094959634447_rgbf000150-resize,-4.912623716940146,4.912623716940146,3.9125,16.632991649560594
535394.0,2.5,-0.17981502436002672,0.17981502436002672,000682_2014-06-08_23-14-58_260595134347_rgbf000041-resize,-3.0786086215053183,3.0786086215053183,2.7239999999999998,8.707843071693064
535394.0,2.5,-0.7422249317839978,0.7422249317839978,001650_2014-06-20_12-09-00_260595134347_rgbf000087-resize,-3.2733812646575604,3.2733812646575604,1.9505,47.6804595860539
535394.0,2.5,-0.14498310291284303,0.14498310291284303,001244_2014-06-17_16-47-45_260595134347_rgbf000030-resize,-2.7198661692227324,2.7198661692227324,2.0425,6.7629638807870815
535394.0,2.5,-0.2489368228362137,0.2489368228362137,003495_2014-05-21_16-01-51_094959634447_rgbf000100-resize,-2.6256237169401464,2.6256237169401464,1.6255,12.747278812179
535394.0,2.5,-0.8054697517930508,0.8054697517930508,001158_2014-06-17_15-32-16_260595134347_rgbf000138-resize,-4.563351073787903,4.563351073787903,4.5315,26.954451973303737
535394.0,2.5,-1.2908872194532703,1.2908872194532703,000556_2014-06-09_22-42-56_260595134347_rgbf000214-resize,-5.196108621505316,5.196108621505316,4.8415,23.88242025565649
535394.0,2.5,-0.22088220390962846,0.22088220390962846,001150_2014-06-17_15-27-34_260595134347_rgbf000108-resize,-3.741593526070489,3.741593526070489,4.0325,11.088139074292139
535394.0,2.5,-0.3545432609437631,0.3545432609437631,000665_2014-06-09_20-42-35_260595134347_rgbf000110-resize,-3.4116086215053176,3.4116086215053176,3.057,18.49880761375764
535394.0,2.5,-0.5357691103394812,0.5357691103394812,002375_2014-06-28_20-13-44_260595134347_rgbf000032-resize,-4.049351073787904,4.049351073787904,4.0175,48.76103649676905
535394.0,2.5,-0.3325054653386006,0.3325054653386006,002568_2014-06-24_13-59-21_094959634447_rgbf000062-resize,-3.3696086215053183,3.3696086215053183,3.015,29.63840999388049
535394.0,2.5,-0.5130055055332059,0.5130055055332059,000788_2014-06-08_22-34-36_260595134347_rgbf000131-resize,-3.7136086215053177,3.7136086215053177,3.359,21.46386213810664
535394.0,2.5,-0.025690299978248118,0.025690299978248118,001235_2014-06-17_16-37-36_260595134347_rgbf000084-resize,-3.3695935260704886,3.3695935260704886,3.6605,14.547706659434104
535394.0,2.5,-0.35676460847572433,0.35676460847572433,000470_2014-06-09_19-42-40_260595134347_rgbf000094-resize,-2.8311237169401466,2.8311237169401466,1.831,22.486379427626872
535394.0,2.5,-0.10674057024104887,0.10674057024104887,000109_2014-05-14_23-41-52_260595134347_rgbf000035-resize,-2.3546237169401465,2.3546237169401465,1.3545,6.620498200896815
535394.0,2.5,-0.7270696135556993,0.7270696135556993,002509_2014-06-24_13-19-22_094959634447_rgbf000077-resize,-2.952138812374975,2.952138812374975,1.3065,40.21868783296904
535394.0,2.5,-0.6071122563476326,0.6071122563476326,003338_2014-05-20_11-01-23_094959634447_rgbf000051-resize,-3.015881264657561,3.015881264657561,1.693,28.251495663089063
535394.0,2.5,-0.8941283086338205,0.8941283086338205,001100_2014-06-15_17-46-26_260595134347_rgbf000225-resize,-3.5628812646575607,3.5628812646575607,2.24,9.548860596737413
535394.0,2.5,-0.2628416224442276,0.2628416224442276,000469_2014-06-09_19-42-10_260595134347_rgbf000081-resize,-2.6521237169401464,2.6521237169401464,1.652,25.13136208408983
535394.0,2.5,-0.09755815540556544,0.09755815540556544,000483_2014-06-09_20-41-45_260595134347_rgbf000116-resize,-2.3371237169401464,2.3371237169401464,1.337,29.232414989368262
535394.0,2.5,-0.6060628375092898,0.6060628375092898,002964_2014-06-08_17-46-11_094959634447_rgbf000091-resize,-3.0138812646575603,3.0138812646575603,1.6909999999999998,28.953812917975768
535394.0,2.5,-0.6068672366370692,0.6068672366370692,000691_2014-06-08_13-08-50_260595134347_rgbf000132-resize,-4.184851073787904,4.184851073787904,4.1530000000000005,14.740846212587924
535394.0,2.5,-0.2553731807205601,0.2553731807205601,000929_2014-06-09_16-33-19_260595134347_rgbf000139-resize,-3.2226086215053185,3.2226086215053185,2.8680000000000003,19.501338012209015
535394.0,2.5,-0.6027308162113347,0.6027308162113347,001584_2014-06-20_11-07-43_260595134347_rgbf000002-resize,-3.8846086215053175,3.8846086215053175,3.53,17.602834139105468
535394.0,2.5,-0.1853595315467257,0.1853595315467257,002279_2014-06-28_18-55-32_260595134347_rgbf000040-resize,-2.5044570502734462,2.5044570502734462,1.5043333333333,15.963772282558683
535394.0,2.5,-0.2056656307536776,0.2056656307536776,003048_2014-06-15_13-49-43_094959634447_rgbf000150-resize,-3.7125935260704885,3.7125935260704885,4.0035,24.355606534500392
535394.0,2.5,-0.8703152849892068,0.8703152849892068,002344_2014-06-28_20-06-29_260595134347_rgbf000030-resize,-3.2251388123749747,3.2251388123749747,1.5795,37.33165518125916
535394.0,2.5,-1.007526798102259,1.007526798102259,000549_2014-06-08_22-10-24_260595134347_rgbf000247-resize,-3.486638812374975,3.486638812374975,1.841,30.99307977870557
535394.0,2.5,-0.917617722641196,0.917617722641196,000736_2014-06-08_18-24-15_260595134347_rgbf000206-resize,-4.1923661692227325,4.1923661692227325,3.515,33.408170606136416
535394.0,2.5,-0.09154133208412374,0.09154133208412374,000137_2014-05-20_17-04-49_260595134347_rgbf000120-resize,-3.4950935260704887,3.4950935260704887,3.786,14.89611111351161
535394.0,2.5,-0.7660992103562494,0.7660992103562494,002199_2014-06-28_18-33-56_260595134347_rgbf000074-resize,-3.3188812646575605,3.3188812646575605,1.996,17.12852126070164
535394.0,2.5,-0.6244450021792772,0.6244450021792772,000917_2014-06-09_22-45-29_260595134347_rgbf000149-resize,-4.218351073787903,4.218351073787903,4.1865,9.740561609074897
535394.0,2.5,-0.3854398617471684,0.3854398617471684,002323_2014-06-28_20-01-54_260595134347_rgbf000051-resize,-3.762851073787904,3.762851073787904,3.7310000000000003,18.09172628388976
535394.0,2.5,-0.17095621916177686,0.17095621916177686,000878_2014-06-08_22-52-45_260595134347_rgbf000045-resize,-2.7693661692227325,2.7693661692227325,2.092,5.576511521775202
535394.0,2.5,-0.5326035188254359,0.5326035188254359,002953_2014-06-08_17-32-18_094959634447_rgbf000059-resize,-2.8738812646575607,2.8738812646575607,1.551,13.905027931093345
535394.0,2.5,-0.4609194281810438,0.4609194281810438,002905_2014-06-03_18-04-43_094959634447_rgbf000151-resize,-3.0296237169401463,3.0296237169401463,2.0295,12.020604335789361
535394.0,2.5,-0.6992160944110436,0.6992160944110436,000414_2014-06-04_19-49-13_260595134347_rgbf000044-resize,-4.360851073787903,4.360851073787903,4.329,13.241348366125557
535394.0,2.5,-2.3058590009116835,2.3058590009116835,003129_2014-05-12_10-48-10_094959634447_rgbf000100-resize,-6.253381264657562,6.253381264657562,4.9305,17.9074543760639
535394.0,2.5,-0.6062812722902581,0.6062812722902581,002988_2014-06-15_12-24-20_094959634447_rgbf000150-resize,-4.476093526070491,4.476093526070491,4.7669999999999995,14.460306569198616
535394.0,2.5,-0.4640064297684261,0.4640064297684261,001214_2014-06-17_16-13-55_260595134347_rgbf000111-resize,-3.327866169222732,3.327866169222732,2.6505,18.479282579459067
535394.0,2.5,-0.3158985287080802,0.3158985287080802,002272_2014-06-28_18-53-56_260595134347_rgbf000067-resize,-2.4608812646575604,2.4608812646575604,1.138,10.409245808146235
535394.0,2.5,-0.6947387293490841,0.6947387293490841,001571_2014-06-20_17-21-32_260595134347_rgbf000089-resize,-3.1828812646575613,3.1828812646575613,1.86,4.991960350191473
535394.0,2.5,-0.6375627376585297,0.6375627376585297,001133_2014-06-17_14-49-16_260595134347_rgbf000100-resize,-4.243351073787903,4.243351073787903,4.2115,26.759918254713728
535394.0,2.5,-0.3969834689689156,0.3969834689689156,001132_2014-06-17_14-48-54_260595134347_rgbf000100-resize,-3.784851073787904,3.784851073787904,3.753,14.398279213278778
535394.0,2.5,-0.11035228124759544,0.11035228124759544,000943_2014-06-09_19-31-07_260595134347_rgbf000128-resize,-2.653866169222732,2.653866169222732,1.9765,15.893099149291922
535394.0,2.5,-0.683072612272047,0.683072612272047,000854_2014-06-09_19-43-13_260595134347_rgbf000066-resize,-3.745366169222733,3.745366169222733,3.068,11.910827625938722
535394.0,2.5,-0.308430086984411,0.308430086984411,001164_2014-06-17_15-35-46_260595134347_rgbf000085-resize,-3.031366169222732,3.031366169222732,2.354,17.325668807481115
535394.0,2.5,-0.374867083437102,0.374867083437102,001136_2014-06-17_15-19-41_260595134347_rgbf000076-resize,-2.8656237169401466,2.8656237169401466,1.8655,18.667799879387072
535394.0,2.5,-0.3876612092791337,0.3876612092791337,002153_2014-06-25_21-27-18_260595134347_rgbf000038-resize,-3.1823661692227323,3.1823661692227323,2.505,17.28886317575377
535394.0,2.5,-0.5780082185826937,0.5780082185826937,000734_2014-06-08_17-39-11_260595134347_rgbf000128-resize,-4.129851073787903,4.129851073787903,4.098,16.052231618370055
535394.0,2.5,-0.9631275972547236,0.9631275972547236,000522_2014-06-08_13-35-06_260595134347_rgbf000244-resize,-3.6943812646575607,3.6943812646575607,2.3715,25.742609854068213
535394.0,2.5,-0.3885095283355341,0.3885095283355341,002949_2014-06-26_15-57-42_094959634447_rgbf000079-resize,-2.8916237169401464,2.8916237169401464,1.8915,17.99500168321199
535394.0,2.5,-0.4377097038822675,0.4377097038822675,000866_2014-06-09_20-45-42_260595134347_rgbf000139-resize,-3.5701086215053177,3.5701086215053177,3.2155,8.082259189449621
535394.0,2.5,-0.8983872389148245,0.8983872389148245,001555_2014-06-20_17-12-10_260595134347_rgbf000065-resize,-3.2786388123749752,3.2786388123749752,1.633,7.608284543781994
535394.0,2.5,-0.4670148414291409,0.4670148414291409,003534_2014-05-22_15-06-10_094959634447_rgbf000102-resize,-2.7488812646575607,2.7488812646575607,1.426,12.376994007247625
535394.0,2.5,-0.7143714126393418,0.7143714126393418,000773_2014-06-08_22-24-54_260595134347_rgbf000093-resize,-4.6820935260704895,4.6820935260704895,4.973,21.45352631724976
535394.0,2.5,-0.07154111922801787,0.07154111922801787,002414_2014-06-28_20-24-58_260595134347_rgbf000067-resize,-3.7493359783530753,3.7493359783530753,4.363,31.720662178139435
535394.0,2.5,-0.6650313922383113,0.6650313922383113,001059_2014-06-08_21-53-27_260595134347_rgbf000061-resize,-3.4186237169401466,3.4186237169401466,2.4185,8.755513319222857
535394.0,2.5,-0.7903756884923838,0.7903756884923838,001032_2014-06-08_13-23-17_260595134347_rgbf000021-resize,-3.9498661692227324,3.9498661692227324,3.2725,15.984983178828962
535394.0,2.5,-0.9000399570989903,0.9000399570989903,003292_2014-05-14_21-53-49_094959634447_rgbf000100-resize,-4.1588661692227324,4.1588661692227324,3.4815,33.084282711345374
535394.0,2.5,-0.2746649193745793,0.2746649193745793,001392_2014-06-19_16-07-59_260595134347_rgbf000046-resize,-3.8440935260704885,3.8440935260704885,4.135,18.95235574822112
535394.0,2.5,-0.9216229657121252,0.9216229657121252,001447_2014-06-19_17-00-32_260595134347_rgbf000082-resize,-4.492358621505319,4.492358621505319,4.13775,46.830399423560245
535394.0,2.5,-0.4138966802376565,0.4138966802376565,002758_2014-06-22_19-11-20_094959634447_rgbf000128-resize,-3.232366169222733,3.232366169222733,2.555,7.204478276142114
535394.0,2.5,-0.17049276467024674,0.17049276467024674,002549_2014-06-24_13-41-39_094959634447_rgbf000022-resize,-2.4761237169401467,2.4761237169401467,1.476,4.1736441355391865
535394.0,2.5,-0.6715902599779418,0.6715902599779418,000502_2014-06-08_23-02-32_260595134347_rgbf000063-resize,-3.4311237169401467,3.4311237169401467,2.431,13.897287578908273
535394.0,2.5,-0.5059831833020549,0.5059831833020549,001806_2014-06-26_20-50-20_260595134347_rgbf000091-resize,-3.407866169222732,3.407866169222732,2.7305,13.909869710567438
535394.0,2.5,-0.2327494207685955,0.2327494207685955,000493_2014-06-09_21-01-18_260595134347_rgbf000196-resize,-3.471851073787904,3.471851073787904,3.44,19.629285382994567
535394.0,2.5,-0.2390459337986393,0.2390459337986393,001449_2014-06-19_17-01-27_260595134347_rgbf000116-resize,-3.483851073787904,3.483851073787904,3.452,8.994872108877228
535394.0,2.5,-0.5201503376196488,0.5201503376196488,002600_2014-06-24_14-27-04_094959634447_rgbf000074-resize,-3.434866169222732,3.434866169222732,2.7575,44.47386082434929
535394.0,2.5,-0.10589225118465072,0.10589225118465072,003228_2014-05-14_13-42-35_094959634447_rgbf000101-resize,-2.645366169222732,2.645366169222732,1.9680000000000002,14.40337638638131
535394.0,2.5,-0.7004492780323097,0.7004492780323097,000368_2014-06-09_15-53-01_260595134347_rgbf000155-resize,-3.4861237169401464,3.4861237169401464,2.4859999999999998,21.090700959072958
535394.0,2.5,-0.21870477630627705,0.21870477630627705,002678_2014-06-13_16-15-32_094959634447_rgbf000151-resize,-2.8603661692227327,2.8603661692227327,2.1830000000000003,32.96558503300821
535394.0,2.5,-0.15259138949081266,0.15259138949081266,002209_2014-06-28_18-36-10_260595134347_rgbf000051-resize,-2.7343661692227323,2.7343661692227323,2.057,12.962068825921264
535394.0,2.5,-0.255172080938618,0.255172080938618,001810_2014-06-26_20-51-35_260595134347_rgbf000040-resize,-2.9298661692227324,2.9298661692227324,2.2525,22.411391411207674
535394.0,2.5,-1.0322667307299258,1.0322667307299258,000409_2014-06-04_19-23-33_260595134347_rgbf000067-resize,-4.410866169222731,4.410866169222731,3.7335,12.696549983566419
535394.0,2.5,-0.6897539898669642,0.6897539898669642,001167_2014-06-17_15-38-07_260595134347_rgbf000108-resize,-3.1733812646575608,3.1733812646575608,1.8505,12.019050657019696
535394.0,2.5,-0.7535674392238023,0.7535674392238023,003587_2014-05-23_16-48-02_094959634447_rgbf002384-resize,-3.002638812374975,3.002638812374975,1.357,20.788172722830538
923742.0,2.5,-0.33424783712521755,0.33424783712521755,001808_2014-06-26_20-50-58_260595134347_rgbf000029-resize,-3.957859570035696,3.957859570035696,4.249,20.030651550568866
923742.0,2.5,-0.5555398245910601,0.5555398245910601,000677_2014-06-08_23-10-32_260595134347_rgbf000158-resize,-3.849775184986608,3.849775184986608,3.556,19.65196273325612
923742.0,2.5,-0.3849161983651649,0.3849161983651649,001516_2014-06-20_16-25-09_260595134347_rgbf000076-resize,-2.8181626715878236,2.8181626715878236,1.7445,3.8622659094666254
923742.0,2.5,-0.4930063387142616,0.4930063387142616,001650_2014-06-20_12-09-00_260595134347_rgbf000087-resize,-3.0241626715878236,3.0241626715878236,1.9505,47.6804595860539
923742.0,2.5,-0.541279605277935,0.541279605277935,001244_2014-06-17_16-47-45_260595134347_rgbf000030-resize,-3.1161626715878237,3.1161626715878237,2.0425,6.7629638807870815
923742.0,2.5,-0.712419520784499,0.712419520784499,003495_2014-05-21_16-01-51_094959634447_rgbf000100-resize,-3.089106414888432,3.089106414888432,1.6255,12.747278812179
923742.0,2.5,-0.8055638628257469,0.8055638628257469,001150_2014-06-17_15-27-34_260595134347_rgbf000108-resize,-4.326275184986607,4.326275184986607,4.0325,11.088139074292139
923742.0,2.5,-0.6027213498878813,0.6027213498878813,002375_2014-06-28_20-13-44_260595134347_rgbf000032-resize,-4.116303313336304,4.116303313336304,4.0175,48.76103649676905
923742.0,2.5,-0.46450274036500105,0.46450274036500105,000780_2014-06-08_22-28-29_260595134347_rgbf000126-resize,-3.6762751849866073,3.6762751849866073,3.3825,14.165390776882042
923742.0,2.5,-0.8202473064240097,0.8202473064240097,000470_2014-06-09_19-42-40_260595134347_rgbf000094-resize,-3.2946064148884315,3.2946064148884315,1.831,22.486379427626872
923742.0,2.5,-0.7651951398396379,0.7651951398396379,000109_2014-05-14_23-41-52_260595134347_rgbf000035-resize,-3.013078286538736,3.013078286538736,1.3545,6.620498200896815
923742.0,2.5,-0.15509347276854846,0.15509347276854846,002509_2014-06-24_13-19-22_094959634447_rgbf000077-resize,-2.3801626715878244,2.3801626715878244,1.3065,40.21868783296904
923742.0,2.5,-0.6114580867355707,0.6114580867355707,002784_2014-06-22_19-26-30_094959634447_rgbf000083-resize,-3.073301209904828,3.073301209904828,1.8046666666667,3.0422522474895675
923742.0,2.5,-0.8398815872143881,0.8398815872143881,001100_2014-06-15_17-46-26_260595134347_rgbf000225-resize,-3.5086345432381276,3.5086345432381276,2.24,9.548860596737413
923742.0,2.5,-0.3363805770919053,0.3363805770919053,000469_2014-06-09_19-42-10_260595134347_rgbf000081-resize,-2.7256626715878243,2.7256626715878243,1.652,25.13136208408983
923742.0,2.5,-0.17109711005324313,0.17109711005324313,000483_2014-06-09_20-41-45_260595134347_rgbf000116-resize,-2.4106626715878243,2.4106626715878243,1.337,29.232414989368262
923742.0,2.5,-0.7467879877401611,0.7467879877401611,002964_2014-06-08_17-46-11_094959634447_rgbf000091-resize,-3.1546064148884314,3.1546064148884314,1.6909999999999998,28.953812917975768
923742.0,2.5,-1.623492782316811,1.623492782316811,002103_2014-06-25_20-00-40_260595134347_rgbf000049-resize,-5.1786626715878255,5.1786626715878255,4.105,11.598018874569219
923742.0,2.5,-0.6043378005739051,0.6043378005739051,000457_2014-06-08_16-52-43_260595134347_rgbf000199-resize,-3.942775184986608,3.942775184986608,3.6489999999999996,14.067279821032837
923742.0,2.5,-0.19493748633548116,0.19493748633548116,003621_2014-05-23_18-06-08_094959634447_rgbf000101-resize,-3.692359570035696,3.692359570035696,3.9835,23.07176470133362
923742.0,2.5,-0.9318411229932329,0.9318411229932329,001584_2014-06-20_11-07-43_260595134347_rgbf000002-resize,-4.213718928287216,4.213718928287216,3.53,17.602834139105468
923742.0,2.5,-0.25889848619440337,0.25889848619440337,002279_2014-06-28_18-55-32_260595134347_rgbf000040-resize,-2.577996004921124,2.577996004921124,1.5043333333333,15.963772282558683
923742.0,2.5,-0.231354048400804,0.231354048400804,002725_2014-06-22_11-47-51_094959634447_rgbf000070-resize,-2.878718928287216,2.878718928287216,2.195,3.938570017428758
923742.0,2.5,-0.8832547591529674,0.8832547591529674,002344_2014-06-28_20-06-29_260595134347_rgbf000030-resize,-3.238078286538736,3.238078286538736,1.5795,37.33165518125916
923742.0,2.5,-0.6305225289654124,0.6305225289654124,000549_2014-06-08_22-10-24_260595134347_rgbf000247-resize,-3.109634543238128,3.109634543238128,1.841,30.99307977870557
923742.0,2.5,-0.2016233213606544,0.2016233213606544,000642_2014-06-08_16-59-25_260595134347_rgbf000098-resize,-3.1752751849866074,3.1752751849866074,2.8815,31.36214301237791
923742.0,2.5,-1.1017962322374244,1.1017962322374244,002199_2014-06-28_18-33-56_260595134347_rgbf000074-resize,-3.654578286538736,3.654578286538736,1.996,17.12852126070164
923742.0,2.5,-0.10648162677676526,0.10648162677676526,000917_2014-06-09_22-45-29_260595134347_rgbf000149-resize,-3.700387698385392,3.700387698385392,4.1865,9.740561609074897
923742.0,2.5,-0.5672527215268688,0.5672527215268688,000878_2014-06-08_22-52-45_260595134347_rgbf000045-resize,-3.1656626715878238,3.1656626715878238,2.092,5.576511521775202
923742.0,2.5,-0.8683005407066109,0.8683005407066109,002953_2014-06-08_17-32-18_094959634447_rgbf000059-resize,-3.2095782865387354,3.2095782865387354,1.551,13.905027931093345
923742.0,2.5,-0.14451463952811328,0.14451463952811328,002905_2014-06-03_18-04-43_094959634447_rgbf000151-resize,-2.713218928287216,2.713218928287216,2.0295,12.020604335789361
923742.0,2.5,-0.1069216913389066,0.1069216913389066,003129_2014-05-12_10-48-10_094959634447_rgbf000100-resize,-4.054443955084784,4.054443955084784,4.9305,17.9074543760639
923742.0,2.5,-0.08041544553230158,0.08041544553230158,001214_2014-06-17_16-13-55_260595134347_rgbf000111-resize,-2.944275184986608,2.944275184986608,2.6505,18.479282579459067
923742.0,2.5,-0.6515955505892552,0.6515955505892552,002272_2014-06-28_18-53-56_260595134347_rgbf000067-resize,-2.796578286538735,2.796578286538735,1.138,10.409245808146235
923742.0,2.5,-0.4455201362793476,0.4455201362793476,001571_2014-06-20_17-21-32_260595134347_rgbf000089-resize,-2.9336626715878245,2.9336626715878245,1.86,4.991960350191473
923742.0,2.5,-0.11754284700785612,0.11754284700785612,002995_2014-06-15_12-31-26_094959634447_rgbf000150-resize,-3.544859570035696,3.544859570035696,3.8360000000000003,27.231594395483473
923742.0,2.5,-0.407707155809065,0.407707155809065,002444_2014-06-28_20-32-08_260595134347_rgbf000027-resize,-4.097859570035695,4.097859570035695,4.388999999999999,17.102760279009576
923742.0,2.5,-0.2331058865108772,0.2331058865108772,003070_2014-06-15_14-58-27_094959634447_rgbf000150-resize,-3.2352751849866075,3.2352751849866075,2.9415,10.664823740812926
923742.0,2.5,-0.11670504031207918,0.11670504031207918,000943_2014-06-09_19-31-07_260595134347_rgbf000128-resize,-2.660218928287216,2.660218928287216,1.9765,15.893099149291922
923742.0,2.5,-0.415611699386632,0.415611699386632,000709_2014-06-08_13-51-55_260595134347_rgbf000068-resize,-2.8766626715878236,2.8766626715878236,1.8030000000000002,14.429351101546246
923742.0,2.5,-1.079369114637139,1.079369114637139,000854_2014-06-09_19-43-13_260595134347_rgbf000066-resize,-4.141662671587824,4.141662671587824,3.068,11.910827625938722
923742.0,2.5,-0.3940139683436176,0.3940139683436176,002153_2014-06-25_21-27-18_260595134347_rgbf000038-resize,-3.188718928287216,3.188718928287216,2.505,17.28886317575377
923742.0,2.5,-0.9339399606699192,0.9339399606699192,000739_2014-06-08_18-45-58_260595134347_rgbf000068-resize,-4.2177189282872165,4.2177189282872165,3.534,8.164356963721069
923742.0,2.5,-1.2988246191358988,1.2988246191358988,000522_2014-06-08_13-35-06_260595134347_rgbf000244-resize,-4.030078286538736,4.030078286538736,2.3715,25.742609854068213
923742.0,2.5,-0.4620484829832118,0.4620484829832118,002949_2014-06-26_15-57-42_094959634447_rgbf000079-resize,-2.9651626715878234,2.9651626715878234,1.8915,17.99500168321199
923742.0,2.5,-0.5718481390138617,0.5718481390138617,000866_2014-06-09_20-45-42_260595134347_rgbf000139-resize,-3.704247056636912,3.704247056636912,3.2155,8.082259189449621
923742.0,2.5,-0.3264110981276737,0.3264110981276737,001555_2014-06-20_17-12-10_260595134347_rgbf000065-resize,-2.706662671587824,2.706662671587824,1.633,7.608284543781994
923742.0,2.5,-0.8027118633103159,0.8027118633103159,003534_2014-05-22_15-06-10_094959634447_rgbf000102-resize,-3.0845782865387354,3.0845782865387354,1.426,12.376994007247625
923742.0,2.5,-0.338741769478173,0.338741769478173,001016_2014-06-09_16-16-10_260595134347_rgbf000112-resize,-2.7301626715878244,2.7301626715878244,1.6565,7.049977084494088
923742.0,2.5,-0.7674293649403614,0.7674293649403614,002340_2014-06-28_20-05-46_260595134347_rgbf000113-resize,-3.5471626715878237,3.5471626715878237,2.4735,7.91768620575396
923742.0,2.5,-0.7141374566045484,0.7141374566045484,000773_2014-06-08_22-24-54_260595134347_rgbf000093-resize,-4.681859570035696,4.681859570035696,4.973,21.45352631724976
923742.0,2.5,-0.7967284475568676,0.7967284475568676,001032_2014-06-08_13-23-17_260595134347_rgbf000021-resize,-3.956218928287216,3.956218928287216,3.2725,15.984983178828962
923742.0,2.5,-0.5164489728628658,0.5164489728628658,003292_2014-05-14_21-53-49_094959634447_rgbf000100-resize,-3.775275184986608,3.775275184986608,3.4815,33.084282711345374
923742.0,2.5,-0.22327179497068486,0.22327179497068486,002639_2014-06-24_14-51-37_094959634447_rgbf000074-resize,-3.746359570035696,3.746359570035696,4.0375,16.521406794569987
923742.0,2.5,-0.8385782338049538,0.8385782338049538,001570_2014-06-20_17-21-09_260595134347_rgbf000135-resize,-4.5658033133363025,4.5658033133363025,4.467,22.179510675592084
923742.0,2.5,-0.8607895291934151,0.8607895291934151,001447_2014-06-19_17-00-32_260595134347_rgbf000082-resize,-4.431525184986606,4.431525184986606,4.13775,46.830399423560245
923742.0,2.5,-0.520824358068785,0.520824358068785,001066_2014-06-08_22-03-20_260595134347_rgbf000066-resize,-4.1368314416860015,4.1368314416860015,4.2330000000000005,19.743449467077777
923742.0,2.5,-0.14526780136684458,0.14526780136684458,000742_2014-06-08_18-48-09_260595134347_rgbf000164-resize,-3.9509158267350872,3.9509158267350872,4.632,18.91549953899407
923742.0,2.5,-0.4202494393021402,0.4202494393021402,002758_2014-06-22_19-11-20_094959634447_rgbf000128-resize,-3.2387189282872164,3.2387189282872164,2.555,7.204478276142114
923742.0,2.5,-0.6339754626185321,0.6339754626185321,002549_2014-06-24_13-41-39_094959634447_rgbf000022-resize,-2.939606414888432,2.939606414888432,1.476,4.1736441355391865
923742.0,2.5,-0.3147828460488945,0.3147828460488945,002750_2014-06-22_19-08-03_094959634447_rgbf000094-resize,-3.0377189282872163,3.0377189282872163,2.354,8.789636111124727
923742.0,2.5,-0.5123359423665387,0.5123359423665387,001806_2014-06-26_20-50-20_260595134347_rgbf000091-resize,-3.4142189282872164,3.4142189282872164,2.7305,13.909869710567438
923742.0,2.5,-0.0939309231451868,0.0939309231451868,001617_2014-06-20_11-35-32_260595134347_rgbf000066-resize,-3.499859570035696,3.499859570035696,3.7910000000000004,19.974169961071475
923742.0,2.5,-0.8909137882979515,0.8909137882979515,001449_2014-06-19_17-01-27_260595134347_rgbf000116-resize,-4.135718928287217,4.135718928287217,3.452,8.994872108877228
923742.0,2.5,-0.2091920922229531,0.2091920922229531,001450_2014-06-19_17-02-03_260595134347_rgbf000203-resize,-3.7195262367023965,3.7195262367023965,4.0106666666667,12.34882649363641
923742.0,2.5,-0.11224501024913447,0.11224501024913447,003228_2014-05-14_13-42-35_094959634447_rgbf000101-resize,-2.651718928287216,2.651718928287216,1.9680000000000002,14.40337638638131
923742.0,2.5,-0.3840444893793792,0.3840444893793792,000368_2014-06-09_15-53-01_260595134347_rgbf000155-resize,-3.1697189282872165,3.1697189282872165,2.4859999999999998,21.090700959072958
923742.0,2.5,-0.3530401011505689,0.3530401011505689,002763_2014-06-22_19-13-10_094959634447_rgbf000075-resize,-2.7574126715878244,2.7574126715878244,1.68375,5.5919783591245595
923742.0,2.5,-0.15894414855529634,0.15894414855529634,002209_2014-06-28_18-36-10_260595134347_rgbf000051-resize,-2.740718928287216,2.740718928287216,2.057,12.962068825921264
923742.0,2.5,-0.052089557035603695,0.052089557035603695,001828_2014-06-26_21-40-03_260595134347_rgbf000024-resize,-3.9499439550847835,3.9499439550847835,4.8260000000000005,35.55232951340613
923742.0,2.5,-0.8079250552120051,0.8079250552120051,002570_2014-06-24_13-59-54_094959634447_rgbf000059-resize,-4.3307751849866065,4.3307751849866065,4.037,41.596140375002705
923742.0,2.5,-0.2615248400031017,0.2615248400031017,001810_2014-06-26_20-51-35_260595134347_rgbf000040-resize,-2.936218928287216,2.936218928287216,2.2525,22.411391411207674
923742.0,2.5,-0.11198265553954788,0.11198265553954788,002875_2014-06-01_15-19-00_094959634447_rgbf000151-resize,-2.6512189282872156,2.6512189282872156,1.9675,11.625680938349673
923742.0,2.5,-0.4929216938572266,0.4929216938572266,001092_2014-06-15_17-34-58_260595134347_rgbf000171-resize,-3.377218928287216,3.377218928287216,2.6935,9.164038324933468
923742.0,2.5,-1.0254510117481392,1.0254510117481392,001167_2014-06-17_15-38-07_260595134347_rgbf000108-resize,-3.5090782865387355,3.5090782865387355,1.8505,12.019050657019696
923742.0,2.5,-1.1564506566881714,1.1564506566881714,003587_2014-05-23_16-48-02_094959634447_rgbf002384-resize,-3.405522029839344,3.405522029839344,1.357,20.788172722830538
353390.0,2.5,-1.5835918066158343,1.5835918066158343,000682_2014-06-08_23-14-58_260595134347_rgbf000041-resize,-4.482385403761126,4.482385403761126,2.7239999999999998,8.707843071693064
353390.0,2.5,-0.4880766138280055,0.4880766138280055,001650_2014-06-20_12-09-00_260595134347_rgbf000087-resize,-3.0192329467015684,3.0192329467015684,1.9505,47.6804595860539
353390.0,2.5,-0.5363498803916789,0.5363498803916789,001244_2014-06-17_16-47-45_260595134347_rgbf000030-resize,-3.1112329467015685,3.1112329467015685,2.0425,6.7629638807870815
353390.0,2.5,-1.6968509667167506,1.6968509667167506,003495_2014-05-21_16-01-51_094959634447_rgbf000100-resize,-4.073537860820683,4.073537860820683,1.6255,12.747278812179
353390.0,2.5,-0.3790151290804552,0.3790151290804552,000665_2014-06-09_20-42-35_260595134347_rgbf000110-resize,-3.4360804896420096,3.4360804896420096,3.057,18.49880761375764
353390.0,2.5,-1.5726509832531457,1.5726509832531457,002375_2014-06-28_20-13-44_260595134347_rgbf000032-resize,-5.086232946701569,5.086232946701569,4.0175,48.76103649676905
353390.0,2.5,-2.0752445323784654,2.0752445323784654,000692_2014-06-08_13-09-42_260595134347_rgbf000199-resize,-5.419385403761126,5.419385403761126,3.661,54.80046590295557
353390.0,2.5,-0.9879404100276498,0.9879404100276498,001094_2014-06-15_17-36-00_260595134347_rgbf000205-resize,-4.59658048964201,4.59658048964201,4.2175,17.196771274488466
353390.0,2.5,-0.4253738382371459,0.4253738382371459,000470_2014-06-09_19-42-40_260595134347_rgbf000094-resize,-2.8997329467015684,2.8997329467015684,1.831,22.486379427626872
353390.0,2.5,-0.8398162049418498,0.8398162049418498,002509_2014-06-24_13-19-22_094959634447_rgbf000077-resize,-3.0648854037611253,3.0648854037611253,1.3065,40.21868783296904
353390.0,2.5,-1.0426163954511976,1.0426163954511976,003338_2014-05-20_11-01-23_094959634447_rgbf000051-resize,-3.4513854037611256,3.4513854037611256,1.693,28.251495663089063
353390.0,2.5,-1.1012089472585682,1.1012089472585682,002784_2014-06-22_19-26-30_094959634447_rgbf000083-resize,-3.563052070427825,3.563052070427825,1.8046666666667,3.0422522474895675
353390.0,2.5,-0.3314508522056492,0.3314508522056492,000469_2014-06-09_19-42-10_260595134347_rgbf000081-resize,-2.720732946701568,2.720732946701568,1.652,25.13136208408983
353390.0,2.5,-0.8558198422265445,0.8558198422265445,000483_2014-06-09_20-41-45_260595134347_rgbf000116-resize,-3.0953854037611253,3.0953854037611253,1.337,29.232414989368262
353390.0,2.5,-1.7312194336724127,1.7312194336724127,002964_2014-06-08_17-46-11_094959634447_rgbf000091-resize,-4.139037860820683,4.139037860820683,1.6909999999999998,28.953812917975768
353390.0,2.5,-1.0878975543796154,1.0878975543796154,002039_2014-06-24_20-22-38_260595134347_rgbf000084-resize,-4.78708048964201,4.78708048964201,4.408,15.524303639345458
353390.0,2.5,-0.9289106003709968,0.9289106003709968,002103_2014-06-25_20-00-40_260595134347_rgbf000049-resize,-4.48408048964201,4.48408048964201,4.105,11.598018874569219
353390.0,2.5,-0.9540966524911751,0.9540966524911751,000691_2014-06-08_13-08-50_260595134347_rgbf000132-resize,-4.53208048964201,4.53208048964201,4.1530000000000005,14.740846212587924
353390.0,2.5,-0.27984504885725225,0.27984504885725225,000929_2014-06-09_16-33-19_260595134347_rgbf000139-resize,-3.2470804896420096,3.2470804896420096,2.8680000000000003,19.501338012209015
353390.0,2.5,-2.756239284021712,2.756239284021712,003490_2014-05-21_15-50-11_094959634447_rgbf000101-resize,-6.092537860820682,6.092537860820682,3.6445,19.999457360175192
353390.0,2.5,-0.9566421251471416,0.9566421251471416,002043_2014-06-24_20-29-38_260595134347_rgbf000039-resize,-3.912232946701568,3.912232946701568,2.8435,8.475049543704081
353390.0,2.5,-1.6727143334349153,1.6727143334349153,002344_2014-06-28_20-06-29_260595134347_rgbf000030-resize,-4.027537860820683,4.027537860820683,1.5795,37.33165518125916
353390.0,2.5,-1.1202733894884098,1.1202733894884098,000549_2014-06-08_22-10-24_260595134347_rgbf000247-resize,-3.5993854037611257,3.5993854037611257,1.841,30.99307977870557
353390.0,2.5,-0.6193320430604737,0.6193320430604737,000736_2014-06-08_18-24-15_260595134347_rgbf000206-resize,-3.89408048964201,3.89408048964201,3.515,33.408170606136416
353390.0,2.5,-0.0718758385960871,0.0718758385960871,000137_2014-05-20_17-04-49_260595134347_rgbf000120-resize,-3.4754280325824527,3.4754280325824527,3.786,14.89611111351161
353390.0,2.5,-0.2869286260160565,0.2869286260160565,000642_2014-06-08_16-59-25_260595134347_rgbf000098-resize,-3.2605804896420096,3.2605804896420096,2.8815,31.36214301237791
353390.0,2.5,-0.12959387470482792,0.12959387470482792,002425_2014-06-28_20-27-29_260595134347_rgbf000031-resize,-3.585428032582453,3.585428032582453,3.8960000000000004,8.40495801096819
353390.0,2.5,-0.17201726321774824,0.17201726321774824,001056_2014-06-08_18-46-44_260595134347_rgbf000068-resize,-3.0415804896420098,3.0415804896420098,2.6625,11.38594592369452
353390.0,2.5,-1.2016033494598144,1.2016033494598144,002199_2014-06-28_18-33-56_260595134347_rgbf000074-resize,-3.7543854037611255,3.7543854037611255,1.996,17.12852126070164
353390.0,2.5,-0.2820219609738261,0.2820219609738261,000917_2014-06-09_22-45-29_260595134347_rgbf000149-resize,-3.875928032582452,3.875928032582452,4.1865,9.740561609074897
353390.0,2.5,-0.04301682054171735,0.04301682054171735,002323_2014-06-28_20-01-54_260595134347_rgbf000051-resize,-3.4204280325824525,3.4204280325824525,3.7310000000000003,18.09172628388976
353390.0,2.5,-0.6724057688365757,0.6724057688365757,003129_2014-05-12_10-48-10_094959634447_rgbf000100-resize,-4.619928032582453,4.619928032582453,4.9305,17.9074543760639
353390.0,2.5,-0.22115566835005834,0.22115566835005834,000436_2014-06-09_22-25-11_260595134347_rgbf000137-resize,-3.7599280325824527,3.7599280325824527,4.0705,20.69156545677159
353390.0,2.5,-0.38827561835582175,0.38827561835582175,002444_2014-06-28_20-32-08_260595134347_rgbf000027-resize,-4.078428032582451,4.078428032582451,4.388999999999999,17.102760279009576
353390.0,2.5,-0.31841119116627936,0.31841119116627936,003070_2014-06-15_14-58-27_094959634447_rgbf000150-resize,-3.3205804896420097,3.3205804896420097,2.9415,10.664823740812926
353390.0,2.5,-0.5017190587264313,0.5017190587264313,000943_2014-06-09_19-31-07_260595134347_rgbf000128-resize,-3.045232946701568,3.045232946701568,1.9765,15.893099149291922
353390.0,2.5,-1.0744393897508828,1.0744393897508828,000854_2014-06-09_19-43-13_260595134347_rgbf000066-resize,-4.136732946701568,4.136732946701568,3.068,11.910827625938722
353390.0,2.5,-0.010144407403688604,0.010144407403688604,001164_2014-06-17_15-35-46_260595134347_rgbf000085-resize,-2.73308048964201,2.73308048964201,2.354,17.325668807481115
353390.0,2.5,-0.08937552969841145,0.08937552969841145,002153_2014-06-25_21-27-18_260595134347_rgbf000038-resize,-2.8840804896420096,2.8840804896420096,2.505,17.28886317575377
353390.0,2.5,-0.7089792792987313,0.7089792792987313,000522_2014-06-08_13-35-06_260595134347_rgbf000244-resize,-3.440232946701568,3.440232946701568,2.3715,25.742609854068213
353390.0,2.5,-0.4571187580969557,0.4571187580969557,002949_2014-06-26_15-57-42_094959634447_rgbf000079-resize,-2.960232946701568,2.960232946701568,1.8915,17.99500168321199
353390.0,2.5,-1.0111338303009751,1.0111338303009751,001555_2014-06-20_17-12-10_260595134347_rgbf000065-resize,-3.391385403761125,3.391385403761125,1.633,7.608284543781994
353390.0,2.5,-0.2128665234731484,0.2128665234731484,003534_2014-05-22_15-06-10_094959634447_rgbf000102-resize,-2.494732946701568,2.494732946701568,1.426,12.376994007247625
353390.0,2.5,-1.0234645016514743,1.0234645016514743,001016_2014-06-09_16-16-10_260595134347_rgbf000112-resize,-3.4148854037611263,3.4148854037611263,1.6565,7.049977084494088
353390.0,2.5,-0.005053462091746841,0.005053462091746841,000773_2014-06-08_22-24-54_260595134347_rgbf000093-resize,-3.9727755755228937,3.9727755755228937,4.973,21.45352631724976
353390.0,2.5,-1.0642856305169528,1.0642856305169528,002414_2014-06-28_20-24-58_260595134347_rgbf000067-resize,-4.74208048964201,4.74208048964201,4.363,31.720662178139435
353390.0,2.5,-0.4920900089116614,0.4920900089116614,001032_2014-06-08_13-23-17_260595134347_rgbf000021-resize,-3.6515804896420097,3.6515804896420097,3.2725,15.984983178828962
353390.0,2.5,-1.1251519231407112,1.1251519231407112,000447_2014-06-08_16-15-46_260595134347_rgbf000130-resize,-4.85808048964201,4.85808048964201,4.479,19.081432914605553
353390.0,2.5,-0.9460948338488172,0.9460948338488172,001447_2014-06-19_17-00-32_260595134347_rgbf000082-resize,-4.516830489642008,4.516830489642008,4.13775,46.830399423560245
353390.0,2.5,-1.2054324642737666,1.2054324642737666,000742_2014-06-08_18-48-09_260595134347_rgbf000164-resize,-5.0110804896420085,5.0110804896420085,4.632,18.91549953899407
353390.0,2.5,-0.11561100065693407,0.11561100065693407,002758_2014-06-22_19-11-20_094959634447_rgbf000128-resize,-2.93408048964201,2.93408048964201,2.555,7.204478276142114
353390.0,2.5,-0.7401994897393633,0.7401994897393633,000502_2014-06-08_23-02-32_260595134347_rgbf000063-resize,-3.4997329467015685,3.4997329467015685,2.431,13.897287578908273
353390.0,2.5,-0.8973499607808908,0.8973499607808908,001806_2014-06-26_20-50-20_260595134347_rgbf000091-resize,-3.799232946701568,3.799232946701568,2.7305,13.909869710567438
353390.0,2.5,-0.07449938569194353,0.07449938569194353,001617_2014-06-20_11-35-32_260595134347_rgbf000066-resize,-3.4804280325824526,3.4804280325824526,3.7910000000000004,19.974169961071475
353390.0,2.5,-0.9045116123795656,0.9045116123795656,000506_2014-06-08_23-21-00_260595134347_rgbf000070-resize,-4.43758048964201,4.43758048964201,4.0585,16.716212007621664
353390.0,2.5,-0.2218646580389264,0.2218646580389264,002600_2014-06-24_14-27-04_094959634447_rgbf000074-resize,-3.136580489642009,3.136580489642009,2.7575,44.47386082434929
353390.0,2.5,-0.07940605073417306,0.07940605073417306,000368_2014-06-09_15-53-01_260595134347_rgbf000155-resize,-2.86508048964201,2.86508048964201,2.4859999999999998,21.090700959072958
353390.0,2.5,-1.0523235197058467,1.0523235197058467,001110_2014-06-15_17-25-28_260595134347_rgbf000150-resize,-3.469885403761125,3.469885403761125,1.7115,9.336195527413247
353390.0,2.5,-0.18041261392447028,0.18041261392447028,000927_2014-06-09_16-32-30_260595134347_rgbf000123-resize,-3.05758048964201,3.05758048964201,2.6785,11.715239650325241
353390.0,2.5,-1.5828828169269653,1.5828828169269653,002570_2014-06-24_13-59-54_094959634447_rgbf000059-resize,-5.105732946701568,5.105732946701568,4.037,41.596140375002705
353390.0,2.5,-1.2631505003825099,1.2631505003825099,002467_2014-06-28_20-38-07_260595134347_rgbf000026-resize,-5.12108048964201,5.12108048964201,4.742,15.331046216195933
353390.0,2.5,-0.7339810511492034,0.7339810511492034,000409_2014-06-04_19-23-33_260595134347_rgbf000067-resize,-4.11258048964201,4.11258048964201,3.7335,12.696549983566419
353390.0,2.5,-0.8779357122715787,0.8779357122715787,001092_2014-06-15_17-34-58_260595134347_rgbf000171-resize,-3.7622329467015683,3.7622329467015683,2.6935,9.164038324933468
353390.0,2.5,-0.472335331252896,0.472335331252896,002545_2014-06-24_13-38-53_094959634447_rgbf000080-resize,-2.9892329467015686,2.9892329467015686,1.9205,12.083824048628237
353390.0,2.5,-1.1252581289705292,1.1252581289705292,001167_2014-06-17_15-38-07_260595134347_rgbf000108-resize,-3.6088854037611258,3.6088854037611258,1.8505,12.019050657019696
353390.0,2.5,-0.8663140306099528,0.8663140306099528,003587_2014-05-23_16-48-02_094959634447_rgbf002384-resize,-3.1153854037611257,3.1153854037611257,1.357,20.788172722830538
705040.0,2.5,-0.4567274943665034,0.4567274943665034,001029_2014-06-08_13-17-57_260595134347_rgbf000065-resize,-3.526388055320044,3.526388055320044,3.0835,18.209734661918688
705040.0,2.5,-0.2180996200658578,0.2180996200658578,000677_2014-06-08_23-10-32_260595134347_rgbf000158-resize,-3.512334980461405,3.512334980461405,3.556,19.65196273325612
705040.0,2.5,-0.24069465695602354,0.24069465695602354,001516_2014-06-20_16-25-09_260595134347_rgbf000076-resize,-2.673941130178682,2.673941130178682,1.7445,3.8622659094666254
705040.0,2.5,-0.7546475330333918,0.7546475330333918,000682_2014-06-08_23-14-58_260595134347_rgbf000041-resize,-3.6534411301786833,3.6534411301786833,2.7239999999999998,8.707843071693064
705040.0,2.5,-0.835337872163759,0.835337872163759,001650_2014-06-20_12-09-00_260595134347_rgbf000087-resize,-3.3664942050373217,3.3664942050373217,1.9505,47.6804595860539
705040.0,2.5,-0.3970580638687936,0.3970580638687936,001244_2014-06-17_16-47-45_260595134347_rgbf000030-resize,-2.9719411301786827,2.9719411301786827,2.0425,6.7629638807870815
705040.0,2.5,-0.6648073109333887,0.6648073109333887,003495_2014-05-21_16-01-51_094959634447_rgbf000100-resize,-3.041494205037321,3.041494205037321,1.6255,12.747278812179
705040.0,2.5,-0.4060605035507191,0.4060605035507191,000556_2014-06-09_22-42-56_260595134347_rgbf000214-resize,-4.311281905602766,4.311281905602766,4.8415,23.88242025565649
705040.0,2.5,-0.4681236583005446,0.4681236583005446,001150_2014-06-17_15-27-34_260595134347_rgbf000108-resize,-3.9888349804614047,3.9888349804614047,4.0325,11.088139074292139
705040.0,2.5,-0.4428226947584895,0.4428226947584895,000665_2014-06-09_20-42-35_260595134347_rgbf000110-resize,-3.499888055320044,3.499888055320044,3.057,18.49880761375764
705040.0,2.5,-0.4602530170129828,0.4602530170129828,002375_2014-06-28_20-13-44_260595134347_rgbf000032-resize,-3.9738349804614055,3.9738349804614055,4.0175,48.76103649676905
705040.0,2.5,-0.07864182598840641,0.07864182598840641,001094_2014-06-15_17-36-00_260595134347_rgbf000205-resize,-3.687281905602767,3.687281905602767,4.2175,17.196771274488466
705040.0,2.5,-0.7726350965728994,0.7726350965728994,000470_2014-06-09_19-42-40_260595134347_rgbf000094-resize,-3.2469942050373213,3.2469942050373213,1.831,22.486379427626872
705040.0,2.5,-0.522611058338224,0.522611058338224,000109_2014-05-14_23-41-52_260595134347_rgbf000035-resize,-2.7704942050373216,2.7704942050373216,1.3545,6.620498200896815
705040.0,2.5,-0.4974250062180458,0.4974250062180458,002509_2014-06-24_13-19-22_094959634447_rgbf000077-resize,-2.722494205037321,2.722494205037321,1.3065,40.21868783296904
705040.0,2.5,-0.7002251967273936,0.7002251967273936,003338_2014-05-20_11-01-23_094959634447_rgbf000051-resize,-3.1089942050373214,3.1089942050373214,1.693,28.251495663089063
705040.0,2.5,-0.2722646736761254,0.2722646736761254,002784_2014-06-22_19-26-30_094959634447_rgbf000083-resize,-2.734107796845383,2.734107796845383,1.8046666666667,3.0422522474895675
705040.0,2.5,-0.9872412490135816,0.9872412490135816,001100_2014-06-15_17-46-26_260595134347_rgbf000225-resize,-3.655994205037322,3.655994205037322,2.24,9.548860596737413
705040.0,2.5,-0.6787121105414027,0.6787121105414027,000469_2014-06-09_19-42-10_260595134347_rgbf000081-resize,-3.067994205037321,3.067994205037321,1.652,25.13136208408983
705040.0,2.5,-0.5134286435027405,0.5134286435027405,000483_2014-06-09_20-41-45_260595134347_rgbf000116-resize,-2.752994205037321,2.752994205037321,1.337,29.232414989368262
705040.0,2.5,-0.3521954085297251,0.3521954085297251,002136_2014-06-25_21-18-03_260595134347_rgbf000109-resize,-2.8864411301786834,2.8864411301786834,1.9569999999999999,13.297078442475444
705040.0,2.5,-0.1785989703403722,0.1785989703403722,002039_2014-06-24_20-22-38_260595134347_rgbf000084-resize,-3.877781905602767,3.877781905602767,4.408,15.524303639345458
705040.0,2.5,-0.7534506709073414,0.7534506709073414,000457_2014-06-08_16-52-43_260595134347_rgbf000199-resize,-4.0918880553200445,4.0918880553200445,3.6489999999999996,14.067279821032837
705040.0,2.5,-0.20445717516742248,0.20445717516742248,001584_2014-06-20_11-07-43_260595134347_rgbf000002-resize,-3.4863349804614048,3.4863349804614048,3.53,17.602834139105468
705040.0,2.5,-0.11467694478526202,0.11467694478526202,002279_2014-06-28_18-55-32_260595134347_rgbf000040-resize,-2.4337744635119827,2.4337744635119827,1.5043333333333,15.963772282558683
705040.0,2.5,-0.4529070851445938,0.4529070851445938,003048_2014-06-15_13-49-43_094959634447_rgbf000150-resize,-3.959834980461405,3.959834980461405,4.0035,24.355606534500392
705040.0,2.5,-0.6406706776515534,0.6406706776515534,002344_2014-06-28_20-06-29_260595134347_rgbf000030-resize,-2.995494205037321,2.995494205037321,1.5795,37.33165518125916
705040.0,2.5,-1.086411329236774,1.086411329236774,001055_2014-06-08_18-45-35_260595134347_rgbf000111-resize,-3.844994205037322,3.844994205037322,2.4290000000000003,8.406298609581565
705040.0,2.5,-0.7778821907646059,0.7778821907646059,000549_2014-06-08_22-10-24_260595134347_rgbf000247-resize,-3.256994205037321,3.256994205037321,1.841,30.99307977870557
705040.0,2.5,-0.6831396087385079,0.6831396087385079,000736_2014-06-08_18-24-15_260595134347_rgbf000206-resize,-3.957888055320044,3.957888055320044,3.515,33.408170606136416
705040.0,2.5,-1.3457652255946488,1.3457652255946488,002199_2014-06-28_18-33-56_260595134347_rgbf000074-resize,-3.89854727989596,3.89854727989596,1.996,17.12852126070164
705040.0,2.5,-0.42303118011772745,0.42303118011772745,000878_2014-06-08_22-52-45_260595134347_rgbf000045-resize,-3.0214411301786828,3.0214411301786828,2.092,5.576511521775202
705040.0,2.5,-0.6257164592051969,0.6257164592051969,002953_2014-06-08_17-32-18_094959634447_rgbf000059-resize,-2.966994205037321,2.966994205037321,1.551,13.905027931093345
705040.0,2.5,-0.39023684141958015,0.39023684141958015,002905_2014-06-03_18-04-43_094959634447_rgbf000151-resize,-2.9589411301786828,2.9589411301786828,2.0295,12.020604335789361
705040.0,2.5,-0.4527596418568894,0.4527596418568894,003129_2014-05-12_10-48-10_094959634447_rgbf000100-resize,-4.400281905602767,4.400281905602767,4.9305,17.9074543760639
705040.0,2.5,-0.019349661622160785,0.019349661622160785,001052_2014-06-08_18-24-54_260595134347_rgbf000130-resize,-3.574281905602766,3.574281905602766,4.1045,25.87613690895519
705040.0,2.5,-0.5918727016687134,0.5918727016687134,000810_2014-06-08_17-20-01_260595134347_rgbf000105-resize,-2.9024942050373213,2.9024942050373213,1.4865,3.0958890116960642
705040.0,2.5,-0.229528315865738,0.229528315865738,001214_2014-06-17_16-13-55_260595134347_rgbf000111-resize,-3.093388055320044,3.093388055320044,2.6505,18.479282579459067
705040.0,2.5,-0.4090114690878413,0.4090114690878413,002272_2014-06-28_18-53-56_260595134347_rgbf000067-resize,-2.5539942050373217,2.5539942050373217,1.138,10.409245808146235
705040.0,2.5,-0.3012985948702063,0.3012985948702063,001571_2014-06-20_17-21-32_260595134347_rgbf000089-resize,-2.7894411301786834,2.7894411301786834,1.86,4.991960350191473
705040.0,2.5,-0.1686294913761356,0.1686294913761356,002444_2014-06-28_20-32-08_260595134347_rgbf000027-resize,-3.8587819056027652,3.8587819056027652,4.388999999999999,17.102760279009576
705040.0,2.5,-1.0512969879303755,1.0512969879303755,001132_2014-06-17_14-48-54_260595134347_rgbf000100-resize,-4.439164592749363,4.439164592749363,3.753,14.398279213278778
705040.0,2.5,-0.3822187568443137,0.3822187568443137,003070_2014-06-15_14-58-27_094959634447_rgbf000150-resize,-3.384388055320044,3.384388055320044,2.9415,10.664823740812926
705040.0,2.5,-0.7579432328361294,0.7579432328361294,000709_2014-06-08_13-51-55_260595134347_rgbf000068-resize,-3.2189942050373217,3.2189942050373217,1.8030000000000002,14.429351101546246
705040.0,2.5,-0.1262754717110386,0.1262754717110386,000758_2014-06-08_22-05-08_260595134347_rgbf000085-resize,-3.3373349804614048,3.3373349804614048,3.3810000000000002,11.91317737826679
705040.0,2.5,-0.9351475732279976,0.9351475732279976,000854_2014-06-09_19-43-13_260595134347_rgbf000066-resize,-3.9974411301786823,3.9974411301786823,3.068,11.910827625938722
705040.0,2.5,-0.07395197308172291,0.07395197308172291,001164_2014-06-17_15-35-46_260595134347_rgbf000085-resize,-2.796888055320044,2.796888055320044,2.354,17.325668807481115
705040.0,2.5,-0.3041844966756383,0.3041844966756383,001136_2014-06-17_15-19-41_260595134347_rgbf000076-resize,-2.7949411301786826,2.7949411301786826,1.8655,18.667799879387072
705040.0,2.5,-0.20655601284410866,0.20655601284410866,000739_2014-06-08_18-45-58_260595134347_rgbf000068-resize,-3.490334980461405,3.490334980461405,3.534,8.164356963721069
705040.0,2.5,-0.9890452001148342,0.9890452001148342,000734_2014-06-08_17-39-11_260595134347_rgbf000128-resize,-4.540888055320044,4.540888055320044,4.098,16.052231618370055
705040.0,2.5,-1.2995170750638039,1.2995170750638039,000522_2014-06-08_13-35-06_260595134347_rgbf000244-resize,-4.0307707424666415,4.0307707424666415,2.3715,25.742609854068213
705040.0,2.5,-0.8043800164327092,0.8043800164327092,002949_2014-06-26_15-57-42_094959634447_rgbf000079-resize,-3.307494205037321,3.307494205037321,1.8915,17.99500168321199
705040.0,2.5,-1.5278068621809204,1.5278068621809204,002989_2014-06-15_12-25-03_094959634447_rgbf000150-resize,-5.1269411301786825,5.1269411301786825,4.1975,27.906783421951957
705040.0,2.5,-0.039436062838355226,0.039436062838355226,000866_2014-06-09_20-45-42_260595134347_rgbf000139-resize,-3.171834980461405,3.171834980461405,3.2155,8.082259189449621
705040.0,2.5,-0.6687426315771711,0.6687426315771711,001555_2014-06-20_17-12-10_260595134347_rgbf000065-resize,-3.0489942050373218,3.0489942050373218,1.633,7.608284543781994
705040.0,2.5,-0.5601277818089019,0.5601277818089019,003534_2014-05-22_15-06-10_094959634447_rgbf000102-resize,-2.841994205037321,2.841994205037321,1.426,12.376994007247625
705040.0,2.5,-0.1945202280690317,0.1945202280690317,001016_2014-06-09_16-16-10_260595134347_rgbf000112-resize,-2.585941130178683,2.585941130178683,1.6565,7.049977084494088
705040.0,2.5,-0.13665474867258134,0.13665474867258134,002340_2014-06-28_20-05-46_260595134347_rgbf000113-resize,-2.916388055320044,2.916388055320044,2.4735,7.91768620575396
705040.0,2.5,-0.06934449973105708,0.06934449973105708,001032_2014-06-08_13-23-17_260595134347_rgbf000021-resize,-3.2288349804614054,3.2288349804614054,3.2725,15.984983178828962
705040.0,2.5,-0.17900876833766355,0.17900876833766355,003292_2014-05-14_21-53-49_094959634447_rgbf000100-resize,-3.437834980461405,3.437834980461405,3.4815,33.084282711345374
705040.0,2.5,-1.253178936956171,1.253178936956171,001447_2014-06-19_17-00-32_260595134347_rgbf000082-resize,-4.823914592749364,4.823914592749364,4.13775,46.830399423560245
705040.0,2.5,-0.7826869550931623,0.7826869550931623,000742_2014-06-08_18-48-09_260595134347_rgbf000164-resize,-4.588334980461405,4.588334980461405,4.632,18.91549953899407
705040.0,2.5,-0.6659716411936071,0.6659716411936071,002758_2014-06-22_19-11-20_094959634447_rgbf000128-resize,-3.4844411301786833,3.4844411301786833,2.555,7.204478276142114
705040.0,2.5,-0.0998101779087831,0.0998101779087831,002549_2014-06-24_13-41-39_094959634447_rgbf000022-resize,-2.4054411301786827,2.4054411301786827,1.476,4.1736441355391865
705040.0,2.5,-0.2715050693993669,0.2715050693993669,001806_2014-06-26_20-50-20_260595134347_rgbf000091-resize,-3.173388055320044,3.173388055320044,2.7305,13.909869710567438
705040.0,2.5,-0.8279594084295351,0.8279594084295351,001617_2014-06-20_11-35-32_260595134347_rgbf000066-resize,-4.233888055320044,4.233888055320044,3.7910000000000004,19.974169961071475
705040.0,2.5,-0.15723332744209714,0.15723332744209714,000493_2014-06-09_21-01-18_260595134347_rgbf000196-resize,-3.3963349804614054,3.3963349804614054,3.44,19.629285382994567
705040.0,2.5,-0.4817661031989613,0.4817661031989613,000506_2014-06-08_23-21-00_260595134347_rgbf000070-resize,-4.014834980461406,4.014834980461406,4.0585,16.716212007621664
705040.0,2.5,-1.1366359901894183,1.1366359901894183,001449_2014-06-19_17-01-27_260595134347_rgbf000116-resize,-4.3814411301786835,4.3814411301786835,3.452,8.994872108877228
705040.0,2.5,-0.2856722237169607,0.2856722237169607,002600_2014-06-24_14-27-04_094959634447_rgbf000074-resize,-3.2003880553200443,3.2003880553200443,2.7575,44.47386082434929
705040.0,2.5,-0.3579672121406013,0.3579672121406013,003228_2014-05-14_13-42-35_094959634447_rgbf000101-resize,-2.8974411301786827,2.8974411301786827,1.9680000000000002,14.40337638638131
705040.0,2.5,-0.6297666912708461,0.6297666912708461,000368_2014-06-09_15-53-01_260595134347_rgbf000155-resize,-3.4154411301786833,3.4154411301786833,2.4859999999999998,21.090700959072958
705040.0,2.5,-0.3979275075535865,0.3979275075535865,001828_2014-06-26_21-40-03_260595134347_rgbf000024-resize,-4.295781905602767,4.295781905602767,4.8260000000000005,35.55232951340613
705040.0,2.5,-0.0019193393676722047,0.0019193393676722047,002805_2014-06-22_19-54-03_094959634447_rgbf000079-resize,-3.100334980461405,3.100334980461405,3.1439999999999997,7.377848172936663
705040.0,2.5,-1.4435910004040802,1.4435910004040802,002570_2014-06-24_13-59-54_094959634447_rgbf000059-resize,-4.9664411301786835,4.9664411301786835,4.037,41.596140375002705
705040.0,2.5,-0.020693967035929902,0.020693967035929902,001810_2014-06-26_20-51-35_260595134347_rgbf000040-resize,-2.695388055320044,2.695388055320044,2.2525,22.411391411207674
705040.0,2.5,-0.35778723698705284,0.35778723698705284,002663_2014-06-13_15-50-26_094959634447_rgbf000075-resize,-4.219281905602767,4.219281905602767,4.7495,16.725954086732166
705040.0,2.5,-0.13639239396300012,0.13639239396300012,001011_2014-06-08_23-18-54_260595134347_rgbf000044-resize,-2.9158880553200444,2.9158880553200444,2.4730000000000003,11.624075606213012
705040.0,2.5,-0.3577048574310148,0.3577048574310148,002875_2014-06-01_15-19-00_094959634447_rgbf000151-resize,-2.8969411301786834,2.8969411301786834,1.9675,11.625680938349673
705040.0,2.5,-0.2520908208900548,0.2520908208900548,001092_2014-06-15_17-34-58_260595134347_rgbf000171-resize,-3.1363880553200443,3.1363880553200443,2.6935,9.164038324933468
705040.0,2.5,-0.7828669302467253,0.7828669302467253,001167_2014-06-17_15-38-07_260595134347_rgbf000108-resize,-3.2664942050373216,3.2664942050373216,1.8505,12.019050657019696
705040.0,2.5,-0.5239228318861489,0.5239228318861489,003587_2014-05-23_16-48-02_094959634447_rgbf002384-resize,-2.772994205037321,2.772994205037321,1.357,20.788172722830538
264704.0,2.5,-1.473608382752986,1.473608382752986,001808_2014-06-26_20-50-58_260595134347_rgbf000029-resize,-5.097220115663464,5.097220115663464,4.249,20.030651550568866
264704.0,2.5,-0.4175508078080363,0.4175508078080363,001029_2014-06-08_13-17-57_260595134347_rgbf000065-resize,-3.4872113687615767,3.4872113687615767,3.0835,18.209734661918688
264704.0,2.5,-0.7543777577464069,0.7543777577464069,000677_2014-06-08_23-10-32_260595134347_rgbf000158-resize,-4.0486131181419545,4.0486131181419545,3.556,19.65196273325612
264704.0,2.5,-1.0290335160396835,1.0290335160396835,000682_2014-06-08_23-14-58_260595134347_rgbf000041-resize,-3.9278271131849753,3.9278271131849753,2.7239999999999998,8.707843071693064
264704.0,2.5,-0.08976028402914693,0.08976028402914693,001650_2014-06-20_12-09-00_260595134347_rgbf000087-resize,-2.6209166169027096,2.6209166169027096,1.9505,47.6804595860539
264704.0,2.5,-0.4526402190810417,0.4526402190810417,003495_2014-05-21_16-01-51_094959634447_rgbf000100-resize,-2.8293271131849744,2.8293271131849744,1.6255,12.747278812179
264704.0,2.5,-0.6439195504844593,0.6439195504844593,001158_2014-06-17_15-32-16_260595134347_rgbf000138-resize,-4.4018008724793125,4.4018008724793125,4.5315,26.954451973303737
264704.0,2.5,-0.2258425094392675,0.2258425094392675,000665_2014-06-09_20-42-35_260595134347_rgbf000110-resize,-3.282907870000822,3.282907870000822,3.057,18.49880761375764
264704.0,2.5,-1.4410399015954194,1.4410399015954194,002375_2014-06-28_20-13-44_260595134347_rgbf000032-resize,-4.954621865043841,4.954621865043841,4.0175,48.76103649676905
264704.0,2.5,-0.6483134607359924,0.6483134607359924,002568_2014-06-24_13-59-21_094959634447_rgbf000062-resize,-3.685416616902709,3.685416616902709,3.015,29.63840999388049
264704.0,2.5,-1.0066169996913523,1.0066169996913523,000788_2014-06-08_22-34-36_260595134347_rgbf000131-resize,-4.207220115663464,4.207220115663464,3.359,21.46386213810664
264704.0,2.5,-0.9870133908104683,0.9870133908104683,001235_2014-06-17_16-37-36_260595134347_rgbf000084-resize,-4.3309166169027105,4.3309166169027105,3.6605,14.547706659434104
264704.0,2.5,-0.09825825171627442,0.09825825171627442,000692_2014-06-08_13-09-42_260595134347_rgbf000199-resize,-3.4423991230989346,3.4423991230989346,3.661,54.80046590295557
264704.0,2.5,-0.6569642916257071,0.6569642916257071,001094_2014-06-15_17-36-00_260595134347_rgbf000205-resize,-4.265604371240068,4.265604371240068,4.2175,17.196771274488466
264704.0,2.5,-0.2188319266184605,0.2188319266184605,000780_2014-06-08_22-28-29_260595134347_rgbf000126-resize,-3.430604371240067,3.430604371240067,3.3825,14.165390776882042
264704.0,2.5,-0.29376275657941986,0.29376275657941986,000470_2014-06-09_19-42-40_260595134347_rgbf000094-resize,-2.7681218650438417,2.7681218650438417,1.831,22.486379427626872
264704.0,2.5,-0.7549527133877642,0.7549527133877642,000109_2014-05-14_23-41-52_260595134347_rgbf000035-resize,-3.002835860086861,3.002835860086861,1.3545,6.620498200896815
264704.0,2.5,-0.3991563554946689,0.3991563554946689,003338_2014-05-20_11-01-23_094959634447_rgbf000051-resize,-2.8079253638045967,2.8079253638045967,1.693,28.251495663089063
264704.0,2.5,-0.013240160400152079,0.013240160400152079,002784_2014-06-22_19-26-30_094959634447_rgbf000083-resize,-2.475083283569409,2.475083283569409,1.8046666666667,3.0422522474895675
264704.0,2.5,-0.19983977054792312,0.19983977054792312,000469_2014-06-09_19-42-10_260595134347_rgbf000081-resize,-2.589121865043842,2.589121865043842,1.652,25.13136208408983
264704.0,2.5,-0.6568685491719032,0.6568685491719032,000483_2014-06-09_20-41-45_260595134347_rgbf000116-resize,-2.8964341107064837,2.8964341107064837,1.337,29.232414989368262
264704.0,2.5,-0.8426156835582135,0.8426156835582135,002964_2014-06-08_17-46-11_094959634447_rgbf000091-resize,-3.250434110706484,3.250434110706484,1.6909999999999998,28.953812917975768
264704.0,2.5,-0.000808288426590309,0.000808288426590309,000691_2014-06-08_13-08-50_260595134347_rgbf000132-resize,-3.5787921255774253,3.5787921255774253,4.1530000000000005,14.740846212587924
264704.0,2.5,-0.21557417859644207,0.21557417859644207,000929_2014-06-09_16-33-19_260595134347_rgbf000139-resize,-3.1828096193812,3.1828096193812,2.8680000000000003,19.501338012209015
264704.0,2.5,-0.04024823825554258,0.04024823825554258,002725_2014-06-22_11-47-51_094959634447_rgbf000070-resize,-2.6876131181419542,2.6876131181419542,2.195,3.938570017428758
264704.0,2.5,-1.0508158314618483,1.0508158314618483,002344_2014-06-28_20-06-29_260595134347_rgbf000030-resize,-3.4056393588476164,3.4056393588476164,1.5795,37.33165518125916
264704.0,2.5,-0.5657150989122588,0.5657150989122588,000549_2014-06-08_22-10-24_260595134347_rgbf000247-resize,-3.0448271131849745,3.0448271131849745,1.841,30.99307977870557
264704.0,2.5,-0.22265775575524632,0.22265775575524632,000642_2014-06-08_16-59-25_260595134347_rgbf000098-resize,-3.1963096193811995,3.1963096193811995,2.8815,31.36214301237791
264704.0,2.5,-1.6439929553073498,1.6439929553073498,002425_2014-06-28_20-27-29_260595134347_rgbf000031-resize,-5.099827113184975,5.099827113184975,3.8960000000000004,8.40495801096819
264704.0,2.5,-0.824848557644418,0.824848557644418,002199_2014-06-28_18-33-56_260595134347_rgbf000074-resize,-3.3776306119457287,3.3776306119457287,1.996,17.12852126070164
264704.0,2.5,-0.41354936735284986,0.41354936735284986,002953_2014-06-08_17-32-18_094959634447_rgbf000059-resize,-2.7548271131849744,2.7548271131849744,1.551,13.905027931093345
264704.0,2.5,-0.13121232814360684,0.13121232814360684,002905_2014-06-03_18-04-43_094959634447_rgbf000151-resize,-2.6999166169027093,2.6999166169027093,2.0295,12.020604335789361
264704.0,2.5,-0.5977519961240524,0.5977519961240524,003423_2014-05-21_10-23-26_094959634447_rgbf002665-resize,-3.750113118141954,3.750113118141954,3.2575,35.43119222475438
264704.0,2.5,-0.7154693918632071,0.7154693918632071,000414_2014-06-04_19-49-13_260595134347_rgbf000044-resize,-4.377104371240067,4.377104371240067,4.329,13.241348366125557
264704.0,2.5,-0.1451763730364387,0.1451763730364387,002988_2014-06-15_12-24-20_094959634447_rgbf000150-resize,-4.0149886268166695,4.0149886268166695,4.7669999999999995,14.460306569198616
264704.0,2.5,-0.3309668791183291,0.3309668791183291,001052_2014-06-08_18-24-54_260595134347_rgbf000130-resize,-3.8858991230989344,3.8858991230989344,4.1045,25.87613690895519
264704.0,2.5,-0.7353126073378761,0.7353126073378761,000810_2014-06-08_17-20-01_260595134347_rgbf000105-resize,-3.045934110706484,3.045934110706484,1.4865,3.0958890116960642
264704.0,2.5,-1.6127796193933104,1.6127796193933104,001214_2014-06-17_16-13-55_260595134347_rgbf000111-resize,-4.476639358847617,4.476639358847617,2.6505,18.479282579459067
264704.0,2.5,-0.8946576585098828,0.8946576585098828,002748_2014-06-22_19-07-22_094959634447_rgbf000078-resize,-4.718604371240066,4.718604371240066,4.6705,35.71435075733748
264704.0,2.5,-1.02434075390956,1.02434075390956,000436_2014-06-09_22-25-11_260595134347_rgbf000137-resize,-4.5631131181419535,4.5631131181419535,4.0705,20.69156545677159
264704.0,2.5,-1.6359694508172111,1.6359694508172111,002444_2014-06-28_20-32-08_260595134347_rgbf000027-resize,-5.326121865043841,5.326121865043841,4.388999999999999,17.102760279009576
264704.0,2.5,-1.542833528914468,1.542833528914468,001133_2014-06-17_14-49-16_260595134347_rgbf000100-resize,-5.148621865043841,5.148621865043841,4.2115,26.759918254713728
264704.0,2.5,-0.14653151827994668,0.14653151827994668,001132_2014-06-17_14-48-54_260595134347_rgbf000100-resize,-3.5343991230989347,3.5343991230989347,3.753,14.398279213278778
264704.0,2.5,-0.8898326567569509,0.8898326567569509,002057_2014-06-24_21-00-13_260595134347_rgbf000120-resize,-3.9041218650438414,3.9041218650438414,2.967,10.990036854719376
264704.0,2.5,-0.2316143130501369,0.2316143130501369,000854_2014-06-09_19-43-13_260595134347_rgbf000066-resize,-3.293907870000822,3.293907870000822,3.068,11.910827625938722
264704.0,2.5,-0.05365795108680047,0.05365795108680047,002660_2014-06-13_15-44-18_094959634447_rgbf001878-resize,-3.357399123098934,3.357399123098934,3.576,15.11997681444361
264704.0,2.5,-0.03162015548163796,0.03162015548163796,000739_2014-06-08_18-45-58_260595134347_rgbf000068-resize,-3.3153991230989344,3.3153991230989344,3.534,8.164356963721069
264704.0,2.5,-0.14975276913296975,0.14975276913296975,000734_2014-06-08_17-39-11_260595134347_rgbf000128-resize,-3.70159562433818,3.70159562433818,4.098,16.052231618370055
264704.0,2.5,-1.1996804433036474,1.1996804433036474,000522_2014-06-08_13-35-06_260595134347_rgbf000244-resize,-3.930934110706485,3.930934110706485,2.3715,25.742609854068213
264704.0,2.5,-0.3797648551011725,0.3797648551011725,002989_2014-06-15_12-25-03_094959634447_rgbf000150-resize,-3.9788991230989343,3.9788991230989343,4.1975,27.906783421951957
264704.0,2.5,-0.3979107017581494,0.3979107017581494,000866_2014-06-09_20-45-42_260595134347_rgbf000139-resize,-3.5303096193812,3.5303096193812,3.2155,8.082259189449621
264704.0,2.5,-0.456575539724824,0.456575539724824,001555_2014-06-20_17-12-10_260595134347_rgbf000065-resize,-2.8368271131849747,2.8368271131849747,1.633,7.608284543781994
264704.0,2.5,-0.9702729356191968,0.9702729356191968,003534_2014-05-22_15-06-10_094959634447_rgbf000102-resize,-3.252139358847616,3.252139358847616,1.426,12.376994007247625
264704.0,2.5,-0.1133722078918118,0.1133722078918118,002637_2014-06-24_14-51-13_094959634447_rgbf000066-resize,-2.665916616902709,2.665916616902709,1.9955,10.972027795242447
264704.0,2.5,-0.9644805084285422,0.9644805084285422,000773_2014-06-08_22-24-54_260595134347_rgbf000093-resize,-4.932202621859688,4.932202621859688,4.973,21.45352631724976
264704.0,2.5,-0.6444077627346327,0.6444077627346327,002414_2014-06-28_20-24-58_260595134347_rgbf000067-resize,-4.32220262185969,4.32220262185969,4.363,31.720662178139435
264704.0,2.5,-1.046538287243894,1.046538287243894,001059_2014-06-08_21-53-27_260595134347_rgbf000061-resize,-3.8001306119457285,3.8001306119457285,2.4185,8.755513319222857
264704.0,2.5,-1.316836632454626,1.316836632454626,001032_2014-06-08_13-23-17_260595134347_rgbf000021-resize,-4.476327113184975,4.476327113184975,3.2725,15.984983178828962
264704.0,2.5,-0.6151187154468746,0.6151187154468746,001447_2014-06-19_17-00-32_260595134347_rgbf000082-resize,-4.185854371240067,4.185854371240067,4.13775,46.830399423560245
264704.0,2.5,-0.3410458495895592,0.3410458495895592,000742_2014-06-08_18-48-09_260595134347_rgbf000164-resize,-4.146693874957801,4.146693874957801,4.632,18.91549953899407
264704.0,2.5,-0.3741961609150748,0.3741961609150748,002549_2014-06-24_13-41-39_094959634447_rgbf000022-resize,-2.6798271131849747,2.6798271131849747,1.476,4.1736441355391865
264704.0,2.5,-0.8752936562227698,0.8752936562227698,000502_2014-06-08_23-02-32_260595134347_rgbf000063-resize,-3.634827113184975,3.634827113184975,2.431,13.897287578908273
264704.0,2.5,-1.2388739120122323,1.2388739120122323,003083_2014-06-15_15-21-03_094959634447_rgbf000063-resize,-4.81091661690271,4.81091661690271,4.1405,19.172834459547143
264704.0,2.5,-1.210247626025052,1.210247626025052,001806_2014-06-26_20-50-20_260595134347_rgbf000091-resize,-4.112130611945728,4.112130611945728,2.7305,13.909869710567438
264704.0,2.5,-0.42429903591924856,0.42429903591924856,002600_2014-06-24_14-27-04_094959634447_rgbf000074-resize,-3.339014867522332,3.339014867522332,2.7575,44.47386082434929
264704.0,2.5,-0.3707421779948728,0.3707421779948728,000368_2014-06-09_15-53-01_260595134347_rgbf000155-resize,-3.156416616902709,3.156416616902709,2.4859999999999998,21.090700959072958
264704.0,2.5,-0.030906085690886376,0.030906085690886376,000009_2014-05-26_14-32-05_260595134347_rgbf000034-resize,-3.4750956243381803,3.4750956243381803,3.8715,34.796526826055185
264704.0,2.5,-0.3834081983929588,0.3834081983929588,000906_2014-06-08_13-35-43_260595134347_rgbf000155-resize,-3.3416131181419546,3.3416131181419546,2.8489999999999998,16.12201726422563
264704.0,2.5,-0.4977652291296957,0.4977652291296957,001110_2014-06-15_17-25-28_260595134347_rgbf000150-resize,-2.9153271131849747,2.9153271131849747,1.7115,9.336195527413247
264704.0,2.5,-0.11614174366366008,0.11614174366366008,000927_2014-06-09_16-32-30_260595134347_rgbf000123-resize,-2.9933096193812,2.9933096193812,2.6785,11.715239650325241
264704.0,2.5,-1.540173484649617,1.540173484649617,002570_2014-06-24_13-59-54_094959634447_rgbf000059-resize,-5.063023614424218,5.063023614424218,4.037,41.596140375002705
264704.0,2.5,-1.3766831288824548,1.3766831288824548,002467_2014-06-28_20-38-07_260595134347_rgbf000026-resize,-5.2346131181419535,5.2346131181419535,4.742,15.331046216195933
264704.0,2.5,-0.2482225286185953,0.2482225286185953,001810_2014-06-26_20-51-35_260595134347_rgbf000040-resize,-2.922916616902709,2.922916616902709,2.2525,22.411391411207674
264704.0,2.5,-0.4030049327472608,0.4030049327472608,000409_2014-06-04_19-23-33_260595134347_rgbf000067-resize,-3.781604371240067,3.781604371240067,3.7335,12.696549983566419
264704.0,2.5,-0.5706998383943782,0.5706998383943782,001167_2014-06-17_15-38-07_260595134347_rgbf000108-resize,-3.0543271131849745,3.0543271131849745,1.8505,12.019050657019696
586157.0,2.5,-0.2533486231778793,0.2533486231778793,000677_2014-06-08_23-10-32_260595134347_rgbf000158-resize,-3.5475839835734266,3.5475839835734266,3.556,19.65196273325612
586157.0,2.5,-0.814525346980578,0.814525346980578,001417_2014-06-19_16-25-36_260595134347_rgbf000115-resize,-4.617083983573426,4.617083983573426,4.6255,49.17091269608214
586157.0,2.5,-0.013996032165707384,0.013996032165707384,003081_2014-06-15_15-19-16_094959634447_rgbf000150-resize,-3.4776724846270137,3.4776724846270137,3.9125,16.632991649560594
586157.0,2.5,-0.6696133843209627,0.6696133843209627,000682_2014-06-08_23-14-58_260595134347_rgbf000041-resize,-3.568406981466254,3.568406981466254,2.7239999999999998,8.707843071693064
586157.0,2.5,-0.26375064859269115,0.26375064859269115,001650_2014-06-20_12-09-00_260595134347_rgbf000087-resize,-2.7949069814662537,2.7949069814662537,1.9505,47.6804595860539
586157.0,2.5,-0.05617701578851664,0.05617701578851664,001244_2014-06-17_16-47-45_260595134347_rgbf000030-resize,-2.6310600820984056,2.6310600820984056,2.0425,6.7629638807870815
586157.0,2.5,-0.7754784856765824,0.7754784856765824,003495_2014-05-21_16-01-51_094959634447_rgbf000100-resize,-3.1521653797805156,3.1521653797805156,1.6255,12.747278812179
586157.0,2.5,-0.7652026615785739,0.7652026615785739,001158_2014-06-17_15-32-16_260595134347_rgbf000138-resize,-4.523083983573427,4.523083983573427,4.5315,26.954451973303737
586157.0,2.5,-2.2070970783606194,2.2070970783606194,000556_2014-06-09_22-42-56_260595134347_rgbf000214-resize,-6.112318480412668,6.112318480412668,4.8415,23.88242025565649
586157.0,2.5,-0.4179301219582858,0.4179301219582858,000665_2014-06-09_20-42-35_260595134347_rgbf000110-resize,-3.4749954825198404,3.4749954825198404,3.057,18.49880761375764
586157.0,2.5,-1.3483250180178312,1.3483250180178312,002375_2014-06-28_20-13-44_260595134347_rgbf000032-resize,-4.8619069814662526,4.8619069814662526,4.0175,48.76103649676905
586157.0,2.5,-1.5997799640191206,1.5997799640191206,000788_2014-06-08_22-34-36_260595134347_rgbf000131-resize,-4.8003830799912315,4.8003830799912315,3.359,21.46386213810664
586157.0,2.5,-0.3081807574811857,0.3081807574811857,001235_2014-06-17_16-37-36_260595134347_rgbf000084-resize,-3.6520839835734265,3.6520839835734265,3.6605,14.547706659434104
586157.0,2.5,-0.3084431121907665,0.3084431121907665,000692_2014-06-08_13-09-42_260595134347_rgbf000199-resize,-3.6525839835734266,3.6525839835734266,3.661,54.80046590295557
586157.0,2.5,-0.16231153895182018,0.16231153895182018,000780_2014-06-08_22-28-29_260595134347_rgbf000126-resize,-3.3740839835734264,3.3740839835734264,3.3825,14.165390776882042
586157.0,2.5,-0.2010478730018316,0.2010478730018316,000470_2014-06-09_19-42-40_260595134347_rgbf000094-resize,-2.6754069814662538,2.6754069814662538,1.831,22.486379427626872
586157.0,2.5,-0.8038468326599828,0.8038468326599828,000109_2014-05-14_23-41-52_260595134347_rgbf000035-resize,-3.0517299793590804,3.0517299793590804,1.3545,6.620498200896815
586157.0,2.5,-0.12863797315632575,0.12863797315632575,003338_2014-05-20_11-01-23_094959634447_rgbf000051-resize,-2.537406981466254,2.537406981466254,1.693,28.251495663089063
586157.0,2.5,-0.8694889232779578,0.8694889232779578,002784_2014-06-22_19-26-30_094959634447_rgbf000083-resize,-3.331332046447215,3.331332046447215,1.8046666666667,3.0422522474895675
586157.0,2.5,-0.4156540254425137,0.4156540254425137,001100_2014-06-15_17-46-26_260595134347_rgbf000225-resize,-3.084406981466254,3.084406981466254,2.24,9.548860596737413
586157.0,2.5,-0.127588554317983,0.127588554317983,002964_2014-06-08_17-46-11_094959634447_rgbf000091-resize,-2.5354069814662537,2.5354069814662537,1.6909999999999998,28.953812917975768
586157.0,2.5,-0.7004010483110326,0.7004010483110326,002039_2014-06-24_20-22-38_260595134347_rgbf000084-resize,-4.399583983573427,4.399583983573427,4.408,15.524303639345458
586157.0,2.5,-0.993011645369006,0.993011645369006,000691_2014-06-08_13-08-50_260595134347_rgbf000132-resize,-4.570995482519841,4.570995482519841,4.1530000000000005,14.740846212587924
586157.0,2.5,-0.7451715406814962,0.7451715406814962,000929_2014-06-09_16-33-19_260595134347_rgbf000139-resize,-3.712406981466254,3.712406981466254,2.8680000000000003,19.501338012209015
586157.0,2.5,-1.1526084046672818,1.1526084046672818,003490_2014-05-21_15-50-11_094959634447_rgbf000101-resize,-4.488906981466253,4.488906981466253,3.6445,19.999457360175192
586157.0,2.5,-0.02964279607283293,0.02964279607283293,002279_2014-06-28_18-55-32_260595134347_rgbf000040-resize,-2.3487403147995543,2.3487403147995543,1.5043333333333,15.963772282558683
586157.0,2.5,-0.3059046609654139,0.3059046609654139,002043_2014-06-24_20-29-38_260595134347_rgbf000039-resize,-3.261495482519841,3.261495482519841,2.8435,8.475049543704081
586157.0,2.5,-0.23964805365905084,0.23964805365905084,002344_2014-06-28_20-06-29_260595134347_rgbf000030-resize,-2.594471581044819,2.594471581044819,1.5795,37.33165518125916
586157.0,2.5,-0.6327064661399513,0.6327064661399513,000549_2014-06-08_22-10-24_260595134347_rgbf000247-resize,-3.111818480412667,3.111818480412667,1.841,30.99307977870557
586157.0,2.5,-1.0846585348847175,1.0846585348847175,000736_2014-06-08_18-24-15_260595134347_rgbf000206-resize,-4.359406981466254,4.359406981466254,3.515,33.408170606136416
586157.0,2.5,-0.37403178958706135,0.37403178958706135,000137_2014-05-20_17-04-49_260595134347_rgbf000120-resize,-3.7775839835734266,3.7775839835734266,3.786,14.89611111351161
586157.0,2.5,-0.7522551178403004,0.7522551178403004,000642_2014-06-08_16-59-25_260595134347_rgbf000098-resize,-3.7259069814662538,3.7259069814662538,2.8815,31.36214301237791
586157.0,2.5,-0.005338326749389222,0.005338326749389222,002425_2014-06-28_20-27-29_260595134347_rgbf000031-resize,-3.461172484627014,3.461172484627014,3.8960000000000004,8.40495801096819
586157.0,2.5,-0.21093225609557886,0.21093225609557886,001056_2014-06-08_18-46-44_260595134347_rgbf000068-resize,-3.0804954825198405,3.0804954825198405,2.6625,11.38594592369452
586157.0,2.5,-0.2876249271649426,0.2876249271649426,002199_2014-06-28_18-33-56_260595134347_rgbf000074-resize,-2.840406981466254,2.840406981466254,1.996,17.12852126070164
586157.0,2.5,-0.3451727715326916,0.3451727715326916,002323_2014-06-28_20-01-54_260595134347_rgbf000051-resize,-3.7225839835734265,3.7225839835734265,3.7310000000000003,18.09172628388976
586157.0,2.5,-1.1580256905999775,1.1580256905999775,002905_2014-06-03_18-04-43_094959634447_rgbf000151-resize,-3.7267299793590807,3.7267299793590807,2.0295,12.020604335789361
586157.0,2.5,-2.228780356287592,2.228780356287592,003423_2014-05-21_10-23-26_094959634447_rgbf002665-resize,-5.381141478305493,5.381141478305493,3.2575,35.43119222475438
586157.0,2.5,-1.8273847177203768,1.8273847177203768,003129_2014-05-12_10-48-10_094959634447_rgbf000100-resize,-5.774906981466254,5.774906981466254,4.9305,17.9074543760639
586157.0,2.5,-0.4466969770440589,0.4466969770440589,000810_2014-06-08_17-20-01_260595134347_rgbf000105-resize,-2.7573184804126667,2.7573184804126667,1.4865,3.0958890116960642
586157.0,2.5,-1.3133056403262091,1.3133056403262091,001214_2014-06-17_16-13-55_260595134347_rgbf000111-resize,-4.177165379780515,4.177165379780515,2.6505,18.479282579459067
586157.0,2.5,-0.5233116193410325,0.5233116193410325,000436_2014-06-09_22-25-11_260595134347_rgbf000137-resize,-4.062083983573427,4.062083983573427,4.0705,20.69156545677159
586157.0,2.5,-0.690431569346796,0.690431569346796,002444_2014-06-28_20-32-08_260595134347_rgbf000027-resize,-4.380583983573425,4.380583983573425,4.388999999999999,17.102760279009576
586157.0,2.5,-1.4501186453368795,1.4501186453368795,001133_2014-06-17_14-49-16_260595134347_rgbf000100-resize,-5.0559069814662525,5.0559069814662525,4.2115,26.759918254713728
586157.0,2.5,-0.1008694793865908,0.1008694793865908,001132_2014-06-17_14-48-54_260595134347_rgbf000100-resize,-3.4887370842055785,3.4887370842055785,3.753,14.398279213278778
586157.0,2.5,-0.6131730834119579,0.6131730834119579,003070_2014-06-15_14-58-27_094959634447_rgbf000150-resize,-3.615342381887688,3.615342381887688,2.9415,10.664823740812926
586157.0,2.5,-0.16152447482306,0.16152447482306,000758_2014-06-08_22-05-08_260595134347_rgbf000085-resize,-3.372583983573427,3.372583983573427,3.3810000000000002,11.91317737826679
586157.0,2.5,-0.8501134245155685,0.8501134245155685,000854_2014-06-09_19-43-13_260595134347_rgbf000066-resize,-3.912406981466254,3.912406981466254,3.068,11.910827625938722
586157.0,2.5,-0.5547020215226554,0.5547020215226554,002153_2014-06-25_21-27-18_260595134347_rgbf000038-resize,-3.3494069814662537,3.3494069814662537,2.505,17.28886317575377
586157.0,2.5,-1.1166658094541195,1.1166658094541195,002660_2014-06-13_15-44-18_094959634447_rgbf001878-resize,-4.420406981466254,4.420406981466254,3.576,15.11997681444361
586157.0,2.5,-0.4033573924402066,0.4033573924402066,002949_2014-06-26_15-57-42_094959634447_rgbf000079-resize,-2.9064715810448187,2.9064715810448187,1.8915,17.99500168321199
586157.0,2.5,-0.07468506595037665,0.07468506595037665,000866_2014-06-09_20-45-42_260595134347_rgbf000139-resize,-3.2070839835734266,3.2070839835734266,3.2155,8.082259189449621
586157.0,2.5,-0.94997840589893,0.94997840589893,001555_2014-06-20_17-12-10_260595134347_rgbf000065-resize,-3.33022997935908,3.33022997935908,1.633,7.608284543781994
586157.0,2.5,-0.8413635561306607,0.8413635561306607,003534_2014-05-22_15-06-10_094959634447_rgbf000102-resize,-3.1232299793590803,3.1232299793590803,1.426,12.376994007247625
586157.0,2.5,-0.9968618701422792,0.9968618701422792,000773_2014-06-08_22-24-54_260595134347_rgbf000093-resize,-4.9645839835734265,4.9645839835734265,4.973,21.45352631724976
586157.0,2.5,-0.6767891244483699,0.6767891244483699,002414_2014-06-28_20-24-58_260595134347_rgbf000067-resize,-4.354583983573427,4.354583983573427,4.363,31.720662178139435
586157.0,2.5,-2.2366509975751456,2.2366509975751456,001032_2014-06-08_13-23-17_260595134347_rgbf000021-resize,-5.396141478305494,5.396141478305494,3.2725,15.984983178828962
586157.0,2.5,-0.5059962085084158,0.5059962085084158,002639_2014-06-24_14-51-37_094959634447_rgbf000074-resize,-4.029083983573426,4.029083983573426,4.0375,16.521406794569987
586157.0,2.5,-0.5607943044635113,0.5607943044635113,001570_2014-06-20_17-21-09_260595134347_rgbf000135-resize,-4.288019383994861,4.288019383994861,4.467,22.179510675592084
586157.0,2.5,-0.3915244592587708,0.3915244592587708,000742_2014-06-08_18-48-09_260595134347_rgbf000164-resize,-4.197172484627013,4.197172484627013,4.632,18.91549953899407
586157.0,2.5,-0.580937492481178,0.580937492481178,002758_2014-06-22_19-11-20_094959634447_rgbf000128-resize,-3.399406981466254,3.399406981466254,2.555,7.204478276142114
586157.0,2.5,-0.515873524504049,0.515873524504049,000502_2014-06-08_23-02-32_260595134347_rgbf000063-resize,-3.275406981466254,3.275406981466254,2.431,13.897287578908273
586157.0,2.5,-0.6730239955455765,0.6730239955455765,001806_2014-06-26_20-50-20_260595134347_rgbf000091-resize,-3.574906981466254,3.574906981466254,2.7305,13.909869710567438
586157.0,2.5,-0.6325022360507657,0.6325022360507657,001617_2014-06-20_11-35-32_260595134347_rgbf000066-resize,-4.038430882941275,4.038430882941275,3.7910000000000004,19.974169961071475
586157.0,2.5,-0.0906036073645698,0.0906036073645698,000506_2014-06-08_23-21-00_260595134347_rgbf000070-resize,-3.6236724846270154,3.6236724846270154,4.0585,16.716212007621664
586157.0,2.5,-0.19877884358416245,0.19877884358416245,001449_2014-06-19_17-01-27_260595134347_rgbf000116-resize,-3.4435839835734265,3.4435839835734265,3.452,8.994872108877228
586157.0,2.5,-1.1136026488095836,1.1136026488095836,002600_2014-06-24_14-27-04_094959634447_rgbf000074-resize,-4.028318480412667,4.028318480412667,2.7575,44.47386082434929
586157.0,2.5,-1.2269909408726785,1.2269909408726785,000368_2014-06-09_15-53-01_260595134347_rgbf000155-resize,-4.012665379780516,4.012665379780516,2.4859999999999998,21.090700959072958
586157.0,2.5,-0.9197295855242468,0.9197295855242468,001828_2014-06-26_21-40-03_260595134347_rgbf000024-resize,-4.817583983573426,4.817583983573426,4.8260000000000005,35.55232951340613
586157.0,2.5,-2.2113798495844774,2.2113798495844774,002570_2014-06-24_13-59-54_094959634447_rgbf000059-resize,-5.734229979359079,5.734229979359079,4.037,41.596140375002705
586157.0,2.5,-0.4492424953675143,0.4492424953675143,002467_2014-06-28_20-38-07_260595134347_rgbf000026-resize,-4.307172484627014,4.307172484627014,4.742,15.331046216195933
586157.0,2.5,-0.4531778160113003,0.4531778160113003,002663_2014-06-13_15-50-26_094959634447_rgbf000075-resize,-4.314672484627014,4.314672484627014,4.7495,16.725954086732166
586157.0,2.5,-1.1140252431841646,1.1140252431841646,000409_2014-06-04_19-23-33_260595134347_rgbf000067-resize,-4.492624681676972,4.492624681676972,3.7335,12.696549983566419
586157.0,2.5,-0.6536097470362644,0.6536097470362644,001092_2014-06-15_17-34-58_260595134347_rgbf000171-resize,-3.5379069814662536,3.5379069814662536,2.6935,9.164038324933468
586157.0,2.5,-0.04071510709709203,0.04071510709709203,001167_2014-06-17_15-38-07_260595134347_rgbf000108-resize,-2.5243423818876884,2.5243423818876884,1.8505,12.019050657019696
731193.0,2.5,-0.7163867635482731,0.7163867635482731,001808_2014-06-26_20-50-58_260595134347_rgbf000029-resize,-4.339998496458752,4.339998496458752,4.249,20.030651550568866
731193.0,2.5,-0.7062193034065252,0.7062193034065252,001029_2014-06-08_13-17-57_260595134347_rgbf000065-resize,-3.775879864360067,3.775879864360067,3.0835,18.209734661918688
731193.0,2.5,-0.3125584919645883,0.3125584919645883,001417_2014-06-19_16-25-36_260595134347_rgbf000115-resize,-4.1151171285574355,4.1151171285574355,4.6255,49.17091269608214
731193.0,2.5,-0.5398220439974449,0.5398220439974449,003081_2014-06-15_15-19-16_094959634447_rgbf000150-resize,-4.003498496458752,4.003498496458752,3.9125,16.632991649560594
731193.0,2.5,-1.118967635116089,1.118967635116089,000682_2014-06-08_23-14-58_260595134347_rgbf000041-resize,-4.01776123226138,4.01776123226138,2.7239999999999998,8.707843071693064
731193.0,2.5,-1.3144862672891318,1.3144862672891318,001650_2014-06-20_12-09-00_260595134347_rgbf000087-resize,-3.8456426001626944,3.8456426001626944,1.9505,47.6804595860539
731193.0,2.5,-0.15999679805017664,0.15999679805017664,001244_2014-06-17_16-47-45_260595134347_rgbf000030-resize,-2.7348798643600656,2.7348798643600656,2.0425,6.7629638807870815
731193.0,2.5,-0.5425743381574473,0.5425743381574473,003495_2014-05-21_16-01-51_094959634447_rgbf000100-resize,-2.91926123226138,2.91926123226138,1.6255,12.747278812179
731193.0,2.5,-1.0272770944067042,1.0272770944067042,000556_2014-06-09_22-42-56_260595134347_rgbf000214-resize,-4.932498496458751,4.932498496458751,4.8415,23.88242025565649
731193.0,2.5,-1.204168542199205,1.204168542199205,001150_2014-06-17_15-27-34_260595134347_rgbf000108-resize,-4.724879864360067,4.724879864360067,4.0325,11.088139074292139
731193.0,2.5,-0.5949165330103289,0.5949165330103289,002375_2014-06-28_20-13-44_260595134347_rgbf000032-resize,-4.108498496458751,4.108498496458751,4.0175,48.76103649676905
731193.0,2.5,-1.4521581162892685,1.4521581162892685,000788_2014-06-08_22-34-36_260595134347_rgbf000131-resize,-4.65276123226138,4.65276123226138,3.359,21.46386213810664
731193.0,2.5,-1.008976638267825,1.008976638267825,001235_2014-06-17_16-37-36_260595134347_rgbf000084-resize,-4.352879864360067,4.352879864360067,3.6605,14.547706659434104
731193.0,2.5,-0.4078576250760911,0.4078576250760911,000692_2014-06-08_13-09-42_260595134347_rgbf000199-resize,-3.751998496458752,3.751998496458752,3.661,54.80046590295557
731193.0,2.5,-1.90262115264702,1.90262115264702,001094_2014-06-15_17-36-00_260595134347_rgbf000205-resize,-5.51126123226138,5.51126123226138,4.2175,17.196771274488466
731193.0,2.5,-0.0490207558956437,0.0490207558956437,000470_2014-06-09_19-42-40_260595134347_rgbf000094-resize,-2.5233798643600656,2.5233798643600656,1.831,22.486379427626872
731193.0,2.5,-0.3751920334421044,0.3751920334421044,002509_2014-06-24_13-19-22_094959634447_rgbf000077-resize,-2.60026123226138,2.60026123226138,1.3065,40.21868783296904
731193.0,2.5,-1.4663896441389543,1.4663896441389543,001100_2014-06-15_17-46-26_260595134347_rgbf000225-resize,-4.135142600162695,4.135142600162695,2.24,9.548860596737413
731193.0,2.5,-0.5769428051131094,0.5769428051131094,002964_2014-06-08_17-46-11_094959634447_rgbf000091-resize,-2.98476123226138,2.98476123226138,1.6909999999999998,28.953812917975768
731193.0,2.5,-0.7165155106124224,0.7165155106124224,002136_2014-06-25_21-18-03_260595134347_rgbf000109-resize,-3.25076123226138,3.25076123226138,1.9569999999999999,13.297078442475444
731193.0,2.5,-1.4011969290976716,1.4011969290976716,002039_2014-06-24_20-22-38_260595134347_rgbf000084-resize,-5.100379864360066,5.100379864360066,4.408,15.524303639345458
731193.0,2.5,-0.6408286071877384,0.6408286071877384,002103_2014-06-25_20-00-40_260595134347_rgbf000049-resize,-4.195998496458752,4.195998496458752,4.105,11.598018874569219
731193.0,2.5,-0.6660146593079169,0.6660146593079169,000691_2014-06-08_13-08-50_260595134347_rgbf000132-resize,-4.243998496458752,4.243998496458752,4.1530000000000005,14.740846212587924
731193.0,2.5,-0.11815365216197192,0.11815365216197192,001175_2014-06-17_15-45-55_260595134347_rgbf000129-resize,-3.744617128557437,3.744617128557437,4.255,15.34903910495583
731193.0,2.5,-0.39919991965977936,0.39919991965977936,003490_2014-05-21_15-50-11_094959634447_rgbf000101-resize,-3.7354984964587516,3.7354984964587516,3.6445,19.999457360175192
731193.0,2.5,-1.0803784147692737,1.0803784147692737,002279_2014-06-28_18-55-32_260595134347_rgbf000040-resize,-3.3994759334959936,3.3994759334959936,1.5043333333333,15.963772282558683
731193.0,2.5,-0.17652514475404654,0.17652514475404654,000635_2014-06-08_16-38-42_260595134347_rgbf000106-resize,-2.766379864360066,2.766379864360066,2.074,10.796976226722654
731193.0,2.5,-0.5184377048756119,0.5184377048756119,002344_2014-06-28_20-06-29_260595134347_rgbf000030-resize,-2.8732612322613797,2.8732612322613797,1.5795,37.33165518125916
731193.0,2.5,-0.6556492179886644,0.6556492179886644,000549_2014-06-08_22-10-24_260595134347_rgbf000247-resize,-3.13476123226138,3.13476123226138,1.841,30.99307977870557
731193.0,2.5,-0.3312500498772153,0.3312500498772153,000736_2014-06-08_18-24-15_260595134347_rgbf000206-resize,-3.605998496458752,3.605998496458752,3.515,33.408170606136416
731193.0,2.5,-0.6002280007341125,0.6002280007341125,000642_2014-06-08_16-59-25_260595134347_rgbf000098-resize,-3.5738798643600664,3.5738798643600664,2.8815,31.36214301237791
731193.0,2.5,-0.7369791779600691,0.7369791779600691,002199_2014-06-28_18-33-56_260595134347_rgbf000074-resize,-3.2897612322613803,3.2897612322613803,1.996,17.12852126070164
731193.0,2.5,-0.18596991429911047,0.18596991429911047,000878_2014-06-08_22-52-45_260595134347_rgbf000045-resize,-2.7843798643600657,2.7843798643600657,2.092,5.576511521775202
731193.0,2.5,-0.5034834864292554,0.5034834864292554,002953_2014-06-08_17-32-18_094959634447_rgbf000059-resize,-2.84476123226138,2.84476123226138,1.551,13.905027931093345
731193.0,2.5,-1.0739762327128743,1.0739762327128743,003129_2014-05-12_10-48-10_094959634447_rgbf000100-resize,-5.021498496458753,5.021498496458753,4.9305,17.9074543760639
731193.0,2.5,-0.9881862426785204,0.9881862426785204,002988_2014-06-15_12-24-20_094959634447_rgbf000150-resize,-4.857998496458753,4.857998496458753,4.7669999999999995,14.460306569198616
731193.0,2.5,-0.4790201249057597,0.4790201249057597,001214_2014-06-17_16-13-55_260595134347_rgbf000111-resize,-3.3428798643600666,3.3428798643600666,2.6505,18.479282579459067
731193.0,2.5,-0.2867784963118998,0.2867784963118998,002272_2014-06-28_18-53-56_260595134347_rgbf000067-resize,-2.43176123226138,2.43176123226138,1.138,10.409245808146235
731193.0,2.5,-0.6656186969529035,0.6656186969529035,001571_2014-06-20_17-21-32_260595134347_rgbf000089-resize,-3.15376123226138,3.15376123226138,1.86,4.991960350191473
731193.0,2.5,-1.2241075001276716,1.2241075001276716,000436_2014-06-09_22-25-11_260595134347_rgbf000137-resize,-4.762879864360067,4.762879864360067,4.0705,20.69156545677159
731193.0,2.5,-1.3912274501334352,1.3912274501334352,002444_2014-06-28_20-32-08_260595134347_rgbf000027-resize,-5.0813798643600645,5.0813798643600645,4.388999999999999,17.102760279009576
731193.0,2.5,-0.12536597638492908,0.12536597638492908,000943_2014-06-09_19-31-07_260595134347_rgbf000128-resize,-2.6688798643600657,2.6688798643600657,1.9765,15.893099149291922
731193.0,2.5,-0.043709288171860435,0.043709288171860435,002057_2014-06-24_21-00-13_260595134347_rgbf000120-resize,-3.0579984964587514,3.0579984964587514,2.967,10.990036854719376
731193.0,2.5,-0.6357102600601879,0.6357102600601879,000709_2014-06-08_13-51-55_260595134347_rgbf000068-resize,-3.09676123226138,3.09676123226138,1.8030000000000002,14.429351101546246
731193.0,2.5,-0.862320355609699,0.862320355609699,000758_2014-06-08_22-05-08_260595134347_rgbf000085-resize,-4.0733798643600645,4.0733798643600645,3.3810000000000002,11.91317737826679
731193.0,2.5,-0.0967049395080662,0.0967049395080662,000854_2014-06-09_19-43-13_260595134347_rgbf000066-resize,-3.1589984964587514,3.1589984964587514,3.068,11.910827625938722
731193.0,2.5,-0.9248251500230588,0.9248251500230588,001164_2014-06-17_15-35-46_260595134347_rgbf000085-resize,-3.64776123226138,3.64776123226138,2.354,17.325668807481115
731193.0,2.5,-0.06712323085702132,0.06712323085702132,001136_2014-06-17_15-19-41_260595134347_rgbf000076-resize,-2.557879864360066,2.557879864360066,1.8655,18.667799879387072
731193.0,2.5,-1.5439822646440833,1.5439822646440833,000739_2014-06-08_18-45-58_260595134347_rgbf000068-resize,-4.82776123226138,4.82776123226138,3.534,8.164356963721069
731193.0,2.5,-1.2385370091548558,1.2385370091548558,000734_2014-06-08_17-39-11_260595134347_rgbf000128-resize,-4.790379864360067,4.790379864360067,4.098,16.052231618370055
731193.0,2.5,-0.9340075648585432,0.9340075648585432,000522_2014-06-08_13-35-06_260595134347_rgbf000244-resize,-3.66526123226138,3.66526123226138,2.3715,25.742609854068213
731193.0,2.5,-0.08076567575545346,0.08076567575545346,002949_2014-06-26_15-57-42_094959634447_rgbf000079-resize,-2.5838798643600662,2.5838798643600662,1.8915,17.99500168321199
731193.0,2.5,-0.08798286055967486,0.08798286055967486,002989_2014-06-15_12-25-03_094959634447_rgbf000150-resize,-3.687117128557437,3.687117128557437,4.1975,27.906783421951957
731193.0,2.5,-1.0392761769342749,1.0392761769342749,003534_2014-05-22_15-06-10_094959634447_rgbf000102-resize,-3.3211426001626942,3.3211426001626942,1.426,12.376994007247625
731193.0,2.5,-0.4948950151262896,0.4948950151262896,000773_2014-06-08_22-24-54_260595134347_rgbf000093-resize,-4.4626171285574365,4.4626171285574365,4.973,21.45352631724976
731193.0,2.5,-0.7762036373336946,0.7762036373336946,002414_2014-06-28_20-24-58_260595134347_rgbf000067-resize,-4.453998496458752,4.453998496458752,4.363,31.720662178139435
731193.0,2.5,-0.20400801572840305,0.20400801572840305,001032_2014-06-08_13-23-17_260595134347_rgbf000021-resize,-3.3634984964587518,3.3634984964587518,3.2725,15.984983178828962
731193.0,2.5,-0.6054107213937404,0.6054107213937404,002639_2014-06-24_14-51-37_094959634447_rgbf000074-resize,-4.128498496458752,4.128498496458752,4.0375,16.521406794569987
731193.0,2.5,-0.8307734169274014,0.8307734169274014,001570_2014-06-20_17-21-09_260595134347_rgbf000135-resize,-4.557998496458751,4.557998496458751,4.467,22.179510675592084
731193.0,2.5,-0.05518852186152712,0.05518852186152712,001392_2014-06-19_16-07-59_260595134347_rgbf000046-resize,-3.624617128557437,3.624617128557437,4.135,18.95235574822112
731193.0,2.5,-0.837069929957453,0.837069929957453,000447_2014-06-08_16-15-46_260595134347_rgbf000130-resize,-4.569998496458752,4.569998496458752,4.479,19.081432914605553
731193.0,2.5,-1.2593942085668732,1.2593942085668732,001447_2014-06-19_17-00-32_260595134347_rgbf000082-resize,-4.8301298643600665,4.8301298643600665,4.13775,46.830399423560245
731193.0,2.5,-0.9173504710905084,0.9173504710905084,000742_2014-06-08_18-48-09_260595134347_rgbf000164-resize,-4.722998496458751,4.722998496458751,4.632,18.91549953899407
731193.0,2.5,-0.8919664377928316,0.8919664377928316,001199_2014-06-17_16-03-48_260595134347_rgbf000077-resize,-4.129879864360067,4.129879864360067,3.4375,28.282249848901696
731193.0,2.5,-0.9652277752991754,0.9652277752991754,000502_2014-06-08_23-02-32_260595134347_rgbf000063-resize,-3.72476123226138,3.72476123226138,2.431,13.897287578908273
731193.0,2.5,-1.2608371594695889,1.2608371594695889,003083_2014-06-15_15-21-03_094959634447_rgbf000063-resize,-4.832879864360066,4.832879864360066,4.1405,19.172834459547143
731193.0,2.5,-0.5209968784393886,0.5209968784393886,001806_2014-06-26_20-50-20_260595134347_rgbf000091-resize,-3.4228798643600666,3.4228798643600666,2.7305,13.909869710567438
731193.0,2.5,-0.015048251294992987,0.015048251294992987,000506_2014-06-08_23-21-00_260595134347_rgbf000070-resize,-3.548117128557437,3.548117128557437,4.0585,16.716212007621664
731193.0,2.5,-0.8995747243708014,0.8995747243708014,001449_2014-06-19_17-01-27_260595134347_rgbf000116-resize,-4.144379864360067,4.144379864360067,3.452,8.994872108877228
731193.0,2.5,-0.5351640327569824,0.5351640327569824,002600_2014-06-24_14-27-04_094959634447_rgbf000074-resize,-3.449879864360065,3.449879864360065,2.7575,44.47386082434929
731193.0,2.5,-0.7222873142232986,0.7222873142232986,003228_2014-05-14_13-42-35_094959634447_rgbf000101-resize,-3.26176123226138,3.26176123226138,1.9680000000000002,14.40337638638131
731193.0,2.5,-0.9940867933535432,0.9940867933535432,000368_2014-06-09_15-53-01_260595134347_rgbf000155-resize,-3.779761232261381,3.779761232261381,2.4859999999999998,21.090700959072958
731193.0,2.5,-0.16760508462814627,0.16760508462814627,002209_2014-06-28_18-36-10_260595134347_rgbf000051-resize,-2.749379864360065,2.749379864360065,2.057,12.962068825921264
731193.0,2.5,-0.4177627305082572,0.4177627305082572,001828_2014-06-26_21-40-03_260595134347_rgbf000024-resize,-4.315617128557438,4.315617128557438,4.8260000000000005,35.55232951340613
731193.0,2.5,-0.0037669987828343743,0.0037669987828343743,002570_2014-06-24_13-59-54_094959634447_rgbf000059-resize,-3.526617128557437,3.526617128557437,4.037,41.596140375002705
731193.0,2.5,-0.975068507199252,0.975068507199252,002467_2014-06-28_20-38-07_260595134347_rgbf000026-resize,-4.832998496458751,4.832998496458751,4.742,15.331046216195933
731193.0,2.5,-0.2701857760759516,0.2701857760759516,001810_2014-06-26_20-51-35_260595134347_rgbf000040-resize,-2.944879864360065,2.944879864360065,2.2525,22.411391411207674
731193.0,2.5,-0.979003827843038,0.979003827843038,002663_2014-06-13_15-50-26_094959634447_rgbf000075-resize,-4.8404984964587525,4.8404984964587525,4.7495,16.725954086732166
731193.0,2.5,-0.1206435916123978,0.1206435916123978,002875_2014-06-01_15-19-00_094959634447_rgbf000151-resize,-2.659879864360066,2.659879864360066,1.9675,11.625680938349673
731193.0,2.5,-0.5015826299300765,0.5015826299300765,001092_2014-06-15_17-34-58_260595134347_rgbf000171-resize,-3.3858798643600654,3.3858798643600654,2.6935,9.164038324933468
731193.0,2.5,-0.05925258956946955,0.05925258956946955,001167_2014-06-17_15-38-07_260595134347_rgbf000108-resize,-2.542879864360066,2.542879864360066,1.8505,12.019050657019696
372273.0,2.5,-1.0688735011658634,1.0688735011658634,001808_2014-06-26_20-50-58_260595134347_rgbf000029-resize,-4.692485234076342,4.692485234076342,4.249,20.030651550568866
372273.0,2.5,-0.4573246731228012,0.4573246731228012,001029_2014-06-08_13-17-57_260595134347_rgbf000065-resize,-3.5269852340763417,3.5269852340763417,3.0835,18.209734661918688
372273.0,2.5,-1.347681754819419,1.347681754819419,000677_2014-06-08_23-10-32_260595134347_rgbf000158-resize,-4.641917115214967,4.641917115214967,3.556,19.65196273325612
372273.0,2.5,-1.266426597483493,1.266426597483493,001417_2014-06-19_16-25-36_260595134347_rgbf000115-resize,-5.068985234076342,5.068985234076342,4.6255,49.17091269608214
372273.0,2.5,-0.2498769004764104,0.2498769004764104,003081_2014-06-15_15-19-16_094959634447_rgbf000150-resize,-3.713553352937717,3.713553352937717,3.9125,16.632991649560594
372273.0,2.5,-0.2686916369310509,0.2686916369310509,000682_2014-06-08_23-14-58_260595134347_rgbf000041-resize,-3.167485234076342,3.167485234076342,2.7239999999999998,8.707843071693064
372273.0,2.5,-0.5052607823414044,0.5052607823414044,001650_2014-06-20_12-09-00_260595134347_rgbf000087-resize,-3.0364171152149666,3.0364171152149666,1.9505,47.6804595860539
372273.0,2.5,-0.3347302211110341,0.3347302211110341,003495_2014-05-21_16-01-51_094959634447_rgbf000100-resize,-2.7114171152149664,2.7114171152149664,1.6255,12.747278812179
372273.0,2.5,-2.5019676743587387,2.5019676743587387,001158_2014-06-17_15-32-16_260595134347_rgbf000138-resize,-6.259848996353592,6.259848996353592,4.5315,26.954451973303737
372273.0,2.5,-2.6646275943015443,2.6646275943015443,000556_2014-06-09_22-42-56_260595134347_rgbf000214-resize,-6.569848996353593,6.569848996353593,4.8415,23.88242025565649
372273.0,2.5,-1.5977057930541059,1.5977057930541059,001150_2014-06-17_15-27-34_260595134347_rgbf000108-resize,-5.118417115214967,5.118417115214967,4.0325,11.088139074292139
372273.0,2.5,-0.4434198735147873,0.4434198735147873,000665_2014-06-09_20-42-35_260595134347_rgbf000110-resize,-3.5004852340763417,3.5004852340763417,3.057,18.49880761375764
372273.0,2.5,-0.9474032706279192,0.9474032706279192,002375_2014-06-28_20-13-44_260595134347_rgbf000032-resize,-4.460985234076342,4.460985234076342,4.0175,48.76103649676905
372273.0,2.5,-0.4213820779096248,0.4213820779096248,002568_2014-06-24_13-59-21_094959634447_rgbf000062-resize,-3.458485234076342,3.458485234076342,3.015,29.63840999388049
372273.0,2.5,-0.6018821181042301,0.6018821181042301,000788_2014-06-08_22-34-36_260595134347_rgbf000131-resize,-3.8024852340763418,3.8024852340763418,3.359,21.46386213810664
372273.0,2.5,-0.11765012684547582,0.11765012684547582,001235_2014-06-17_16-37-36_260595134347_rgbf000084-resize,-3.4615533529377167,3.4615533529377167,3.6605,14.547706659434104
372273.0,2.5,-0.11791248155505665,0.11791248155505665,000692_2014-06-08_13-09-42_260595134347_rgbf000199-resize,-3.462053352937717,3.462053352937717,3.661,54.80046590295557
372273.0,2.5,-0.4287406587124095,0.4287406587124095,002784_2014-06-22_19-26-30_094959634447_rgbf000083-resize,-2.890583781881667,2.890583781881667,1.8046666666667,3.0422522474895675
372273.0,2.5,-0.014732278052601909,0.014732278052601909,001100_2014-06-15_17-46-26_260595134347_rgbf000225-resize,-2.6834852340763415,2.6834852340763415,2.24,9.548860596737413
372273.0,2.5,-0.18335155368038591,0.18335155368038591,000483_2014-06-09_20-41-45_260595134347_rgbf000116-resize,-2.422917115214967,2.422917115214967,1.337,29.232414989368262
372273.0,2.5,-0.3690986880666962,0.3690986880666962,002964_2014-06-08_17-46-11_094959634447_rgbf000091-resize,-2.7769171152149665,2.7769171152149665,1.6909999999999998,28.953812917975768
372273.0,2.5,-1.6291135555688339,1.6291135555688339,000929_2014-06-09_16-33-19_260595134347_rgbf000139-resize,-4.5963489963535915,4.5963489963535915,2.8680000000000003,19.501338012209015
372273.0,2.5,-0.7540478496636392,0.7540478496636392,000457_2014-06-08_16-52-43_260595134347_rgbf000199-resize,-4.092485234076342,4.092485234076342,3.6489999999999996,14.067279821032837
372273.0,2.5,-1.0720217576808766,1.0720217576808766,001175_2014-06-17_15-45-55_260595134347_rgbf000129-resize,-4.698485234076342,4.698485234076342,4.255,15.34903910495583
372273.0,2.5,-1.3941185384159949,1.3941185384159949,003490_2014-05-21_15-50-11_094959634447_rgbf000101-resize,-4.730417115214967,4.730417115214967,3.6445,19.999457360175192
372273.0,2.5,-0.2711529298215461,0.2711529298215461,002279_2014-06-28_18-55-32_260595134347_rgbf000040-resize,-2.590250448548267,2.590250448548267,1.5043333333333,15.963772282558683
372273.0,2.5,-1.6162581747991651,1.6162581747991651,002043_2014-06-24_20-29-38_260595134347_rgbf000039-resize,-4.571848996353592,4.571848996353592,2.8435,8.475049543704081
372273.0,2.5,-1.2759841164671797,1.2759841164671797,002725_2014-06-22_11-47-51_094959634447_rgbf000070-resize,-3.923348996353592,3.923348996353592,2.195,3.938570017428758
372273.0,2.5,-1.3261686686334309,1.3261686686334309,000736_2014-06-08_18-24-15_260595134347_rgbf000206-resize,-4.600917115214966,4.600917115214966,3.515,33.408170606136416
372273.0,2.5,-0.8259330400899764,0.8259330400899764,000137_2014-05-20_17-04-49_260595134347_rgbf000120-resize,-4.229485234076342,4.229485234076342,3.786,14.89611111351161
372273.0,2.5,-2.3209429247449647,2.3209429247449647,000917_2014-06-09_22-45-29_260595134347_rgbf000149-resize,-5.914848996353591,5.914848996353591,4.1865,9.740561609074897
372273.0,2.5,-1.4395059031742317,1.4395059031742317,002323_2014-06-28_20-01-54_260595134347_rgbf000051-resize,-4.816917115214967,4.816917115214967,3.7310000000000003,18.09172628388976
372273.0,2.5,-1.189144707594489,1.189144707594489,002905_2014-06-03_18-04-43_094959634447_rgbf000151-resize,-3.757848996353592,3.757848996353592,2.0295,12.020604335789361
372273.0,2.5,-1.1910559931970648,1.1910559931970648,003423_2014-05-21_10-23-26_094959634447_rgbf002665-resize,-4.343417115214966,4.343417115214966,3.2575,35.43119222475438
372273.0,2.5,-1.4264629703304648,1.4264629703304648,003129_2014-05-12_10-48-10_094959634447_rgbf000100-resize,-5.373985234076343,5.373985234076343,4.9305,17.9074543760639
372273.0,2.5,-0.2301254946220358,0.2301254946220358,001214_2014-06-17_16-13-55_260595134347_rgbf000111-resize,-3.093985234076342,3.093985234076342,2.6505,18.479282579459067
372273.0,2.5,-0.6476066402075326,0.6476066402075326,002748_2014-06-22_19-07-22_094959634447_rgbf000078-resize,-4.4715533529377165,4.4715533529377165,4.6705,35.71435075733748
372273.0,2.5,-1.0491968979469677,1.0491968979469677,001133_2014-06-17_14-49-16_260595134347_rgbf000100-resize,-4.654985234076342,4.654985234076342,4.2115,26.759918254713728
372273.0,2.5,-0.8086176292573538,0.8086176292573538,001132_2014-06-17_14-48-54_260595134347_rgbf000100-resize,-4.196485234076342,4.196485234076342,3.753,14.398279213278778
372273.0,2.5,-1.0252478167392365,1.0252478167392365,003070_2014-06-15_14-58-27_094959634447_rgbf000150-resize,-4.027417115214966,4.027417115214966,2.9415,10.664823740812926
372273.0,2.5,-1.1613351083784549,1.1613351083784549,000943_2014-06-09_19-31-07_260595134347_rgbf000128-resize,-3.704848996353592,3.704848996353592,1.9765,15.893099149291922
372273.0,2.5,-0.4278661430137748,0.4278661430137748,000709_2014-06-08_13-51-55_260595134347_rgbf000068-resize,-2.888917115214966,2.888917115214966,1.8030000000000002,14.429351101546246
372273.0,2.5,-0.4491916771256567,0.4491916771256567,000854_2014-06-09_19-43-13_260595134347_rgbf000066-resize,-3.511485234076342,3.511485234076342,3.068,11.910827625938722
372273.0,2.5,-0.7962121552713686,0.7962121552713686,002153_2014-06-25_21-27-18_260595134347_rgbf000038-resize,-3.5909171152149666,3.5909171152149666,2.505,17.28886317575377
372273.0,2.5,-0.7157440620642076,0.7157440620642076,002660_2014-06-13_15-44-18_094959634447_rgbf001878-resize,-4.019485234076342,4.019485234076342,3.576,15.11997681444361
372273.0,2.5,-0.05127438532042017,0.05127438532042017,000739_2014-06-08_18-45-58_260595134347_rgbf000068-resize,-3.3350533529377167,3.3350533529377167,3.534,8.164356963721069
372273.0,2.5,-0.3472104977325069,0.3472104977325069,000734_2014-06-08_17-39-11_260595134347_rgbf000128-resize,-3.8990533529377167,3.8990533529377167,4.098,16.052231618370055
372273.0,2.5,-0.08373156667350512,0.08373156667350512,000522_2014-06-08_13-35-06_260595134347_rgbf000244-resize,-2.814985234076342,2.814985234076342,2.3715,25.742609854068213
372273.0,2.5,-0.4743029266103546,0.4743029266103546,002949_2014-06-26_15-57-42_094959634447_rgbf000079-resize,-2.9774171152149664,2.9774171152149664,1.8915,17.99500168321199
372273.0,2.5,-0.5265863164532917,0.5265863164532917,000866_2014-06-09_20-45-42_260595134347_rgbf000139-resize,-3.658985234076342,3.658985234076342,3.2155,8.082259189449621
372273.0,2.5,-0.2300506919865473,0.2300506919865473,003534_2014-05-22_15-06-10_094959634447_rgbf000102-resize,-2.511917115214967,2.511917115214967,1.426,12.376994007247625
372273.0,2.5,-0.16389935836794456,0.16389935836794456,000773_2014-06-08_22-24-54_260595134347_rgbf000093-resize,-4.131621471799091,4.131621471799091,4.973,21.45352631724976
372273.0,2.5,-1.9510227842298495,1.9510227842298495,003292_2014-05-14_21-53-49_094959634447_rgbf000100-resize,-5.209848996353592,5.209848996353592,3.4815,33.084282711345374
372273.0,2.5,-0.3154655778727059,0.3154655778727059,002639_2014-06-24_14-51-37_094959634447_rgbf000074-resize,-3.838553352937717,3.838553352937717,4.0375,16.521406794569987
372273.0,2.5,-0.5408282734063669,0.5408282734063669,001570_2014-06-20_17-21-09_260595134347_rgbf000135-resize,-4.2680533529377165,4.2680533529377165,4.467,22.179510675592084
372273.0,2.5,-1.0604781504591267,1.0604781504591267,001066_2014-06-08_22-03-20_260595134347_rgbf000066-resize,-4.676485234076343,4.676485234076343,4.2330000000000005,19.743449467077777
372273.0,2.5,-1.912269089846724,1.912269089846724,000742_2014-06-08_18-48-09_260595134347_rgbf000164-resize,-5.7179171152149655,5.7179171152149655,4.632,18.91549953899407
372273.0,2.5,-0.8987180440836919,0.8987180440836919,002549_2014-06-24_13-41-39_094959634447_rgbf000022-resize,-3.204348996353592,3.204348996353592,1.476,4.1736441355391865
372273.0,2.5,-0.7169810329766455,0.7169810329766455,002750_2014-06-22_19-08-03_094959634447_rgbf000094-resize,-3.4399171152149663,3.4399171152149663,2.354,8.789636111124727
372273.0,2.5,-0.27210224815566464,0.27210224815566464,001806_2014-06-26_20-50-20_260595134347_rgbf000091-resize,-3.173985234076342,3.173985234076342,2.7305,13.909869710567438
372273.0,2.5,-0.6443835810570336,0.6443835810570336,000493_2014-06-09_21-01-18_260595134347_rgbf000196-resize,-3.8834852340763417,3.8834852340763417,3.44,19.629285382994567
372273.0,2.5,-0.8330166172487811,0.8330166172487811,000191_2014-05-12_17-07-38_260595134347_rgbf000199-resize,-4.242985234076342,4.242985234076342,3.7995,12.340757267219296
372273.0,2.5,-0.6506800940870775,0.6506800940870775,001449_2014-06-19_17-01-27_260595134347_rgbf000116-resize,-3.8954852340763417,3.8954852340763417,3.452,8.994872108877228
372273.0,2.5,-0.9438177562635992,0.9438177562635992,001450_2014-06-19_17-02-03_260595134347_rgbf000203-resize,-4.454151900743042,4.454151900743042,4.0106666666667,12.34882649363641
372273.0,2.5,-0.2862694024732585,0.2862694024732585,002600_2014-06-24_14-27-04_094959634447_rgbf000074-resize,-3.2009852340763416,3.2009852340763416,2.7575,44.47386082434929
372273.0,2.5,-0.14381079516850515,0.14381079516850515,000368_2014-06-09_15-53-01_260595134347_rgbf000155-resize,-2.929485234076342,2.929485234076342,2.4859999999999998,21.090700959072958
372273.0,2.5,-1.6000669854403642,1.6000669854403642,002570_2014-06-24_13-59-54_094959634447_rgbf000059-resize,-5.122917115214967,5.122917115214967,4.037,41.596140375002705
372273.0,2.5,-0.6851233636782174,0.6851233636782174,002467_2014-06-28_20-38-07_260595134347_rgbf000026-resize,-4.543053352937717,4.543053352937717,4.742,15.331046216195933
372273.0,2.5,-0.021291145792227684,0.021291145792227684,001810_2014-06-26_20-51-35_260595134347_rgbf000040-resize,-2.6959852340763417,2.6959852340763417,2.2525,22.411391411207674
372273.0,2.5,-0.2526879996463526,0.2526879996463526,001092_2014-06-15_17-34-58_260595134347_rgbf000171-resize,-3.1369852340763416,3.1369852340763416,2.6935,9.164038324933468
372273.0,2.5,-0.4895194997662948,0.4895194997662948,002545_2014-06-24_13-38-53_094959634447_rgbf000080-resize,-3.0064171152149672,3.0064171152149672,1.9205,12.083824048628237
372273.0,2.5,-0.19384574206379426,0.19384574206379426,003587_2014-05-23_16-48-02_094959634447_rgbf002384-resize,-2.442917115214967,2.442917115214967,1.357,20.788172722830538
792964.0,2.5,-1.2456301808634,1.2456301808634,001808_2014-06-26_20-50-58_260595134347_rgbf000029-resize,-4.869241913773879,4.869241913773879,4.249,20.030651550568866
792964.0,2.5,-0.11010530065098204,0.11010530065098204,001815_2014-06-26_20-52-55_260595134347_rgbf000020-resize,-3.323778907595901,3.323778907595901,3.3865,18.626322656731816
792964.0,2.5,-0.7602202710030517,0.7602202710030517,001417_2014-06-19_16-25-36_260595134347_rgbf000115-resize,-4.5627789075959,4.5627789075959,4.6255,49.17091269608214
792964.0,2.5,-1.069065461312572,1.069065461312572,003081_2014-06-15_15-19-16_094959634447_rgbf000150-resize,-4.532741913773879,4.532741913773879,3.9125,16.632991649560594
792964.0,2.5,-0.7108975856010475,0.7108975856010475,001158_2014-06-17_15-32-16_260595134347_rgbf000138-resize,-4.468778907595902,4.468778907595902,4.5315,26.954451973303737
792964.0,2.5,-0.19059449936587505,0.19059449936587505,000556_2014-06-09_22-42-56_260595134347_rgbf000214-resize,-4.0958159014179225,4.0958159014179225,4.8415,23.88242025565649
792964.0,2.5,-0.6201765532123239,0.6201765532123239,000665_2014-06-09_20-42-35_260595134347_rgbf000110-resize,-3.6772419137738783,3.6772419137738783,3.057,18.49880761375764
792964.0,2.5,-0.5981387576071614,0.5981387576071614,002568_2014-06-24_13-59-21_094959634447_rgbf000062-resize,-3.6352419137738794,3.6352419137738794,3.015,29.63840999388049
792964.0,2.5,-1.2567129021263512,1.2567129021263512,000788_2014-06-08_22-34-36_260595134347_rgbf000131-resize,-4.457316018098463,4.457316018098463,3.359,21.46386213810664
792964.0,2.5,-0.9368386876816374,0.9368386876816374,001235_2014-06-17_16-37-36_260595134347_rgbf000084-resize,-4.280741913773879,4.280741913773879,3.6605,14.547706659434104
792964.0,2.5,-0.9371010423912182,0.9371010423912182,000692_2014-06-08_13-09-42_260595134347_rgbf000199-resize,-4.281241913773878,4.281241913773878,3.661,54.80046590295557
792964.0,2.5,-1.8437685397196988,1.8437685397196988,001094_2014-06-15_17-36-00_260595134347_rgbf000205-resize,-5.452408619334059,5.452408619334059,4.2175,17.196771274488466
792964.0,2.5,-0.7909694691522718,0.7909694691522718,000780_2014-06-08_22-28-29_260595134347_rgbf000126-resize,-4.002741913773878,4.002741913773878,3.3825,14.165390776882042
792964.0,2.5,-0.3045469603603101,0.3045469603603101,002784_2014-06-22_19-26-30_094959634447_rgbf000083-resize,-2.766390083529568,2.766390083529568,1.8046666666667,3.0422522474895675
792964.0,2.5,-1.329058978511484,1.329058978511484,002039_2014-06-24_20-22-38_260595134347_rgbf000084-resize,-5.028241913773879,5.028241913773879,4.408,15.524303639345458
792964.0,2.5,-0.4871090183248874,0.4871090183248874,002103_2014-06-25_20-00-40_260595134347_rgbf000049-resize,-4.042278907595901,4.042278907595901,4.105,11.598018874569219
792964.0,2.5,-0.2326249500272593,0.2326249500272593,002213_2014-06-28_18-37-58_260595134347_rgbf000055-resize,-3.5572789075959017,3.5572789075959017,3.62,11.387296889913552
792964.0,2.5,-0.5122950704450661,0.5122950704450661,000691_2014-06-08_13-08-50_260595134347_rgbf000132-resize,-4.090278907595901,4.090278907595901,4.1530000000000005,14.740846212587924
792964.0,2.5,-0.4233568238956858,0.4233568238956858,003621_2014-05-23_18-06-08_094959634447_rgbf000101-resize,-3.920778907595901,3.920778907595901,3.9835,23.07176470133362
792964.0,2.5,-0.5658154312004353,0.5658154312004353,001175_2014-06-17_15-45-55_260595134347_rgbf000129-resize,-4.1922789075959015,4.1922789075959015,4.255,15.34903910495583
792964.0,2.5,-0.10438719416785924,0.10438719416785924,000635_2014-06-08_16-38-42_260595134347_rgbf000106-resize,-2.6942419137738782,2.6942419137738782,2.074,10.796976226722654
792964.0,2.5,-0.508151092219452,0.508151092219452,002043_2014-06-24_20-29-38_260595134347_rgbf000039-resize,-3.4637419137738785,3.4637419137738785,2.8435,8.475049543704081
792964.0,2.5,-1.4582955215460558,1.4582955215460558,003048_2014-06-15_13-49-43_094959634447_rgbf000150-resize,-4.965223416862868,4.965223416862868,4.0035,24.355606534500392
792964.0,2.5,-0.16787703388746655,0.16787703388746655,002725_2014-06-22_11-47-51_094959634447_rgbf000070-resize,-2.8152419137738782,2.8152419137738782,2.195,3.938570017428758
792964.0,2.5,-0.17753046101436448,0.17753046101436448,000736_2014-06-08_18-24-15_260595134347_rgbf000206-resize,-3.4522789075959013,3.4522789075959013,3.515,33.408170606136416
792964.0,2.5,-1.0026897197875129,1.0026897197875129,000137_2014-05-20_17-04-49_260595134347_rgbf000120-resize,-4.406241913773878,4.406241913773878,3.786,14.89611111351161
792964.0,2.5,-1.4519048060577278,1.4519048060577278,002323_2014-06-28_20-01-54_260595134347_rgbf000051-resize,-4.829316018098463,4.829316018098463,3.7310000000000003,18.09172628388976
792964.0,2.5,-0.08103762501477585,0.08103762501477585,002905_2014-06-03_18-04-43_094959634447_rgbf000151-resize,-2.6497419137738785,2.6497419137738785,2.0295,12.020604335789361
792964.0,2.5,-0.7253807917559764,0.7253807917559764,003423_2014-05-21_10-23-26_094959634447_rgbf002665-resize,-3.8777419137738782,3.8777419137738782,3.2575,35.43119222475438
792964.0,2.5,-1.2876069343970182,1.2876069343970182,000414_2014-06-04_19-49-13_260595134347_rgbf000044-resize,-4.949241913773879,4.949241913773879,4.329,13.241348366125557
792964.0,2.5,-1.6032196500280014,1.6032196500280014,003129_2014-05-12_10-48-10_094959634447_rgbf000100-resize,-5.550741913773879,5.550741913773879,4.9305,17.9074543760639
792964.0,2.5,-1.8589111630826365,1.8589111630826365,002988_2014-06-15_12-24-20_094959634447_rgbf000150-resize,-5.7287234168628665,5.7287234168628665,4.7669999999999995,14.460306569198616
792964.0,2.5,-1.1698096697932727,1.1698096697932727,001052_2014-06-08_18-24-54_260595134347_rgbf000130-resize,-4.724741913773879,4.724741913773879,4.1045,25.87613690895519
792964.0,2.5,-1.466795201043694,1.466795201043694,002748_2014-06-22_19-07-22_094959634447_rgbf000078-resize,-5.290741913773879,5.290741913773879,4.6705,35.71435075733748
792964.0,2.5,-1.3704066938350277,1.3704066938350277,002995_2014-06-15_12-31-26_094959634447_rgbf000150-resize,-4.797723416862867,4.797723416862867,3.8360000000000003,27.231594395483473
792964.0,2.5,-0.6361264933692696,0.6361264933692696,002444_2014-06-28_20-32-08_260595134347_rgbf000027-resize,-4.326278907595899,4.326278907595899,4.388999999999999,17.102760279009576
792964.0,2.5,-0.5429905714665264,0.5429905714665264,001133_2014-06-17_14-49-16_260595134347_rgbf000100-resize,-4.148778907595902,4.148778907595902,4.2115,26.759918254713728
792964.0,2.5,-0.3024113027769125,0.3024113027769125,001132_2014-06-17_14-48-54_260595134347_rgbf000100-resize,-3.6902789075959013,3.6902789075959013,3.753,14.398279213278778
792964.0,2.5,-0.5595726152981481,0.5595726152981481,003070_2014-06-15_14-58-27_094959634447_rgbf000150-resize,-3.5617419137738784,3.5617419137738784,2.9415,10.664823740812926
792964.0,2.5,-0.1072193988455337,0.1072193988455337,000758_2014-06-08_22-05-08_260595134347_rgbf000085-resize,-3.3182789075959005,3.3182789075959005,3.3810000000000002,11.91317737826679
792964.0,2.5,-0.2844668537342042,0.2844668537342042,000854_2014-06-09_19-43-13_260595134347_rgbf000066-resize,-3.3467604106848894,3.3467604106848894,3.068,11.910827625938722
792964.0,2.5,-0.2513058315355573,0.2513058315355573,001164_2014-06-17_15-35-46_260595134347_rgbf000085-resize,-2.9742419137738785,2.9742419137738785,2.354,17.325668807481115
792964.0,2.5,-0.6096519858310143,0.6096519858310143,001136_2014-06-17_15-19-41_260595134347_rgbf000076-resize,-3.1004086193340585,3.1004086193340585,1.8655,18.667799879387072
792964.0,2.5,-0.4834360523906905,0.4834360523906905,000734_2014-06-08_17-39-11_260595134347_rgbf000128-resize,-4.0352789075959015,4.0352789075959015,4.098,16.052231618370055
792964.0,2.5,-1.6966817501007008,1.6966817501007008,002989_2014-06-15_12-25-03_094959634447_rgbf000150-resize,-5.295816018098463,5.295816018098463,4.1975,27.906783421951957
792964.0,2.5,-1.3180097017110086,1.3180097017110086,000866_2014-06-09_20-45-42_260595134347_rgbf000139-resize,-4.450408619334059,4.450408619334059,3.2155,8.082259189449621
792964.0,2.5,-0.21447184340271708,0.21447184340271708,001555_2014-06-20_17-12-10_260595134347_rgbf000065-resize,-2.5947234168628674,2.5947234168628674,1.633,7.608284543781994
792964.0,2.5,-0.17415329425224546,0.17415329425224546,003534_2014-05-22_15-06-10_094959634447_rgbf000102-resize,-2.456019717480665,2.456019717480665,1.426,12.376994007247625
792964.0,2.5,-0.928675312686596,0.928675312686596,002340_2014-06-28_20-05-46_260595134347_rgbf000113-resize,-3.7084086193340586,3.7084086193340586,2.4735,7.91768620575396
792964.0,2.5,-1.9670013034317197,1.9670013034317197,000773_2014-06-08_22-24-54_260595134347_rgbf000093-resize,-5.934723416862867,5.934723416862867,4.973,21.45352631724976
792964.0,2.5,-1.783521158973406,1.783521158973406,002414_2014-06-28_20-24-58_260595134347_rgbf000067-resize,-5.461316018098463,5.461316018098463,4.363,31.720662178139435
792964.0,2.5,-0.05028842686555217,0.05028842686555217,001032_2014-06-08_13-23-17_260595134347_rgbf000021-resize,-3.2097789075959007,3.2097789075959007,3.2725,15.984983178828962
792964.0,2.5,-0.4516911325308895,0.4516911325308895,002639_2014-06-24_14-51-37_094959634447_rgbf000074-resize,-3.974778907595901,3.974778907595901,4.0375,16.521406794569987
792964.0,2.5,-1.3600168342425285,1.3600168342425285,001570_2014-06-20_17-21-09_260595134347_rgbf000135-resize,-5.087241913773879,5.087241913773879,4.467,22.179510675592084
792964.0,2.5,-1.5272948101669577,1.5272948101669577,001392_2014-06-19_16-07-59_260595134347_rgbf000046-resize,-5.096723416862868,5.096723416862868,4.135,18.95235574822112
792964.0,2.5,-0.683350341094602,0.683350341094602,000447_2014-06-08_16-15-46_260595134347_rgbf000130-resize,-4.416278907595902,4.416278907595902,4.479,19.081432914605553
792964.0,2.5,-1.4465938884056353,1.4465938884056353,000742_2014-06-08_18-48-09_260595134347_rgbf000164-resize,-5.252241913773879,5.252241913773879,4.632,18.91549953899407
792964.0,2.5,-0.8198284872066443,0.8198284872066443,001199_2014-06-17_16-03-48_260595134347_rgbf000077-resize,-4.057741913773879,4.057741913773879,3.4375,28.282249848901696
792964.0,2.5,-0.2917084568116738,0.2917084568116738,000502_2014-06-08_23-02-32_260595134347_rgbf000063-resize,-3.0512419137738784,3.0512419137738784,2.431,13.897287578908273
792964.0,2.5,-1.1886992088834014,1.1886992088834014,003083_2014-06-15_15-21-03_094959634447_rgbf000063-resize,-4.760741913773879,4.760741913773879,4.1405,19.172834459547143
792964.0,2.5,-1.0053132668833693,1.0053132668833693,001617_2014-06-20_11-35-32_260595134347_rgbf000066-resize,-4.411241913773878,4.411241913773878,3.7910000000000004,19.974169961071475
792964.0,2.5,-0.8211402607545703,0.8211402607545703,000493_2014-06-09_21-01-18_260595134347_rgbf000196-resize,-4.060241913773878,4.060241913773878,3.44,19.629285382994567
792964.0,2.5,-1.4878474012709022,1.4878474012709022,000191_2014-05-12_17-07-38_260595134347_rgbf000199-resize,-4.897816018098463,4.897816018098463,3.7995,12.340757267219296
792964.0,2.5,-1.1456730365114345,1.1456730365114345,000506_2014-06-08_23-21-00_260595134347_rgbf000070-resize,-4.678741913773878,4.678741913773878,4.0585,16.716212007621664
792964.0,2.5,-0.8674727155602296,0.8674727155602296,003079_2014-06-15_15-18-20_094959634447_rgbf000152-resize,-3.8392234168628674,3.8392234168628674,2.8775,9.032134209869396
792964.0,2.5,-0.8274367737846141,0.8274367737846141,001449_2014-06-19_17-01-27_260595134347_rgbf000116-resize,-4.072241913773879,4.072241913773879,3.452,8.994872108877228
792964.0,2.5,-1.1205744359611356,1.1205744359611356,001450_2014-06-19_17-02-03_260595134347_rgbf000203-resize,-4.630908580440579,4.630908580440579,4.0106666666667,12.34882649363641
792964.0,2.5,-0.5937526773372329,0.5937526773372329,000368_2014-06-09_15-53-01_260595134347_rgbf000155-resize,-3.3794271162450698,3.3794271162450698,2.4859999999999998,21.090700959072958
792964.0,2.5,-0.6396546251820079,0.6396546251820079,002678_2014-06-13_16-15-32_094959634447_rgbf000151-resize,-3.2813160180984635,3.2813160180984635,2.1830000000000003,32.96558503300821
792964.0,2.5,-0.09546713404195896,0.09546713404195896,002209_2014-06-28_18-36-10_260595134347_rgbf000051-resize,-2.6772419137738783,2.6772419137738783,2.057,12.962068825921264
792964.0,2.5,-0.3645893689486071,0.3645893689486071,000009_2014-05-26_14-32-05_260595134347_rgbf000034-resize,-3.8087789075959013,3.8087789075959013,3.8715,34.796526826055185
792964.0,2.5,-0.8654245095467206,0.8654245095467206,001828_2014-06-26_21-40-03_260595134347_rgbf000024-resize,-4.763278907595901,4.763278907595901,4.8260000000000005,35.55232951340613
792964.0,2.5,-0.5110369940248828,0.5110369940248828,000906_2014-06-08_13-35-43_260595134347_rgbf000155-resize,-3.4692419137738786,3.4692419137738786,2.8489999999999998,16.12201726422563
792964.0,2.5,-0.42157403805633903,0.42157403805633903,000927_2014-06-09_16-32-30_260595134347_rgbf000123-resize,-3.2987419137738785,3.2987419137738785,2.6785,11.715239650325241
792964.0,2.5,-1.1343917839992756,1.1343917839992756,002570_2014-06-24_13-59-54_094959634447_rgbf000059-resize,-4.657241913773879,4.657241913773879,4.037,41.596140375002705
792964.0,2.5,-1.5043119245143788,1.5043119245143788,002467_2014-06-28_20-38-07_260595134347_rgbf000026-resize,-5.362241913773879,5.362241913773879,4.742,15.331046216195933
792964.0,2.5,-0.7444182304321467,0.7444182304321467,001810_2014-06-26_20-51-35_260595134347_rgbf000040-resize,-3.4191123187162606,3.4191123187162606,2.2525,22.411391411207674
792964.0,2.5,-0.6524461824912965,0.6524461824912965,003010_2014-06-15_12-54-35_094959634447_rgbf000112-resize,-3.7387419137738784,3.7387419137738784,3.1185,6.696951333567531
792964.0,2.5,-0.8252842389801869,0.8252842389801869,002663_2014-06-13_15-50-26_094959634447_rgbf000075-resize,-4.686778907595902,4.686778907595902,4.7495,16.725954086732166
792964.0,2.5,-0.975142475281072,0.975142475281072,000409_2014-06-04_19-23-33_260595134347_rgbf000067-resize,-4.353741913773878,4.353741913773878,3.7335,12.696549983566419
792964.0,2.5,-0.04850564102621047,0.04850564102621047,002875_2014-06-01_15-19-00_094959634447_rgbf000151-resize,-2.587741913773878,2.587741913773878,1.9675,11.625680938349673
792964.0,2.5,-0.7709261824328782,0.7709261824328782,001092_2014-06-15_17-34-58_260595134347_rgbf000171-resize,-3.6552234168628672,3.6552234168628672,2.6935,9.164038324933468
792964.0,2.5,-0.3285961420722713,0.3285961420722713,001167_2014-06-17_15-38-07_260595134347_rgbf000108-resize,-2.812223416862868,2.812223416862868,1.8505,12.019050657019696
705085.0,2.5,-0.21258033579766966,0.21258033579766966,000677_2014-06-08_23-10-32_260595134347_rgbf000158-resize,-3.5068156961932173,3.5068156961932173,3.556,19.65196273325612
705085.0,2.5,-0.5334603776723892,0.5334603776723892,000682_2014-06-08_23-14-58_260595134347_rgbf000041-resize,-3.43225397481768,3.43225397481768,2.7239999999999998,8.707843071693064
705085.0,2.5,-0.8850359205685807,0.8850359205685807,001650_2014-06-20_12-09-00_260595134347_rgbf000087-resize,-3.4161922534421434,3.4161922534421434,1.9505,47.6804595860539
705085.0,2.5,-0.17587090850779094,0.17587090850779094,001244_2014-06-17_16-47-45_260595134347_rgbf000030-resize,-2.7507539748176804,2.7507539748176804,2.0425,6.7629638807870815
705085.0,2.5,-0.4620259331300558,0.4620259331300558,003495_2014-05-21_16-01-51_094959634447_rgbf000100-resize,-2.8387128272339885,2.8387128272339885,1.6255,12.747278812179
705085.0,2.5,-0.3821354417248616,0.3821354417248616,000556_2014-06-09_22-42-56_260595134347_rgbf000214-resize,-4.287356843776909,4.287356843776909,4.8415,23.88242025565649
705085.0,2.5,-0.4557091880479712,0.4557091880479712,000665_2014-06-09_20-42-35_260595134347_rgbf000110-resize,-3.5127745486095256,3.5127745486095256,3.057,18.49880761375764
705085.0,2.5,-1.1191302850537226,1.1191302850537226,000788_2014-06-08_22-34-36_260595134347_rgbf000131-resize,-4.319733401025834,4.319733401025834,3.359,21.46386213810664
705085.0,2.5,-0.2674124701009762,0.2674124701009762,001235_2014-06-17_16-37-36_260595134347_rgbf000084-resize,-3.611315696193217,3.611315696193217,3.6605,14.547706659434104
705085.0,2.5,-0.6265021039879192,0.6265021039879192,000780_2014-06-08_22-28-29_260595134347_rgbf000126-resize,-3.8382745486095255,3.8382745486095255,3.3825,14.165390776882042
705085.0,2.5,-0.5698537187695665,0.5698537187695665,000470_2014-06-09_19-42-40_260595134347_rgbf000094-resize,-3.044212827233989,3.044212827233989,1.831,22.486379427626872
705085.0,2.5,-0.5723091067430457,0.5723091067430457,000109_2014-05-14_23-41-52_260595134347_rgbf000035-resize,-2.8201922534421437,2.8201922534421437,1.3545,6.620498200896815
705085.0,2.5,-0.2946436284147129,0.2946436284147129,002509_2014-06-24_13-19-22_094959634447_rgbf000077-resize,-2.5197128272339886,2.5197128272339886,1.3065,40.21868783296904
705085.0,2.5,-0.2449643927159064,0.2449643927159064,003338_2014-05-20_11-01-23_094959634447_rgbf000051-resize,-2.6537334010258347,2.6537334010258347,1.693,28.251495663089063
705085.0,2.5,-0.5560363707314312,0.5560363707314312,002784_2014-06-22_19-26-30_094959634447_rgbf000083-resize,-3.0178794939006885,3.0178794939006885,1.8046666666667,3.0422522474895675
705085.0,2.5,-1.0369392974184033,1.0369392974184033,001100_2014-06-15_17-46-26_260595134347_rgbf000225-resize,-3.705692253442144,3.705692253442144,2.24,9.548860596737413
705085.0,2.5,-0.4759307327380698,0.4759307327380698,000469_2014-06-09_19-42-10_260595134347_rgbf000081-resize,-2.8652128272339885,2.8652128272339885,1.652,25.13136208408983
705085.0,2.5,-0.5631266919075623,0.5631266919075623,000483_2014-06-09_20-41-45_260595134347_rgbf000116-resize,-2.8026922534421432,2.8026922534421432,1.337,29.232414989368262
705085.0,2.5,-0.7488738262938726,0.7488738262938726,002964_2014-06-08_17-46-11_094959634447_rgbf000091-resize,-3.1566922534421438,3.1566922534421438,1.6909999999999998,28.953812917975768
705085.0,2.5,-0.13100825316872244,0.13100825316872244,002136_2014-06-25_21-18-03_260595134347_rgbf000109-resize,-2.66525397481768,2.66525397481768,1.9569999999999999,13.297078442475444
705085.0,2.5,-0.15467390851451468,0.15467390851451468,002039_2014-06-24_20-22-38_260595134347_rgbf000084-resize,-3.8538568437769087,3.8538568437769087,4.408,15.524303639345458
705085.0,2.5,-0.5006458069222042,0.5006458069222042,002103_2014-06-25_20-00-40_260595134347_rgbf000049-resize,-4.055815696193219,4.055815696193219,4.105,11.598018874569219
705085.0,2.5,-0.020873006626074383,0.020873006626074383,000691_2014-06-08_13-08-50_260595134347_rgbf000132-resize,-3.5988568437769093,3.5988568437769093,4.1530000000000005,14.740846212587924
705085.0,2.5,-0.6090185340329226,0.6090185340329226,000929_2014-06-09_16-33-19_260595134347_rgbf000139-resize,-3.5762539748176803,3.5762539748176803,2.8680000000000003,19.501338012209015
705085.0,2.5,-0.7663371641968232,0.7663371641968232,000457_2014-06-08_16-52-43_260595134347_rgbf000199-resize,-4.104774548609526,4.104774548609526,3.6489999999999996,14.067279821032837
705085.0,2.5,-0.39844864184056783,0.39844864184056783,002279_2014-06-28_18-55-32_260595134347_rgbf000040-resize,-2.717546160567289,2.717546160567289,1.5043333333333,15.963772282558683
705085.0,2.5,-0.6903687260563751,0.6903687260563751,002344_2014-06-28_20-06-29_260595134347_rgbf000030-resize,-3.0451922534421434,3.0451922534421434,1.5795,37.33165518125916
705085.0,2.5,-0.8275802391694276,0.8275802391694276,000549_2014-06-08_22-10-24_260595134347_rgbf000247-resize,-3.3066922534421432,3.3066922534421432,1.841,30.99307977870557
705085.0,2.5,-0.6960261020279898,0.6960261020279898,000736_2014-06-08_18-24-15_260595134347_rgbf000206-resize,-3.9707745486095263,3.9707745486095263,3.515,33.408170606136416
705085.0,2.5,-0.8685815373998811,0.8685815373998811,000642_2014-06-08_16-59-25_260595134347_rgbf000098-resize,-3.842233401025834,3.842233401025834,2.8815,31.36214301237791
705085.0,2.5,-0.9089101991408322,0.9089101991408322,002199_2014-06-28_18-33-56_260595134347_rgbf000074-resize,-3.461692253442143,3.461692253442143,1.996,17.12852126070164
705085.0,2.5,-0.6754145076100186,0.6754145076100186,002953_2014-06-08_17-32-18_094959634447_rgbf000059-resize,-3.016692253442143,3.016692253442143,1.551,13.905027931093345
705085.0,2.5,-0.4215291122667317,0.4215291122667317,002905_2014-06-03_18-04-43_094959634447_rgbf000151-resize,-2.9902334010258347,2.9902334010258347,2.0295,12.020604335789361
705085.0,2.5,-0.7473736615715283,0.7473736615715283,001214_2014-06-17_16-13-55_260595134347_rgbf000111-resize,-3.611233401025834,3.611233401025834,2.6505,18.479282579459067
705085.0,2.5,-0.458709517492663,0.458709517492663,002272_2014-06-28_18-53-56_260595134347_rgbf000067-resize,-2.6036922534421434,2.6036922534421434,1.138,10.409245808146235
705085.0,2.5,-0.33259086571735785,0.33259086571735785,001571_2014-06-20_17-21-32_260595134347_rgbf000089-resize,-2.8207334010258345,2.8207334010258345,1.86,4.991960350191473
705085.0,2.5,-0.05156850764753485,0.05156850764753485,001133_2014-06-17_14-49-16_260595134347_rgbf000100-resize,-3.6573568437769084,3.6573568437769084,4.2115,26.759918254713728
705085.0,2.5,-0.3951052501337954,0.3951052501337954,003070_2014-06-15_14-58-27_094959634447_rgbf000150-resize,-3.3972745486095257,3.3972745486095257,2.9415,10.664823740812926
705085.0,2.5,-0.6461989392588519,0.6461989392588519,000943_2014-06-09_19-31-07_260595134347_rgbf000128-resize,-3.1897128272339885,3.1897128272339885,1.9765,15.893099149291922
705085.0,2.5,-0.30268242882464225,0.30268242882464225,000709_2014-06-08_13-51-55_260595134347_rgbf000068-resize,-2.763733401025834,2.763733401025834,1.8030000000000002,14.429351101546246
705085.0,2.5,-0.4614809916588406,0.4614809916588406,000854_2014-06-09_19-43-13_260595134347_rgbf000066-resize,-3.5237745486095258,3.5237745486095258,3.068,11.910827625938722
705085.0,2.5,-0.08683846637120463,0.08683846637120463,001164_2014-06-17_15-35-46_260595134347_rgbf000085-resize,-2.8097745486095262,2.8097745486095262,2.354,17.325668807481115
705085.0,2.5,-0.08299734131463565,0.08299734131463565,001136_2014-06-17_15-19-41_260595134347_rgbf000076-resize,-2.5737539748176803,2.5737539748176803,1.8655,18.667799879387072
705085.0,2.5,-0.16606958866592747,0.16606958866592747,002153_2014-06-25_21-27-18_260595134347_rgbf000038-resize,-2.9607745486095256,2.9607745486095256,2.505,17.28886317575377
705085.0,2.5,-0.4969728409880073,0.4969728409880073,000734_2014-06-08_17-39-11_260595134347_rgbf000128-resize,-4.048815696193217,4.048815696193217,4.098,16.052231618370055
705085.0,2.5,-1.1059385860393065,1.1059385860393065,000522_2014-06-08_13-35-06_260595134347_rgbf000244-resize,-3.837192253442144,3.837192253442144,2.3715,25.742609854068213
705085.0,2.5,-0.34911921242122196,0.34911921242122196,002949_2014-06-26_15-57-42_094959634447_rgbf000079-resize,-2.8522334010258343,2.8522334010258343,1.8915,17.99500168321199
705085.0,2.5,-0.03391677857016711,0.03391677857016711,000866_2014-06-09_20-45-42_260595134347_rgbf000139-resize,-3.1663156961932173,3.1663156961932173,3.2155,8.082259189449621
705085.0,2.5,-0.7184406799819928,0.7184406799819928,001555_2014-06-20_17-12-10_260595134347_rgbf000065-resize,-3.0986922534421435,3.0986922534421435,1.633,7.608284543781994
705085.0,2.5,-0.6098258302137236,0.6098258302137236,003534_2014-05-22_15-06-10_094959634447_rgbf000102-resize,-2.891692253442143,2.891692253442143,1.426,12.376994007247625
705085.0,2.5,-0.15120956580678244,0.15120956580678244,002637_2014-06-24_14-51-13_094959634447_rgbf000066-resize,-2.70375397481768,2.70375397481768,1.9955,10.972027795242447
705085.0,2.5,-0.4511347303457615,0.4511347303457615,000773_2014-06-08_22-24-54_260595134347_rgbf000093-resize,-4.418856843776909,4.418856843776909,4.973,21.45352631724976
705085.0,2.5,-0.12068222390769068,0.12068222390769068,001059_2014-06-08_21-53-27_260595134347_rgbf000061-resize,-2.8742745486095256,2.8742745486095256,2.4185,8.755513319222857
705085.0,2.5,-0.5687840678791775,0.5687840678791775,001032_2014-06-08_13-23-17_260595134347_rgbf000021-resize,-3.7282745486095257,3.7282745486095257,3.2725,15.984983178828962
705085.0,2.5,-0.678448336485784,0.678448336485784,003292_2014-05-14_21-53-49_094959634447_rgbf000100-resize,-3.9372745486095257,3.9372745486095257,3.4815,33.084282711345374
705085.0,2.5,-0.4444077034837644,0.4444077034837644,000447_2014-06-08_16-15-46_260595134347_rgbf000130-resize,-4.177336269985063,4.177336269985063,4.479,19.081432914605553
705085.0,2.5,-0.012871187983716337,0.012871187983716337,001447_2014-06-19_17-00-32_260595134347_rgbf000082-resize,-3.5836068437769084,3.5836068437769084,4.13775,46.830399423560245
705085.0,2.5,-0.6972639120407587,0.6972639120407587,002758_2014-06-22_19-11-20_094959634447_rgbf000128-resize,-3.5157334010258348,3.5157334010258348,2.555,7.204478276142114
705085.0,2.5,-0.6360613011722436,0.6360613011722436,002549_2014-06-24_13-41-39_094959634447_rgbf000022-resize,-2.9416922534421435,2.9416922534421435,1.476,4.1736441355391865
705085.0,2.5,-0.0868384663712044,0.0868384663712044,002750_2014-06-22_19-08-03_094959634447_rgbf000094-resize,-2.8097745486095262,2.8097745486095262,2.354,8.789636111124727
705085.0,2.5,-0.8846793702717839,0.8846793702717839,000502_2014-06-08_23-02-32_260595134347_rgbf000063-resize,-3.644212827233989,3.644212827233989,2.431,13.897287578908273
705085.0,2.5,-1.0418298413133114,1.0418298413133114,001806_2014-06-26_20-50-20_260595134347_rgbf000091-resize,-3.943712827233989,3.943712827233989,2.7305,13.909869710567438
705085.0,2.5,-0.6566728955902176,0.6566728955902176,000493_2014-06-09_21-01-18_260595134347_rgbf000196-resize,-3.8957745486095257,3.8957745486095257,3.44,19.629285382994567
705085.0,2.5,-0.4762468189307732,0.4762468189307732,000506_2014-06-08_23-21-00_260595134347_rgbf000070-resize,-4.009315696193219,4.009315696193219,4.0585,16.716212007621664
705085.0,2.5,-0.15801055620395293,0.15801055620395293,001449_2014-06-19_17-01-27_260595134347_rgbf000116-resize,-3.402815696193217,3.402815696193217,3.452,8.994872108877228
705085.0,2.5,-0.29855871700644243,0.29855871700644243,002600_2014-06-24_14-27-04_094959634447_rgbf000074-resize,-3.213274548609525,3.213274548609525,2.7575,44.47386082434929
705085.0,2.5,-0.6417389091959071,0.6417389091959071,003228_2014-05-14_13-42-35_094959634447_rgbf000101-resize,-3.1812128272339883,3.1812128272339883,1.9680000000000002,14.40337638638131
705085.0,2.5,-0.6610589621179976,0.6610589621179976,000368_2014-06-09_15-53-01_260595134347_rgbf000155-resize,-3.446733401025835,3.446733401025835,2.4859999999999998,21.090700959072958
705085.0,2.5,-0.4925902567967334,0.4925902567967334,002763_2014-06-22_19-13-10_094959634447_rgbf000075-resize,-2.8969628272339887,2.8969628272339887,1.68375,5.5919783591245595
705085.0,2.5,-0.9409174737102236,0.9409174737102236,002209_2014-06-28_18-36-10_260595134347_rgbf000051-resize,-3.522692253442143,3.522692253442143,2.057,12.962068825921264
705085.0,2.5,-0.4649655664186146,0.4649655664186146,002570_2014-06-24_13-59-54_094959634447_rgbf000059-resize,-3.987815696193217,3.987815696193217,4.037,41.596140375002705
705085.0,2.5,-0.8388210275775037,0.8388210275775037,002663_2014-06-13_15-50-26_094959634447_rgbf000075-resize,-4.7003156961932175,4.7003156961932175,4.7495,16.725954086732166
705085.0,2.5,-0.5581956839085653,0.5581956839085653,000409_2014-06-04_19-23-33_260595134347_rgbf000067-resize,-3.936795122401372,3.936795122401372,3.7335,12.696549983566419
705085.0,2.5,-0.14927888725248184,0.14927888725248184,001011_2014-06-08_23-18-54_260595134347_rgbf000044-resize,-2.928774548609526,2.928774548609526,2.4730000000000003,11.624075606213012
705085.0,2.5,-0.3889971282781664,0.3889971282781664,002875_2014-06-01_15-19-00_094959634447_rgbf000151-resize,-2.9282334010258344,2.9282334010258344,1.9675,11.625680938349673
705085.0,2.5,-0.2649773141795365,0.2649773141795365,001092_2014-06-15_17-34-58_260595134347_rgbf000171-resize,-3.149274548609525,3.149274548609525,2.6935,9.164038324933468
705085.0,2.5,-0.5800855524433923,0.5800855524433923,001167_2014-06-17_15-38-07_260595134347_rgbf000108-resize,-3.0637128272339886,3.0637128272339886,1.8505,12.019050657019696
705085.0,2.5,-0.5736208802909706,0.5736208802909706,003587_2014-05-23_16-48-02_094959634447_rgbf002384-resize,-2.8226922534421437,2.8226922534421437,1.357,20.788172722830538
463515.0,2.5,-0.465971556198789,0.465971556198789,001808_2014-06-26_20-50-58_260595134347_rgbf000029-resize,-4.089583289109267,4.089583289109267,4.249,20.030651550568866
463515.0,2.5,-0.3009633977749091,0.3009633977749091,003495_2014-05-21_16-01-51_094959634447_rgbf000100-resize,-2.677650291878842,2.677650291878842,1.6255,12.747278812179
463515.0,2.5,-1.2199854684992015,1.2199854684992015,001158_2014-06-17_15-32-16_260595134347_rgbf000138-resize,-4.977866790494055,4.977866790494055,4.5315,26.954451973303737
463515.0,2.5,-1.3826453884420071,1.3826453884420071,000556_2014-06-09_22-42-56_260595134347_rgbf000214-resize,-5.287866790494054,5.287866790494054,4.8415,23.88242025565649
463515.0,2.5,-0.4463014299325,0.4463014299325,000665_2014-06-09_20-42-35_260595134347_rgbf000110-resize,-3.5033667904940544,3.5033667904940544,3.057,18.49880761375764
463515.0,2.5,-1.0300471357121248,1.0300471357121248,002568_2014-06-24_13-59-21_094959634447_rgbf000062-resize,-4.067150291878842,4.067150291878842,3.015,29.63840999388049
463515.0,2.5,-1.8163306772915175,1.8163306772915175,000788_2014-06-08_22-34-36_260595134347_rgbf000131-resize,-5.01693379326363,5.01693379326363,3.359,21.46386213810664
463515.0,2.5,-1.3687470657866008,1.3687470657866008,001235_2014-06-17_16-37-36_260595134347_rgbf000084-resize,-4.712650291878841,4.712650291878841,3.6605,14.547706659434104
463515.0,2.5,-1.3690094204961816,1.3690094204961816,000692_2014-06-08_13-09-42_260595134347_rgbf000199-resize,-4.713150291878842,4.713150291878842,3.661,54.80046590295557
463515.0,2.5,-1.0552267108796944,1.0552267108796944,001094_2014-06-15_17-36-00_260595134347_rgbf000205-resize,-4.663866790494055,4.663866790494055,4.2175,17.196771274488466
463515.0,2.5,-0.6170943458724479,0.6170943458724479,000780_2014-06-08_22-28-29_260595134347_rgbf000126-resize,-3.8288667904940543,3.8288667904940543,3.3825,14.165390776882042
463515.0,2.5,-0.4087911834144198,0.4087911834144198,000470_2014-06-09_19-42-40_260595134347_rgbf000094-resize,-2.8831502918788416,2.8831502918788416,1.831,22.486379427626872
463515.0,2.5,-0.764550646564532,0.764550646564532,000109_2014-05-14_23-41-52_260595134347_rgbf000035-resize,-3.0124337932636296,3.0124337932636296,1.3545,6.620498200896815
463515.0,2.5,-1.000757336761072,1.000757336761072,002784_2014-06-22_19-26-30_094959634447_rgbf000083-resize,-3.462600459930329,3.462600459930329,1.8046666666667,3.0422522474895675
463515.0,2.5,-1.2291808372398896,1.2291808372398896,001100_2014-06-15_17-46-26_260595134347_rgbf000225-resize,-3.8979337932636295,3.8979337932636295,2.24,9.548860596737413
463515.0,2.5,-0.9206516987677108,0.9206516987677108,000469_2014-06-09_19-42-10_260595134347_rgbf000081-resize,-3.309933793263629,3.309933793263629,1.652,25.13136208408983
463515.0,2.5,-0.7553682317290485,0.7553682317290485,000483_2014-06-09_20-41-45_260595134347_rgbf000116-resize,-2.994933793263629,2.994933793263629,1.337,29.232414989368262
463515.0,2.5,-0.3353318647305712,0.3353318647305712,002964_2014-06-08_17-46-11_094959634447_rgbf000091-resize,-2.7431502918788415,2.7431502918788415,1.6909999999999998,28.953812917975768
463515.0,2.5,-0.4749045702298842,0.4749045702298842,002136_2014-06-25_21-18-03_260595134347_rgbf000109-resize,-3.0091502918788415,3.0091502918788415,1.9569999999999999,13.297078442475444
463515.0,2.5,-1.6271664547280074,1.6271664547280074,000691_2014-06-08_13-08-50_260595134347_rgbf000132-resize,-5.205150291878843,5.205150291878843,4.1530000000000005,14.740846212587924
463515.0,2.5,-0.9529148510940844,0.9529148510940844,000929_2014-06-09_16-33-19_260595134347_rgbf000139-resize,-3.9201502918788425,3.9201502918788425,2.8680000000000003,19.501338012209015
463515.0,2.5,-0.15114590469656464,0.15114590469656464,000457_2014-06-08_16-52-43_260595134347_rgbf000199-resize,-3.4895832891092677,3.4895832891092677,3.6489999999999996,14.067279821032837
463515.0,2.5,-0.08870548381528434,0.08870548381528434,001584_2014-06-20_11-07-43_260595134347_rgbf000002-resize,-3.370583289109267,3.370583289109267,3.53,17.602834139105468
463515.0,2.5,-0.3342759689396281,0.3342759689396281,002043_2014-06-24_20-29-38_260595134347_rgbf000039-resize,-3.2898667904940546,3.2898667904940546,2.8435,8.475049543704081
463515.0,2.5,-0.2768267644930737,0.2768267644930737,002344_2014-06-28_20-06-29_260595134347_rgbf000030-resize,-2.6316502918788416,2.6316502918788416,1.5795,37.33165518125916
463515.0,2.5,-0.11678391469350692,0.11678391469350692,001055_2014-06-08_18-45-35_260595134347_rgbf000111-resize,-2.8753667904940547,2.8753667904940547,2.4290000000000003,8.406298609581565
463515.0,2.5,-1.019821778990914,1.019821778990914,000549_2014-06-08_22-10-24_260595134347_rgbf000247-resize,-3.498933793263629,3.498933793263629,1.841,30.99307977870557
463515.0,2.5,-1.2924018452973058,1.2924018452973058,000736_2014-06-08_18-24-15_260595134347_rgbf000206-resize,-4.567150291878842,4.567150291878842,3.515,33.408170606136416
463515.0,2.5,-0.22303109512290176,0.22303109512290176,000137_2014-05-20_17-04-49_260595134347_rgbf000120-resize,-3.6265832891092673,3.6265832891092673,3.786,14.89611111351161
463515.0,2.5,-0.9599984282528886,0.9599984282528886,000642_2014-06-08_16-59-25_260595134347_rgbf000098-resize,-3.9336502918788416,3.9336502918788416,2.8815,31.36214301237791
463515.0,2.5,-0.2807491312316426,0.2807491312316426,002425_2014-06-28_20-27-29_260595134347_rgbf000031-resize,-3.736583289109267,3.736583289109267,3.8960000000000004,8.40495801096819
463515.0,2.5,-0.23930356406979306,0.23930356406979306,001056_2014-06-08_18-46-44_260595134347_rgbf000068-resize,-3.1088667904940546,3.1088667904940546,2.6625,11.38594592369452
463515.0,2.5,-0.4953682375775308,0.4953682375775308,002199_2014-06-28_18-33-56_260595134347_rgbf000074-resize,-3.0481502918788417,3.0481502918788417,1.996,17.12852126070164
463515.0,2.5,-1.038960718885428,1.038960718885428,000917_2014-06-09_22-45-29_260595134347_rgbf000149-resize,-4.632866790494054,4.632866790494054,4.1865,9.740561609074897
463515.0,2.5,-0.7999555784533193,0.7999555784533193,002323_2014-06-28_20-01-54_260595134347_rgbf000051-resize,-4.177366790494054,4.177366790494054,3.7310000000000003,18.09172628388976
463515.0,2.5,-1.1187295045045271,1.1187295045045271,002905_2014-06-03_18-04-43_094959634447_rgbf000151-resize,-3.687433793263629,3.687433793263629,2.0295,12.020604335789361
463515.0,2.5,-1.1572891698609398,1.1572891698609398,003423_2014-05-21_10-23-26_094959634447_rgbf002665-resize,-4.3096502918788415,4.3096502918788415,3.2575,35.43119222475438
463515.0,2.5,-1.4293445267481777,1.4293445267481777,003129_2014-05-12_10-48-10_094959634447_rgbf000100-resize,-5.376866790494055,5.376866790494055,4.9305,17.9074543760639
463515.0,2.5,-0.04516755592936162,0.04516755592936162,002272_2014-06-28_18-53-56_260595134347_rgbf000067-resize,-2.190150291878842,2.190150291878842,1.138,10.409245808146235
463515.0,2.5,-0.4240077565703654,0.4240077565703654,001571_2014-06-20_17-21-32_260595134347_rgbf000089-resize,-2.9121502918788416,2.9121502918788416,1.86,4.991960350191473
463515.0,2.5,-0.3119822955774906,0.3119822955774906,002788_2014-06-22_19-36-03_094959634447_rgbf000088-resize,-2.6986502918788418,2.6986502918788418,1.6465,21.7158464010581
463515.0,2.5,-0.37231092487687295,0.37231092487687295,000436_2014-06-09_22-25-11_260595134347_rgbf000137-resize,-3.9110832891092673,3.9110832891092673,4.0705,20.69156545677159
463515.0,2.5,-0.010523780358900477,0.010523780358900477,000758_2014-06-08_22-05-08_260595134347_rgbf000085-resize,-3.221583289109267,3.221583289109267,3.3810000000000002,11.91317737826679
463515.0,2.5,-0.4520732335433694,0.4520732335433694,000854_2014-06-09_19-43-13_260595134347_rgbf000066-resize,-3.5143667904940545,3.5143667904940545,3.068,11.910827625938722
463515.0,2.5,-1.3682288333200312,1.3682288333200312,002153_2014-06-25_21-27-18_260595134347_rgbf000038-resize,-4.16293379326363,4.16293379326363,2.505,17.28886317575377
463515.0,2.5,-1.3244091198667076,1.3244091198667076,002660_2014-06-13_15-44-18_094959634447_rgbf001878-resize,-4.628150291878842,4.628150291878842,3.576,15.11997681444361
463515.0,2.5,-0.09080432149197053,0.09080432149197053,000739_2014-06-08_18-45-58_260595134347_rgbf000068-resize,-3.374583289109267,3.374583289109267,3.534,8.164356963721069
463515.0,2.5,-0.30489871841869143,0.30489871841869143,001555_2014-06-20_17-12-10_260595134347_rgbf000065-resize,-2.6851502918788417,2.6851502918788417,1.633,7.608284543781994
463515.0,2.5,-0.8020673700352099,0.8020673700352099,003534_2014-05-22_15-06-10_094959634447_rgbf000102-resize,-3.083933793263629,3.083933793263629,1.426,12.376994007247625
463515.0,2.5,-1.451644677062907,1.451644677062907,000773_2014-06-08_22-24-54_260595134347_rgbf000093-resize,-5.4193667904940535,5.4193667904940535,4.973,21.45352631724976
463515.0,2.5,-0.5257884299842104,0.5257884299842104,002414_2014-06-28_20-24-58_260595134347_rgbf000067-resize,-4.203583289109268,4.203583289109268,4.363,31.720662178139435
463515.0,2.5,-0.11127446579221943,0.11127446579221943,001059_2014-06-08_21-53-27_260595134347_rgbf000061-resize,-2.8648667904940543,2.8648667904940543,2.4185,8.755513319222857
463515.0,2.5,-1.7709433125332812,1.7709433125332812,001032_2014-06-08_13-23-17_260595134347_rgbf000021-resize,-4.93043379326363,4.93043379326363,3.2725,15.984983178828962
463515.0,2.5,-0.5866547226079688,0.5866547226079688,000447_2014-06-08_16-15-46_260595134347_rgbf000130-resize,-4.319583289109268,4.319583289109268,4.479,19.081432914605553
463515.0,2.5,-1.013381134700862,1.013381134700862,001447_2014-06-19_17-00-32_260595134347_rgbf000082-resize,-4.584116790494054,4.584116790494054,4.13775,46.830399423560245
463515.0,2.5,-0.6669352637410242,0.6669352637410242,000742_2014-06-08_18-48-09_260595134347_rgbf000164-resize,-4.4725832891092665,4.4725832891092665,4.632,18.91549953899407
463515.0,2.5,-0.18289730150897887,0.18289730150897887,002758_2014-06-22_19-11-20_094959634447_rgbf000128-resize,-3.001366790494054,3.001366790494054,2.555,7.204478276142114
463515.0,2.5,-0.040169862542033065,0.040169862542033065,001199_2014-06-17_16-03-48_260595134347_rgbf000077-resize,-3.2780832891092677,3.2780832891092677,3.4375,28.282249848901696
463515.0,2.5,-0.7236168349166372,0.7236168349166372,000502_2014-06-08_23-02-32_260595134347_rgbf000063-resize,-3.4831502918788417,3.4831502918788417,2.431,13.897287578908273
463515.0,2.5,-0.8807673059581647,0.8807673059581647,001806_2014-06-26_20-50-20_260595134347_rgbf000091-resize,-3.7826502918788414,3.7826502918788414,2.7305,13.909869710567438
463515.0,2.5,-0.8314381436035455,0.8314381436035455,001617_2014-06-20_11-35-32_260595134347_rgbf000066-resize,-4.237366790494055,4.237366790494055,3.7910000000000004,19.974169961071475
463515.0,2.5,-0.6535616505047902,0.6535616505047902,001449_2014-06-19_17-01-27_260595134347_rgbf000116-resize,-3.8983667904940544,3.8983667904940544,3.452,8.994872108877228
463515.0,2.5,-0.9466993126813118,0.9466993126813118,001450_2014-06-19_17-02-03_260595134347_rgbf000203-resize,-4.457033457160755,4.457033457160755,4.0106666666667,12.34882649363641
463515.0,2.5,-1.5007179616605462,1.5007179616605462,002600_2014-06-24_14-27-04_094959634447_rgbf000074-resize,-4.415433793263629,4.415433793263629,2.7575,44.47386082434929
463515.0,2.5,-0.4806763738407605,0.4806763738407605,003228_2014-05-14_13-42-35_094959634447_rgbf000101-resize,-3.0201502918788417,3.0201502918788417,1.9680000000000002,14.40337638638131
463515.0,2.5,-1.3745123924448746,1.3745123924448746,001828_2014-06-26_21-40-03_260595134347_rgbf000024-resize,-5.272366790494055,5.272366790494055,4.8260000000000005,35.55232951340613
463515.0,2.5,-0.4919511494003214,0.4919511494003214,002805_2014-06-22_19-54-03_094959634447_rgbf000079-resize,-3.5903667904940546,3.5903667904940546,3.1439999999999997,7.377848172936663
463515.0,2.5,-0.960516660719452,0.960516660719452,002570_2014-06-24_13-59-54_094959634447_rgbf000059-resize,-4.483366790494054,4.483366790494054,4.037,41.596140375002705
463515.0,2.5,-0.7246532998497677,0.7246532998497677,002467_2014-06-28_20-38-07_260595134347_rgbf000026-resize,-4.582583289109269,4.582583289109269,4.742,15.331046216195933
463515.0,2.5,-0.6299562035947277,0.6299562035947277,001810_2014-06-26_20-51-35_260595134347_rgbf000040-resize,-3.3046502918788416,3.3046502918788416,2.2525,22.411391411207674
463515.0,2.5,-0.4785710592114726,0.4785710592114726,003010_2014-06-15_12-54-35_094959634447_rgbf000112-resize,-3.5648667904940545,3.5648667904940545,3.1185,6.696951333567531
463515.0,2.5,-0.12280511910876644,0.12280511910876644,002663_2014-06-13_15-50-26_094959634447_rgbf000075-resize,-3.98429978772448,3.98429978772448,4.7495,16.725954086732166
463515.0,2.5,-0.19548385061646087,0.19548385061646087,000409_2014-06-04_19-23-33_260595134347_rgbf000067-resize,-3.574083289109267,3.574083289109267,3.7335,12.696549983566419
463515.0,2.5,-0.8613530574488526,0.8613530574488526,001092_2014-06-15_17-34-58_260595134347_rgbf000171-resize,-3.7456502918788415,3.7456502918788415,2.6935,9.164038324933468
463515.0,2.5,-0.4190230170882456,0.4190230170882456,001167_2014-06-17_15-38-07_260595134347_rgbf000108-resize,-2.9026502918788415,2.9026502918788415,1.8505,12.019050657019696
463515.0,2.5,-0.7658624201124569,0.7658624201124569,003587_2014-05-23_16-48-02_094959634447_rgbf002384-resize,-3.014933793263629,3.014933793263629,1.357,20.788172722830538
387949.0,2.5,-0.6542453727419256,0.6542453727419256,001029_2014-06-08_13-17-57_260595134347_rgbf000065-resize,-3.7239059336954665,3.7239059336954665,3.0835,18.209734661918688
387949.0,2.5,-0.6564702769563613,0.6564702769563613,000677_2014-06-08_23-10-32_260595134347_rgbf000158-resize,-3.9507056373519087,3.9507056373519087,3.556,19.65196273325612
387949.0,2.5,-0.2348458153848313,0.2348458153848313,001417_2014-06-19_16-25-36_260595134347_rgbf000115-resize,-4.037404451977681,4.037404451977681,4.6255,49.17091269608214
387949.0,2.5,-0.7113126328937323,0.7113126328937323,000682_2014-06-08_23-14-58_260595134347_rgbf000041-resize,-3.610106230039024,3.610106230039024,2.7239999999999998,8.707843071693064
387949.0,2.5,-1.2882510825396891,1.2882510825396891,001650_2014-06-20_12-09-00_260595134347_rgbf000087-resize,-3.8194074154132522,3.8194074154132522,1.9505,47.6804595860539
387949.0,2.5,-0.5994234600726913,0.5994234600726913,001244_2014-06-17_16-47-45_260595134347_rgbf000030-resize,-3.1743065263825807,3.1743065263825807,2.0425,6.7629638807870815
387949.0,2.5,-0.3806196322786477,0.3806196322786477,003495_2014-05-21_16-01-51_094959634447_rgbf000100-resize,-2.7573065263825804,2.7573065263825804,1.6255,12.747278812179
387949.0,2.5,-0.3946402767903544,0.3946402767903544,000665_2014-06-09_20-42-35_260595134347_rgbf000110-resize,-3.4517056373519086,3.4517056373519086,3.057,18.49880761375764
387949.0,2.5,-0.8986236739034863,0.8986236739034863,002375_2014-06-28_20-13-44_260595134347_rgbf000032-resize,-4.412205637351909,4.412205637351909,4.0175,48.76103649676905
387949.0,2.5,-0.061701928692682886,0.061701928692682886,000788_2014-06-08_22-34-36_260595134347_rgbf000131-resize,-3.2623050446647945,3.2623050446647945,3.359,21.46386213810664
387949.0,2.5,-0.07403260004318803,0.07403260004318803,000780_2014-06-08_22-28-29_260595134347_rgbf000126-resize,-3.2858050446647944,3.2858050446647944,3.3825,14.165390776882042
387949.0,2.5,-0.4884474179181584,0.4884474179181584,000470_2014-06-09_19-42-40_260595134347_rgbf000094-resize,-2.9628065263825807,2.9628065263825807,1.831,22.486379427626872
387949.0,2.5,-0.7298239723705973,0.7298239723705973,000109_2014-05-14_23-41-52_260595134347_rgbf000035-resize,-2.977707119069695,2.977707119069695,1.3545,6.620498200896815
387949.0,2.5,-0.7046379202504192,0.7046379202504192,002509_2014-06-24_13-19-22_094959634447_rgbf000077-resize,-2.929707119069695,2.929707119069695,1.3065,40.21868783296904
387949.0,2.5,-0.6617378144162096,0.6617378144162096,003338_2014-05-20_11-01-23_094959634447_rgbf000051-resize,-3.0705068227261383,3.0705068227261383,1.693,28.251495663089063
387949.0,2.5,-0.4746300698800231,0.4746300698800231,002784_2014-06-22_19-26-30_094959634447_rgbf000083-resize,-2.9364731930492805,2.9364731930492805,1.8046666666667,3.0422522474895675
387949.0,2.5,-0.9487538667023976,0.9487538667023976,001100_2014-06-15_17-46-26_260595134347_rgbf000225-resize,-3.6175068227261375,3.6175068227261375,2.24,9.548860596737413
387949.0,2.5,-0.14882413554310436,0.14882413554310436,000469_2014-06-09_19-42-10_260595134347_rgbf000081-resize,-2.538106230039024,2.538106230039024,1.652,25.13136208408983
387949.0,2.5,-0.2292409648479995,0.2292409648479995,000483_2014-06-09_20-41-45_260595134347_rgbf000116-resize,-2.4688065263825805,2.4688065263825805,1.337,29.232414989368262
387949.0,2.5,-0.906388691921424,0.906388691921424,002964_2014-06-08_17-46-11_094959634447_rgbf000091-resize,-3.3142071190696947,3.3142071190696947,1.6909999999999998,28.953812917975768
387949.0,2.5,-0.5545608047336228,0.5545608047336228,002136_2014-06-25_21-18-03_260595134347_rgbf000109-resize,-3.088806526382581,3.088806526382581,1.9569999999999999,13.297078442475444
387949.0,2.5,-0.6988354517373385,0.6988354517373385,002103_2014-06-25_20-00-40_260595134347_rgbf000049-resize,-4.2540053410083525,4.2540053410083525,4.105,11.598018874569219
387949.0,2.5,-0.7240215038575171,0.7240215038575171,000691_2014-06-08_13-08-50_260595134347_rgbf000132-resize,-4.302005341008352,4.302005341008352,4.1530000000000005,14.740846212587924
387949.0,2.5,-0.04976990022359407,0.04976990022359407,000929_2014-06-09_16-33-19_260595134347_rgbf000139-resize,-3.017005341008352,3.017005341008352,2.8680000000000003,19.501338012209015
387949.0,2.5,-0.21386766025209206,0.21386766025209206,000457_2014-06-08_16-52-43_260595134347_rgbf000199-resize,-3.5523050446647946,3.5523050446647946,3.6489999999999996,14.067279821032837
387949.0,2.5,-0.3170423409891597,0.3170423409891597,002279_2014-06-28_18-55-32_260595134347_rgbf000040-resize,-2.6361398597158807,2.6361398597158807,1.5043333333333,15.963772282558683
387949.0,2.5,-0.399877149347983,0.399877149347983,003048_2014-06-15_13-49-43_094959634447_rgbf000150-resize,-3.9068050446647935,3.9068050446647935,4.0035,24.355606534500392
387949.0,2.5,-0.8478835916839267,0.8478835916839267,002344_2014-06-28_20-06-29_260595134347_rgbf000030-resize,-3.2027071190696947,3.2027071190696947,1.5795,37.33165518125916
387949.0,2.5,-0.7393948084534219,0.7393948084534219,000549_2014-06-08_22-10-24_260595134347_rgbf000247-resize,-3.218506822726137,3.218506822726137,1.841,30.99307977870557
387949.0,2.5,-0.6349571907703728,0.6349571907703728,000736_2014-06-08_18-24-15_260595134347_rgbf000206-resize,-3.909705637351909,3.909705637351909,3.515,33.408170606136416
387949.0,2.5,-1.3121253611119408,1.3121253611119408,002199_2014-06-28_18-33-56_260595134347_rgbf000074-resize,-3.8649074154132523,3.8649074154132523,1.996,17.12852126070164
387949.0,2.5,-0.2501986767126109,0.2501986767126109,000917_2014-06-09_22-45-29_260595134347_rgbf000149-resize,-3.844104748321237,3.844104748321237,4.1865,9.740561609074897
387949.0,2.5,-0.13399598363451093,0.13399598363451093,000878_2014-06-08_22-52-45_260595134347_rgbf000045-resize,-2.7324059336954662,2.7324059336954662,2.092,5.576511521775202
387949.0,2.5,-0.8329293732375702,0.8329293732375702,002953_2014-06-08_17-32-18_094959634447_rgbf000059-resize,-3.1742071190696945,3.1742071190696945,1.551,13.905027931093345
387949.0,2.5,-0.3090921981974489,0.3090921981974489,002988_2014-06-15_12-24-20_094959634447_rgbf000150-resize,-4.17890445197768,4.17890445197768,4.7669999999999995,14.460306569198616
387949.0,2.5,-0.3705240867766573,0.3705240867766573,002272_2014-06-28_18-53-56_260595134347_rgbf000067-resize,-2.515506822726137,2.515506822726137,1.138,10.409245808146235
387949.0,2.5,-0.7547170048789775,0.7547170048789775,001133_2014-06-17_14-49-16_260595134347_rgbf000100-resize,-4.360505341008352,4.360505341008352,4.2115,26.759918254713728
387949.0,2.5,-0.2684374398458066,0.2684374398458066,001132_2014-06-17_14-48-54_260595134347_rgbf000100-resize,-3.6563050446647942,3.6563050446647942,3.753,14.398279213278778
387949.0,2.5,-0.08833604253262117,0.08833604253262117,003070_2014-06-15_14-58-27_094959634447_rgbf000150-resize,-3.090505341008352,3.090505341008352,2.9415,10.664823740812926
387949.0,2.5,-0.3190923420638865,0.3190923420638865,000943_2014-06-09_19-31-07_260595134347_rgbf000128-resize,-2.8626062300390234,2.8626062300390234,1.9765,15.893099149291922
387949.0,2.5,-1.2108564432120597,1.2108564432120597,000709_2014-06-08_13-51-55_260595134347_rgbf000068-resize,-3.6719074154132523,3.6719074154132523,1.8030000000000002,14.429351101546246
387949.0,2.5,-0.07324553591442785,0.07324553591442785,000758_2014-06-08_22-05-08_260595134347_rgbf000085-resize,-3.2843050446647943,3.2843050446647943,3.3810000000000002,11.91317737826679
387949.0,2.5,-0.4004120804012237,0.4004120804012237,000854_2014-06-09_19-43-13_260595134347_rgbf000066-resize,-3.4627056373519087,3.4627056373519087,3.068,11.910827625938722
387949.0,2.5,-0.2714698514571451,0.2714698514571451,001164_2014-06-17_15-35-46_260595134347_rgbf000085-resize,-2.9944059336954663,2.9944059336954663,2.354,17.325668807481115
387949.0,2.5,-0.35070097375186793,0.35070097375186793,002153_2014-06-25_21-27-18_260595134347_rgbf000038-resize,-3.1454059336954665,3.1454059336954665,2.505,17.28886317575377
387949.0,2.5,-0.4212641689962173,0.4212641689962173,002660_2014-06-13_15-44-18_094959634447_rgbf001878-resize,-3.725005341008352,3.725005341008352,3.576,15.11997681444361
387949.0,2.5,-0.15352607704749788,0.15352607704749788,000739_2014-06-08_18-45-58_260595134347_rgbf000068-resize,-3.4373050446647944,3.4373050446647944,3.534,8.164356963721069
387949.0,2.5,-0.20376189311602733,0.20376189311602733,000734_2014-06-08_17-39-11_260595134347_rgbf000128-resize,-3.755604748321237,3.755604748321237,4.098,16.052231618370055
387949.0,2.5,-1.5091537480104151,1.5091537480104151,000522_2014-06-08_13-35-06_260595134347_rgbf000244-resize,-4.2404074154132525,4.2404074154132525,2.3715,25.742609854068213
387949.0,2.5,-0.7658926341215252,0.7658926341215252,002949_2014-06-26_15-57-42_094959634447_rgbf000079-resize,-3.269006822726137,3.269006822726137,1.8915,17.99500168321199
387949.0,2.5,-0.13885465657887275,0.13885465657887275,001555_2014-06-20_17-12-10_260595134347_rgbf000065-resize,-2.5191062300390232,2.5191062300390232,1.633,7.608284543781994
387949.0,2.5,-0.7673406958412752,0.7673406958412752,003534_2014-05-22_15-06-10_094959634447_rgbf000102-resize,-3.0492071190696945,3.0492071190696945,1.426,12.376994007247625
387949.0,2.5,-0.32906182102812553,0.32906182102812553,002637_2014-06-24_14-51-13_094959634447_rgbf000066-resize,-2.881606230039023,2.881606230039023,1.9955,10.972027795242447
387949.0,2.5,-0.09710959285262323,0.09710959285262323,002414_2014-06-28_20-24-58_260595134347_rgbf000067-resize,-3.77490445197768,3.77490445197768,4.363,31.720662178139435
387949.0,2.5,-0.30531360899363114,0.30531360899363114,001059_2014-06-08_21-53-27_260595134347_rgbf000061-resize,-3.0589059336954665,3.0589059336954665,2.4185,8.755513319222857
387949.0,2.5,-0.26201486027800325,0.26201486027800325,001032_2014-06-08_13-23-17_260595134347_rgbf000021-resize,-3.421505341008352,3.421505341008352,3.2725,15.984983178828962
387949.0,2.5,-0.1259788325410528,0.1259788325410528,003292_2014-05-14_21-53-49_094959634447_rgbf000100-resize,-3.3848050446647946,3.3848050446647946,3.4815,33.084282711345374
387949.0,2.5,-0.9617199815587164,0.9617199815587164,001447_2014-06-19_17-00-32_260595134347_rgbf000082-resize,-4.53245563735191,4.53245563735191,4.13775,46.830399423560245
387949.0,2.5,-0.13123614836683326,0.13123614836683326,002758_2014-06-22_19-11-20_094959634447_rgbf000128-resize,-2.9497056373519093,2.9497056373519093,2.555,7.204478276142114
387949.0,2.5,-0.056475277769123526,0.056475277769123526,002549_2014-06-24_13-41-39_094959634447_rgbf000022-resize,-2.3621062300390228,2.3621062300390228,1.476,4.1736441355391865
387949.0,2.5,-0.025769555113587528,0.025769555113587528,002750_2014-06-22_19-08-03_094959634447_rgbf000094-resize,-2.748705637351909,2.748705637351909,2.354,8.789636111124727
387949.0,2.5,-0.06617218038970424,0.06617218038970424,000502_2014-06-08_23-02-32_260595134347_rgbf000063-resize,-2.8257056373519087,2.8257056373519087,2.431,13.897287578908273
387949.0,2.5,-0.963162932461432,0.963162932461432,003083_2014-06-15_15-21-03_094959634447_rgbf000063-resize,-4.535205637351909,4.535205637351909,4.1405,19.172834459547143
387949.0,2.5,-1.4518241331490176,1.4518241331490176,001806_2014-06-26_20-50-20_260595134347_rgbf000091-resize,-4.353707119069695,4.353707119069695,2.7305,13.909869710567438
387949.0,2.5,-0.042676101430728315,0.042676101430728315,001617_2014-06-20_11-35-32_260595134347_rgbf000066-resize,-3.448604748321237,3.448604748321237,3.7910000000000004,19.974169961071475
387949.0,2.5,-0.29283642783723385,0.29283642783723385,000191_2014-05-12_17-07-38_260595134347_rgbf000199-resize,-3.702805044664794,3.702805044664794,3.7995,12.340757267219296
387949.0,2.5,-0.7918555287363853,0.7918555287363853,003079_2014-06-15_15-18-20_094959634447_rgbf000152-resize,-3.763606230039023,3.763606230039023,2.8775,9.032134209869396
387949.0,2.5,-0.1104999046755303,0.1104999046755303,001449_2014-06-19_17-01-27_260595134347_rgbf000116-resize,-3.3553050446647945,3.3553050446647945,3.452,8.994872108877228
387949.0,2.5,-0.31463231200094177,0.31463231200094177,003228_2014-05-14_13-42-35_094959634447_rgbf000101-resize,-2.854106230039023,2.854106230039023,1.9680000000000002,14.40337638638131
387949.0,2.5,-0.34073149478762954,0.34073149478762954,000368_2014-06-09_15-53-01_260595134347_rgbf000155-resize,-3.1264059336954664,3.1264059336954664,2.4859999999999998,21.090700959072958
387949.0,2.5,-0.16548365960176806,0.16548365960176806,002763_2014-06-22_19-13-10_094959634447_rgbf000075-resize,-2.569856230039023,2.569856230039023,1.68375,5.5919783591245595
387949.0,2.5,-0.11563115396354673,0.11563115396354673,002209_2014-06-28_18-36-10_260595134347_rgbf000051-resize,-2.697405933695466,2.697405933695466,2.057,12.962068825921264
387949.0,2.5,-0.1800443459837444,0.1800443459837444,001110_2014-06-15_17-25-28_260595134347_rgbf000150-resize,-2.5976062300390232,2.5976062300390232,1.7115,9.336195527413247
387949.0,2.5,-0.6631552112337489,0.6631552112337489,002570_2014-06-24_13-59-54_094959634447_rgbf000059-resize,-4.186005341008352,4.186005341008352,4.037,41.596140375002705
387949.0,2.5,-0.7096124380984663,0.7096124380984663,001810_2014-06-26_20-51-35_260595134347_rgbf000040-resize,-3.3843065263825807,3.3843065263825807,2.2525,22.411391411207674
387949.0,2.5,-0.5600702536349125,0.5600702536349125,002875_2014-06-01_15-19-00_094959634447_rgbf000151-resize,-3.0993065263825805,3.0993065263825805,1.9675,11.625680938349673
387949.0,2.5,-0.4496086992654771,0.4496086992654771,001092_2014-06-15_17-34-58_260595134347_rgbf000171-resize,-3.3339059336954664,3.3339059336954664,2.6935,9.164038324933468
387949.0,2.5,-0.28970861459035113,0.28970861459035113,002545_2014-06-24_13-38-53_094959634447_rgbf000080-resize,-2.8066062300390238,2.8066062300390238,1.9205,12.083824048628237
387949.0,2.5,-0.4986792515919842,0.4986792515919842,001167_2014-06-17_15-38-07_260595134347_rgbf000108-resize,-2.9823065263825805,2.9823065263825805,1.8505,12.019050657019696
387949.0,2.5,-0.7311357459185222,0.7311357459185222,003587_2014-05-23_16-48-02_094959634447_rgbf002384-resize,-2.9802071190696946,2.9802071190696946,1.357,20.788172722830538
255144.0,2.5,-1.214473591172593,1.214473591172593,001808_2014-06-26_20-50-58_260595134347_rgbf000029-resize,-4.838085324083071,4.838085324083071,4.249,20.030651550568866
255144.0,2.5,-0.8508499636875237,0.8508499636875237,000677_2014-06-08_23-10-32_260595134347_rgbf000158-resize,-4.145085324083071,4.145085324083071,3.556,19.65196273325612
255144.0,2.5,-0.6888406392256391,0.6888406392256391,001417_2014-06-19_16-25-36_260595134347_rgbf000115-resize,-4.491399275818488,4.491399275818488,4.6255,49.17091269608214
255144.0,2.5,-0.4142917269377804,0.4142917269377804,000682_2014-06-08_23-14-58_260595134347_rgbf000041-resize,-3.3130853240830715,3.3130853240830715,2.7239999999999998,8.707843071693064
255144.0,2.5,-0.8021778737664405,0.8021778737664405,000556_2014-06-09_22-42-56_260595134347_rgbf000214-resize,-4.707399275818488,4.707399275818488,4.8415,23.88242025565649
255144.0,2.5,-0.7474822081109596,0.7474822081109596,000788_2014-06-08_22-34-36_260595134347_rgbf000131-resize,-3.9480853240830713,3.9480853240830713,3.359,21.46386213810664
255144.0,2.5,-0.1824960497262466,0.1824960497262466,001235_2014-06-17_16-37-36_260595134347_rgbf000084-resize,-3.526399275818488,3.526399275818488,3.6605,14.547706659434104
255144.0,2.5,-0.9059444527004109,0.9059444527004109,000692_2014-06-08_13-09-42_260595134347_rgbf000199-resize,-4.250085324083072,4.250085324083072,3.661,54.80046590295557
255144.0,2.5,-0.4747591962041277,0.4747591962041277,001094_2014-06-15_17-36-00_260595134347_rgbf000205-resize,-4.083399275818488,4.083399275818488,4.2175,17.196771274488466
255144.0,2.5,-0.036626831196881086,0.036626831196881086,000780_2014-06-08_22-28-29_260595134347_rgbf000126-resize,-3.248399275818488,3.248399275818488,3.3825,14.165390776882042
255144.0,2.5,-1.8400742700575468,1.8400742700575468,002509_2014-06-24_13-19-22_094959634447_rgbf000077-resize,-4.0651434688768235,4.0651434688768235,1.3065,40.21868783296904
255144.0,2.5,-2.0428744605668943,2.0428744605668943,003338_2014-05-20_11-01-23_094959634447_rgbf000051-resize,-4.451643468876823,4.451643468876823,1.693,28.251495663089063
255144.0,2.5,-0.4097058108130741,0.4097058108130741,000483_2014-06-09_20-41-45_260595134347_rgbf000116-resize,-2.6492713723476546,2.6492713723476546,1.337,29.232414989368262
255144.0,2.5,-0.5954529451993844,0.5954529451993844,002964_2014-06-08_17-46-11_094959634447_rgbf000091-resize,-3.0032713723476547,3.0032713723476547,1.6909999999999998,28.953812917975768
255144.0,2.5,-0.01183960243411364,0.01183960243411364,002136_2014-06-25_21-18-03_260595134347_rgbf000109-resize,-2.5460853240830708,2.5460853240830708,1.9569999999999999,13.297078442475444
255144.0,2.5,-0.5747163405560936,0.5747163405560936,002039_2014-06-24_20-22-38_260595134347_rgbf000084-resize,-4.273899275818488,4.273899275818488,4.408,15.524303639345458
255144.0,2.5,-0.1612453182498465,0.1612453182498465,002213_2014-06-28_18-37-58_260595134347_rgbf000055-resize,-3.485899275818488,3.485899275818488,3.62,11.387296889913552
255144.0,2.5,-0.4409154386676532,0.4409154386676532,000691_2014-06-08_13-08-50_260595134347_rgbf000132-resize,-4.018899275818488,4.018899275818488,4.1530000000000005,14.740846212587924
255144.0,2.5,-0.8996479396703687,0.8996479396703687,000457_2014-06-08_16-52-43_260595134347_rgbf000199-resize,-4.238085324083071,4.238085324083071,3.6489999999999996,14.067279821032837
255144.0,2.5,-1.0751632403828566,1.0751632403828566,003621_2014-05-23_18-06-08_094959634447_rgbf000101-resize,-4.5725853240830725,4.5725853240830725,3.9835,23.07176470133362
255144.0,2.5,-0.1140214705245048,0.1140214705245048,001584_2014-06-20_11-07-43_260595134347_rgbf000002-resize,-3.395899275818488,3.395899275818488,3.53,17.602834139105468
255144.0,2.5,-2.9988950222952866,2.9988950222952866,000736_2014-06-08_18-24-15_260595134347_rgbf000206-resize,-6.273643468876822,6.273643468876822,3.515,33.408170606136416
255144.0,2.5,-0.7554893180463441,0.7554893180463441,002199_2014-06-28_18-33-56_260595134347_rgbf000074-resize,-3.308271372347656,3.308271372347656,1.996,17.12852126070164
255144.0,2.5,-0.4584932042098612,0.4584932042098612,000917_2014-06-09_22-45-29_260595134347_rgbf000149-resize,-4.052399275818488,4.052399275818488,4.1865,9.740561609074897
255144.0,2.5,-0.21948806377775248,0.21948806377775248,002323_2014-06-28_20-01-54_260595134347_rgbf000051-resize,-3.596899275818488,3.596899275818488,3.7310000000000003,18.09172628388976
255144.0,2.5,-0.0498810353239687,0.0498810353239687,002905_2014-06-03_18-04-43_094959634447_rgbf000151-resize,-2.6185853240830714,2.6185853240830714,2.0295,12.020604335789361
255144.0,2.5,-0.5332642964416276,0.5332642964416276,000414_2014-06-04_19-49-13_260595134347_rgbf000044-resize,-4.194899275818488,4.194899275818488,4.329,13.241348366125557
255144.0,2.5,-0.8488770120726108,0.8488770120726108,003129_2014-05-12_10-48-10_094959634447_rgbf000100-resize,-4.796399275818488,4.796399275818488,4.9305,17.9074543760639
255144.0,2.5,-0.03990097377367297,0.03990097377367297,002988_2014-06-15_12-24-20_094959634447_rgbf000150-resize,-3.9097132275539046,3.9097132275539046,4.7669999999999995,14.460306569198616
255144.0,2.5,-1.1386530801024657,1.1386530801024657,001052_2014-06-08_18-24-54_260595134347_rgbf000130-resize,-4.693585324083071,4.693585324083071,4.1045,25.87613690895519
255144.0,2.5,-1.098911632893349,1.098911632893349,001214_2014-06-17_16-13-55_260595134347_rgbf000111-resize,-3.9627713723476545,3.9627713723476545,2.6505,18.479282579459067
255144.0,2.5,-0.274582552790648,0.274582552790648,002995_2014-06-15_12-31-26_094959634447_rgbf000150-resize,-3.701899275818488,3.701899275818488,3.8360000000000003,27.231594395483473
255144.0,2.5,-0.3976269115860935,0.3976269115860935,000436_2014-06-09_22-25-11_260595134347_rgbf000137-resize,-3.936399275818488,3.936399275818488,4.0705,20.69156545677159
255144.0,2.5,-0.5647468615918569,0.5647468615918569,002444_2014-06-28_20-32-08_260595134347_rgbf000027-resize,-4.254899275818486,4.254899275818486,4.388999999999999,17.102760279009576
255144.0,2.5,-0.02207143610793461,0.02207143610793461,000943_2014-06-09_19-31-07_260595134347_rgbf000128-resize,-2.5655853240830706,2.5655853240830706,1.9765,15.893099149291922
255144.0,2.5,-0.03583976706812092,0.03583976706812092,000758_2014-06-08_22-05-08_260595134347_rgbf000085-resize,-3.246899275818488,3.246899275818488,3.3810000000000002,11.91317737826679
255144.0,2.5,-2.389707386638501,2.389707386638501,001164_2014-06-17_15-35-46_260595134347_rgbf000085-resize,-5.112643468876822,5.112643468876822,2.354,17.325668807481115
255144.0,2.5,-0.29938036413947305,0.29938036413947305,002153_2014-06-25_21-27-18_260595134347_rgbf000038-resize,-3.0940853240830712,3.0940853240830712,2.505,17.28886317575377
255144.0,2.5,-0.13815810380635346,0.13815810380635346,002660_2014-06-13_15-44-18_094959634447_rgbf001878-resize,-3.441899275818488,3.441899275818488,3.576,15.11997681444361
255144.0,2.5,-0.8393063564657746,0.8393063564657746,000739_2014-06-08_18-45-58_260595134347_rgbf000068-resize,-4.123085324083071,4.123085324083071,3.534,8.164356963721069
255144.0,2.5,-0.4120564206132777,0.4120564206132777,000734_2014-06-08_17-39-11_260595134347_rgbf000128-resize,-3.963899275818488,3.963899275818488,4.098,16.052231618370055
255144.0,2.5,-1.187451056085309,1.187451056085309,002989_2014-06-15_12-25-03_094959634447_rgbf000150-resize,-4.786585324083071,4.786585324083071,4.1975,27.906783421951957
255144.0,2.5,-0.5650197988875046,0.5650197988875046,001555_2014-06-20_17-12-10_260595134347_rgbf000065-resize,-2.945271372347655,2.945271372347655,1.633,7.608284543781994
255144.0,2.5,-1.1795909973838192,1.1795909973838192,003534_2014-05-22_15-06-10_094959634447_rgbf000102-resize,-3.4614574206122386,3.4614574206122386,1.426,12.376994007247625
255144.0,2.5,-1.594363210651924,1.594363210651924,000773_2014-06-08_22-24-54_260595134347_rgbf000093-resize,-5.56208532408307,5.56208532408307,4.973,21.45352631724976
255144.0,2.5,-0.5511044166934309,0.5511044166934309,002414_2014-06-28_20-24-58_260595134347_rgbf000067-resize,-4.228899275818488,4.228899275818488,4.363,31.720662178139435
255144.0,2.5,-0.702094843352723,0.702094843352723,001032_2014-06-08_13-23-17_260595134347_rgbf000021-resize,-3.8615853240830713,3.8615853240830713,3.2725,15.984983178828962
255144.0,2.5,-0.8117591119593295,0.8117591119593295,003292_2014-05-14_21-53-49_094959634447_rgbf000100-resize,-4.070585324083071,4.070585324083071,3.4815,33.084282711345374
255144.0,2.5,-0.6056741962871377,0.6056741962871377,001570_2014-06-20_17-21-09_260595134347_rgbf000135-resize,-4.3328992758184866,4.3328992758184866,4.467,22.179510675592084
255144.0,2.5,-0.4329136200252952,0.4329136200252952,001447_2014-06-19_17-00-32_260595134347_rgbf000082-resize,-4.0036492758184865,4.0036492758184865,4.13775,46.830399423560245
255144.0,2.5,-0.6922512504502447,0.6922512504502447,000742_2014-06-08_18-48-09_260595134347_rgbf000164-resize,-4.497899275818488,4.497899275818488,4.632,18.91549953899407
255144.0,2.5,-2.4951739798917467,2.4951739798917467,002758_2014-06-22_19-11-20_094959634447_rgbf000128-resize,-5.3136434688768235,5.3136434688768235,2.555,7.204478276142114
255144.0,2.5,-0.7886718975158371,0.7886718975158371,001199_2014-06-17_16-03-48_260595134347_rgbf000077-resize,-4.026585324083071,4.026585324083071,3.4375,28.282249848901696
255144.0,2.5,-1.1575426191925944,1.1575426191925944,003083_2014-06-15_15-21-03_094959634447_rgbf000063-resize,-4.7295853240830725,4.7295853240830725,4.1405,19.172834459547143
255144.0,2.5,-0.4177023381623941,0.4177023381623941,001806_2014-06-26_20-50-20_260595134347_rgbf000091-resize,-3.3195853240830715,3.3195853240830715,2.7305,13.909869710567438
255144.0,2.5,-0.0667976227991795,0.0667976227991795,000493_2014-06-09_21-01-18_260595134347_rgbf000196-resize,-3.305899275818488,3.305899275818488,3.44,19.629285382994567
255144.0,2.5,-0.7962801840938071,0.7962801840938071,001449_2014-06-19_17-01-27_260595134347_rgbf000116-resize,-4.041085324083071,4.041085324083071,3.452,8.994872108877228
255144.0,2.5,-1.0125969334398184,1.0125969334398184,000368_2014-06-09_15-53-01_260595134347_rgbf000155-resize,-3.798271372347656,3.798271372347656,2.4859999999999998,21.090700959072958
255144.0,2.5,-0.0643105443511518,0.0643105443511518,002209_2014-06-28_18-36-10_260595134347_rgbf000051-resize,-2.6460853240830717,2.6460853240830717,2.057,12.962068825921264
255144.0,2.5,-0.7940448777693079,0.7940448777693079,001828_2014-06-26_21-40-03_260595134347_rgbf000024-resize,-4.691899275818488,4.691899275818488,4.8260000000000005,35.55232951340613
255144.0,2.5,-1.2030664525986594,1.2030664525986594,000906_2014-06-08_13-35-43_260595134347_rgbf000155-resize,-4.161271372347655,4.161271372347655,2.8489999999999998,16.12201726422563
255144.0,2.5,-1.1136034966301156,1.1136034966301156,000927_2014-06-09_16-32-30_260595134347_rgbf000123-resize,-3.990771372347656,3.990771372347656,2.6785,11.715239650325241
255144.0,2.5,-1.1032351943084686,1.1032351943084686,002570_2014-06-24_13-59-54_094959634447_rgbf000059-resize,-4.626085324083071,4.626085324083071,4.037,41.596140375002705
255144.0,2.5,-0.7499692865589882,0.7499692865589882,002467_2014-06-28_20-38-07_260595134347_rgbf000026-resize,-4.607899275818488,4.607899275818488,4.742,15.331046216195933
255144.0,2.5,-0.8900772840635409,0.8900772840635409,001810_2014-06-26_20-51-35_260595134347_rgbf000040-resize,-3.5647713723476557,3.5647713723476557,2.2525,22.411391411207674
255144.0,2.5,-0.030718558938190525,0.030718558938190525,002663_2014-06-13_15-50-26_094959634447_rgbf000075-resize,-3.892213227553905,3.892213227553905,4.7495,16.725954086732166
255144.0,2.5,-0.22079983732568134,0.22079983732568134,000409_2014-06-04_19-23-33_260595134347_rgbf000067-resize,-3.599399275818488,3.599399275818488,3.7335,12.696549983566419
255144.0,2.5,-1.8665720957256495,1.8665720957256495,003587_2014-05-23_16-48-02_094959634447_rgbf002384-resize,-4.115643468876822,4.115643468876822,1.357,20.788172722830538
617019.0,2.5,-0.11329427893696607,0.11329427893696607,001808_2014-06-26_20-50-58_260595134347_rgbf000029-resize,-3.7369060118474438,3.7369060118474438,4.249,20.030651550568866
617019.0,2.5,-0.7996388346598665,0.7996388346598665,001029_2014-06-08_13-17-57_260595134347_rgbf000065-resize,-3.8692993956134067,3.8692993956134067,3.0835,18.209734661918688
617019.0,2.5,-1.0475640352178597,1.0475640352178597,000677_2014-06-08_23-10-32_260595134347_rgbf000158-resize,-4.341799395613407,4.341799395613407,3.556,19.65196273325612
617019.0,2.5,-0.3108473752545956,0.3108473752545956,001417_2014-06-19_16-25-36_260595134347_rgbf000115-resize,-4.113406011847443,4.113406011847443,4.6255,49.17091269608214
617019.0,2.5,-0.6110057984681162,0.6110057984681162,000682_2014-06-08_23-14-58_260595134347_rgbf000041-resize,-3.5097993956134075,3.5097993956134075,2.7239999999999998,8.707843071693064
617019.0,2.5,-0.6377741906618324,0.6377741906618324,001650_2014-06-20_12-09-00_260595134347_rgbf000087-resize,-3.168930523535395,3.168930523535395,1.9505,47.6804595860539
617019.0,2.5,-0.8570863042429975,0.8570863042429975,002375_2014-06-28_20-13-44_260595134347_rgbf000032-resize,-4.3706682676914195,4.3706682676914195,4.0175,48.76103649676905
617019.0,2.5,-0.0789340237973204,0.0789340237973204,000788_2014-06-08_22-34-36_260595134347_rgbf000131-resize,-3.2795371397694315,3.2795371397694315,3.359,21.46386213810664
617019.0,2.5,-0.32504737683629736,0.32504737683629736,000109_2014-05-14_23-41-52_260595134347_rgbf000035-resize,-2.572930523535395,2.572930523535395,1.3545,6.620498200896815
617019.0,2.5,-0.2998613247161193,0.2998613247161193,002509_2014-06-24_13-19-22_094959634447_rgbf000077-resize,-2.524930523535395,2.524930523535395,1.3065,40.21868783296904
617019.0,2.5,-0.502661515225467,0.502661515225467,003338_2014-05-20_11-01-23_094959634447_rgbf000051-resize,-2.9114305235353948,2.9114305235353948,1.693,28.251495663089063
617019.0,2.5,-0.5612540670328375,0.5612540670328375,002784_2014-06-22_19-26-30_094959634447_rgbf000083-resize,-3.0230971902020953,3.0230971902020953,1.8046666666667,3.0422522474895675
617019.0,2.5,-0.3570464395896672,0.3570464395896672,001100_2014-06-15_17-46-26_260595134347_rgbf000225-resize,-3.0257993956134075,3.0257993956134075,2.24,9.548860596737413
617019.0,2.5,-0.4811484290394761,0.4811484290394761,000469_2014-06-09_19-42-10_260595134347_rgbf000081-resize,-2.8704305235353953,2.8704305235353953,1.652,25.13136208408983
617019.0,2.5,-0.7484960899228014,0.7484960899228014,000483_2014-06-09_20-41-45_260595134347_rgbf000116-resize,-2.9880616514573823,2.9880616514573823,1.337,29.232414989368262
617019.0,2.5,-0.06898096846513646,0.06898096846513646,002964_2014-06-08_17-46-11_094959634447_rgbf000091-resize,-2.4767993956134067,2.4767993956134067,1.6909999999999998,28.953812917975768
617019.0,2.5,-0.20855367396444946,0.20855367396444946,002136_2014-06-25_21-18-03_260595134347_rgbf000109-resize,-2.7427993956134067,2.7427993956134067,1.9569999999999999,13.297078442475444
617019.0,2.5,-0.4703672504984191,0.4703672504984191,002103_2014-06-25_20-00-40_260595134347_rgbf000049-resize,-4.0255371397694315,4.0255371397694315,4.105,11.598018874569219
617019.0,2.5,-0.06292217469660988,0.06292217469660988,000691_2014-06-08_13-08-50_260595134347_rgbf000132-resize,-3.6409060118474446,3.6409060118474446,4.1530000000000005,14.740846212587924
617019.0,2.5,-0.2539328269066625,0.2539328269066625,000929_2014-06-09_16-33-19_260595134347_rgbf000139-resize,-3.2211682676914197,3.2211682676914197,2.8680000000000003,19.501338012209015
617019.0,2.5,-0.23109975535672955,0.23109975535672955,000457_2014-06-08_16-52-43_260595134347_rgbf000199-resize,-3.5695371397694315,3.5695371397694315,3.6489999999999996,14.067279821032837
617019.0,2.5,-0.40661505606921744,0.40661505606921744,003621_2014-05-23_18-06-08_094959634447_rgbf000101-resize,-3.904037139769432,3.904037139769432,3.9835,23.07176470133362
617019.0,2.5,-0.40366633814197417,0.40366633814197417,002279_2014-06-28_18-55-32_260595134347_rgbf000040-resize,-2.7227638568686947,2.7227638568686947,1.5043333333333,15.963772282558683
617019.0,2.5,-0.2699446760073879,0.2699446760073879,000635_2014-06-08_16-38-42_260595134347_rgbf000106-resize,-2.8597993956134067,2.8597993956134067,2.074,10.796976226722654
617019.0,2.5,-0.6737085740589807,0.6737085740589807,002043_2014-06-24_20-29-38_260595134347_rgbf000039-resize,-3.629299395613408,3.629299395613408,2.8435,8.475049543704081
617019.0,2.5,-0.4431069961496268,0.4431069961496268,002344_2014-06-28_20-06-29_260595134347_rgbf000030-resize,-2.7979305235353946,2.7979305235353946,1.5795,37.33165518125916
617019.0,2.5,-0.14768738134069148,0.14768738134069148,000549_2014-06-08_22-10-24_260595134347_rgbf000247-resize,-2.6267993956134066,2.6267993956134066,1.841,30.99307977870557
617019.0,2.5,-1.026050949031871,1.026050949031871,000736_2014-06-08_18-24-15_260595134347_rgbf000206-resize,-4.3007993956134065,4.3007993956134065,3.515,33.408170606136416
617019.0,2.5,-0.3029849457830667,0.3029849457830667,000137_2014-05-20_17-04-49_260595134347_rgbf000120-resize,-3.706537139769432,3.706537139769432,3.786,14.89611111351161
617019.0,2.5,-0.2290173413120961,0.2290173413120961,002199_2014-06-28_18-33-56_260595134347_rgbf000074-resize,-2.7817993956134077,2.7817993956134077,1.996,17.12852126070164
617019.0,2.5,-0.5131310681608057,0.5131310681608057,000917_2014-06-09_22-45-29_260595134347_rgbf000149-resize,-4.107037139769432,4.107037139769432,4.1865,9.740561609074897
617019.0,2.5,-0.2793894455524518,0.2793894455524518,000878_2014-06-08_22-52-45_260595134347_rgbf000045-resize,-2.877799395613408,2.877799395613408,2.092,5.576511521775202
617019.0,2.5,-0.4281527777032703,0.4281527777032703,002953_2014-06-08_17-32-18_094959634447_rgbf000059-resize,-2.7694305235353953,2.7694305235353953,1.551,13.905027931093345
617019.0,2.5,-0.2465951068543045,0.2465951068543045,002905_2014-06-03_18-04-43_094959634447_rgbf000151-resize,-2.815299395613408,2.815299395613408,2.0295,12.020604335789361
617019.0,2.5,-0.15527103247058427,0.15527103247058427,000414_2014-06-04_19-49-13_260595134347_rgbf000044-resize,-3.816906011847444,3.816906011847444,4.329,13.241348366125557
617019.0,2.5,-0.3850937580672133,0.3850937580672133,002988_2014-06-15_12-24-20_094959634447_rgbf000150-resize,-4.254906011847445,4.254906011847445,4.7669999999999995,14.460306569198616
617019.0,2.5,-0.4701048957888265,0.4701048957888265,001052_2014-06-08_18-24-54_260595134347_rgbf000130-resize,-4.025037139769432,4.025037139769432,4.1045,25.87613690895519
617019.0,2.5,-0.3943090201667868,0.3943090201667868,000810_2014-06-08_17-20-01_260595134347_rgbf000105-resize,-2.704930523535394,2.704930523535394,1.4865,3.0958890116960642
617019.0,2.5,-1.4377019120030765,1.4377019120030765,001214_2014-06-17_16-13-55_260595134347_rgbf000111-resize,-4.301561651457383,4.301561651457383,2.6505,18.479282579459067
617019.0,2.5,-0.4522647755370379,0.4522647755370379,000436_2014-06-09_22-25-11_260595134347_rgbf000137-resize,-3.9910371397694315,3.9910371397694315,4.0705,20.69156545677159
617019.0,2.5,-0.6193847255428013,0.6193847255428013,002444_2014-06-28_20-32-08_260595134347_rgbf000027-resize,-4.30953713976943,4.30953713976943,4.388999999999999,17.102760279009576
617019.0,2.5,-0.09361767571807034,0.09361767571807034,001133_2014-06-17_14-49-16_260595134347_rgbf000100-resize,-3.699406011847445,3.699406011847445,4.2115,26.759918254713728
617019.0,2.5,-0.2924989692156896,0.2924989692156896,003070_2014-06-15_14-58-27_094959634447_rgbf000150-resize,-3.29466826769142,3.29466826769142,2.9415,10.664823740812926
617019.0,2.5,-0.21878550763827045,0.21878550763827045,000943_2014-06-09_19-31-07_260595134347_rgbf000128-resize,-2.762299395613407,2.762299395613407,1.9765,15.893099149291922
617019.0,2.5,-0.30587905940452903,0.30587905940452903,002057_2014-06-24_21-00-13_260595134347_rgbf000120-resize,-3.32016826769142,3.32016826769142,2.967,10.990036854719376
617019.0,2.5,-0.12774842341221504,0.12774842341221504,000709_2014-06-08_13-51-55_260595134347_rgbf000068-resize,-2.5887993956134068,2.5887993956134068,1.8030000000000002,14.429351101546246
617019.0,2.5,-1.6567680945066972,1.6567680945066972,000854_2014-06-09_19-43-13_260595134347_rgbf000066-resize,-4.719061651457382,4.719061651457382,3.068,11.910827625938722
617019.0,2.5,-0.8494944412970737,0.8494944412970737,001164_2014-06-17_15-35-46_260595134347_rgbf000085-resize,-3.5724305235353957,3.5724305235353957,2.354,17.325668807481115
617019.0,2.5,-0.6033893000741233,0.6033893000741233,000739_2014-06-08_18-45-58_260595134347_rgbf000068-resize,-3.88716826769142,3.88716826769142,3.534,8.164356963721069
617019.0,2.5,-0.4666942845642221,0.4666942845642221,000734_2014-06-08_17-39-11_260595134347_rgbf000128-resize,-4.018537139769431,4.018537139769431,4.098,16.052231618370055
617019.0,2.5,-1.2913079840545456,1.2913079840545456,000522_2014-06-08_13-35-06_260595134347_rgbf000244-resize,-4.022561651457383,4.022561651457383,2.3715,25.742609854068213
617019.0,2.5,-1.0394474628527701,1.0394474628527701,002949_2014-06-26_15-57-42_094959634447_rgbf000079-resize,-3.5425616514573823,3.5425616514573823,1.8915,17.99500168321199
617019.0,2.5,-0.5189028717716699,0.5189028717716699,002989_2014-06-15_12-25-03_094959634447_rgbf000150-resize,-4.118037139769432,4.118037139769432,4.1975,27.906783421951957
617019.0,2.5,-0.4362693500683698,0.4362693500683698,000866_2014-06-09_20-45-42_260595134347_rgbf000139-resize,-3.56866826769142,3.56866826769142,3.2155,8.082259189449621
617019.0,2.5,-0.4711789500752445,0.4711789500752445,001555_2014-06-20_17-12-10_260595134347_rgbf000065-resize,-2.851430523535395,2.851430523535395,1.633,7.608284543781994
617019.0,2.5,-0.4835096214257438,0.4835096214257438,001016_2014-06-09_16-16-10_260595134347_rgbf000112-resize,-2.8749305235353955,2.8749305235353955,1.6565,7.049977084494088
617019.0,2.5,-0.8833381988335598,0.8833381988335598,001059_2014-06-08_21-53-27_260595134347_rgbf000061-resize,-3.6369305235353955,3.6369305235353955,2.4185,8.755513319222857
617019.0,2.5,-0.8988089148830588,0.8988089148830588,001032_2014-06-08_13-23-17_260595134347_rgbf000021-resize,-4.058299395613407,4.058299395613407,3.2725,15.984983178828962
617019.0,2.5,-1.0084731834896652,1.0084731834896652,003292_2014-05-14_21-53-49_094959634447_rgbf000100-resize,-4.267299395613407,4.267299395613407,3.4815,33.084282711345374
617019.0,2.5,-0.8675804926264091,0.8675804926264091,002639_2014-06-24_14-51-37_094959634447_rgbf000074-resize,-4.39066826769142,4.39066826769142,4.0375,16.521406794569987
617019.0,2.5,-0.6603120602380821,0.6603120602380821,001570_2014-06-20_17-21-09_260595134347_rgbf000135-resize,-4.387537139769432,4.387537139769432,4.467,22.179510675592084
617019.0,2.5,-0.4861085330735222,0.4861085330735222,001392_2014-06-19_16-07-59_260595134347_rgbf000046-resize,-4.055537139769432,4.055537139769432,4.135,18.95235574822112
617019.0,2.5,-0.9201826118982276,0.9201826118982276,001447_2014-06-19_17-00-32_260595134347_rgbf000082-resize,-4.49091826769142,4.49091826769142,4.13775,46.830399423560245
617019.0,2.5,-0.0896987787063443,0.0896987787063443,002758_2014-06-22_19-11-20_094959634447_rgbf000128-resize,-2.9081682676914196,2.9081682676914196,2.555,7.204478276142114
617019.0,2.5,-0.41686331337508575,0.41686331337508575,002750_2014-06-22_19-08-03_094959634447_rgbf000094-resize,-3.139799395613408,3.139799395613408,2.354,8.789636111124727
617019.0,2.5,-0.12012371320219795,0.12012371320219795,001199_2014-06-17_16-03-48_260595134347_rgbf000077-resize,-3.3580371397694315,3.3580371397694315,3.4375,28.282249848901696
617019.0,2.5,-0.4572659386512025,0.4572659386512025,000502_2014-06-08_23-02-32_260595134347_rgbf000063-resize,-3.2167993956134078,3.2167993956134078,2.431,13.897287578908273
617019.0,2.5,-0.1817852817707428,0.1817852817707428,001806_2014-06-26_20-50-20_260595134347_rgbf000091-resize,-3.0836682676914196,3.0836682676914196,2.7305,13.909869710567438
617019.0,2.5,-0.3056084928789231,0.3056084928789231,001617_2014-06-20_11-35-32_260595134347_rgbf000066-resize,-3.711537139769432,3.711537139769432,3.7910000000000004,19.974169961071475
617019.0,2.5,-0.5540666146721118,0.5540666146721118,000493_2014-06-09_21-01-18_260595134347_rgbf000196-resize,-3.79316826769142,3.79316826769142,3.44,19.629285382994567
617019.0,2.5,-0.0133371345850003,0.0133371345850003,000506_2014-06-08_23-21-00_260595134347_rgbf000070-resize,-3.546406011847445,3.546406011847445,4.0585,16.716212007621664
617019.0,2.5,-0.1277319997801678,0.1277319997801678,001449_2014-06-19_17-01-27_260595134347_rgbf000116-resize,-3.3725371397694315,3.3725371397694315,3.452,8.994872108877228
617019.0,2.5,-0.9187560846275582,0.9187560846275582,000368_2014-06-09_15-53-01_260595134347_rgbf000155-resize,-3.7044305235353954,3.7044305235353954,2.4859999999999998,21.090700959072958
617019.0,2.5,-0.06517682517615198,0.06517682517615198,002763_2014-06-22_19-13-10_094959634447_rgbf000075-resize,-2.4695493956134067,2.4695493956134067,1.68375,5.5919783591245595
617019.0,2.5,-0.6936557438034754,0.6936557438034754,002209_2014-06-28_18-36-10_260595134347_rgbf000051-resize,-3.2754305235353947,3.2754305235353947,2.057,12.962068825921264
617019.0,2.5,-0.002055882072841686,0.002055882072841686,002570_2014-06-24_13-59-54_094959634447_rgbf000059-resize,-3.5249060118474445,3.5249060118474445,4.037,41.596140375002705
617019.0,2.5,-0.7962364352512807,0.7962364352512807,001810_2014-06-26_20-51-35_260595134347_rgbf000040-resize,-3.4709305235353947,3.4709305235353947,2.2525,22.411391411207674
617019.0,2.5,-0.2754377012766258,0.2754377012766258,000409_2014-06-04_19-23-33_260595134347_rgbf000067-resize,-3.654037139769432,3.654037139769432,3.7335,12.696549983566419
617019.0,2.5,-1.0276332891054056,1.0276332891054056,001092_2014-06-15_17-34-58_260595134347_rgbf000171-resize,-3.9119305235353945,3.9119305235353945,2.6935,9.164038324933468
617019.0,2.5,-0.18940178016473508,0.18940178016473508,002545_2014-06-24_13-38-53_094959634447_rgbf000080-resize,-2.706299395613408,2.706299395613408,1.9205,12.083824048628237
617019.0,2.5,-1.0179343766667859,1.0179343766667859,001167_2014-06-17_15-38-07_260595134347_rgbf000108-resize,-3.5015616514573824,3.5015616514573824,1.8505,12.019050657019696
617019.0,2.5,-0.7589902783062097,0.7589902783062097,003587_2014-05-23_16-48-02_094959634447_rgbf002384-resize,-3.0080616514573824,3.0080616514573824,1.357,20.788172722830538
201434.0,2.5,-0.18623702500483535,0.18623702500483535,001815_2014-06-26_20-52-55_260595134347_rgbf000020-resize,-3.3999106319497536,3.3999106319497536,3.3865,18.626322656731816
201434.0,2.5,-0.02725007099621321,0.02725007099621321,001029_2014-06-08_13-17-57_260595134347_rgbf000065-resize,-3.0969106319497537,3.0969106319497537,3.0835,18.209734661918688
201434.0,2.5,-0.9591175009916204,0.9591175009916204,000677_2014-06-08_23-10-32_260595134347_rgbf000158-resize,-4.253352861387168,4.253352861387168,3.556,19.65196273325612
201434.0,2.5,-0.008606388164508759,0.008606388164508759,001516_2014-06-20_16-25-09_260595134347_rgbf000076-resize,-2.441852861387168,2.441852861387168,1.7445,3.8622659094666254
201434.0,2.5,-0.15240976591949107,0.15240976591949107,001417_2014-06-19_16-25-36_260595134347_rgbf000115-resize,-3.95496840251234,3.95496840251234,4.6255,49.17091269608214
201434.0,2.5,-0.8006387579510195,0.8006387579510195,001650_2014-06-20_12-09-00_260595134347_rgbf000087-resize,-3.331795090824582,3.331795090824582,1.9505,47.6804595860539
201434.0,2.5,-1.4709715393923148,1.4709715393923148,001158_2014-06-17_15-32-16_260595134347_rgbf000138-resize,-5.2288528613871685,5.2288528613871685,4.5315,26.954451973303737
201434.0,2.5,-0.9496892298977064,0.9496892298977064,000556_2014-06-09_22-42-56_260595134347_rgbf000214-resize,-4.854910631949754,4.854910631949754,4.8415,23.88242025565649
201434.0,2.5,-0.5251993097888931,0.5251993097888931,001150_2014-06-17_15-27-34_260595134347_rgbf000108-resize,-4.045910631949754,4.045910631949754,4.0325,11.088139074292139
201434.0,2.5,-0.6972875008256134,0.6972875008256134,000665_2014-06-09_20-42-35_260595134347_rgbf000110-resize,-3.754352861387168,3.754352861387168,3.057,18.49880761375764
201434.0,2.5,-1.8852131273761596,1.8852131273761596,002375_2014-06-28_20-13-44_260595134347_rgbf000032-resize,-5.398795090824582,5.398795090824582,4.0175,48.76103649676905
201434.0,2.5,-0.6752497052204509,0.6752497052204509,002568_2014-06-24_13-59-21_094959634447_rgbf000062-resize,-3.7123528613871684,3.7123528613871684,3.015,29.63840999388049
201434.0,2.5,-0.17180751597764207,0.17180751597764207,000788_2014-06-08_22-34-36_260595134347_rgbf000131-resize,-3.3724106319497538,3.3724106319497538,3.359,21.46386213810664
201434.0,2.5,-1.0139496352949269,1.0139496352949269,001235_2014-06-17_16-37-36_260595134347_rgbf000084-resize,-4.357852861387168,4.357852861387168,3.6605,14.547706659434104
201434.0,2.5,-0.053993752922745886,0.053993752922745886,000470_2014-06-09_19-42-40_260595134347_rgbf000094-resize,-2.528352861387168,2.528352861387168,1.831,22.486379427626872
201434.0,2.5,-0.4879119441254845,0.4879119441254845,000109_2014-05-14_23-41-52_260595134347_rgbf000035-resize,-2.735795090824582,2.735795090824582,1.3545,6.620498200896815
201434.0,2.5,-0.9525421348008422,0.9525421348008422,001100_2014-06-15_17-46-26_260595134347_rgbf000225-resize,-3.6212950908245833,3.6212950908245833,2.24,9.548860596737413
201434.0,2.5,-0.6440129963286632,0.6440129963286632,000469_2014-06-09_19-42-10_260595134347_rgbf000081-resize,-3.033295090824582,3.033295090824582,1.652,25.13136208408983
201434.0,2.5,-0.478729529290001,0.478729529290001,000483_2014-06-09_20-41-45_260595134347_rgbf000116-resize,-2.718295090824582,2.718295090824582,1.337,29.232414989368262
201434.0,2.5,-0.6644766636763113,0.6644766636763113,002964_2014-06-08_17-46-11_094959634447_rgbf000091-resize,-3.072295090824582,3.072295090824582,1.6909999999999998,28.953812917975768
201434.0,2.5,-0.1201071397382103,0.1201071397382103,002136_2014-06-25_21-18-03_260595134347_rgbf000109-resize,-2.654352861387168,2.654352861387168,1.9569999999999999,13.297078442475444
201434.0,2.5,-0.03828546724994564,0.03828546724994564,002039_2014-06-24_20-22-38_260595134347_rgbf000084-resize,-3.73746840251234,3.73746840251234,4.408,15.524303639345458
201434.0,2.5,-0.5632407426787408,0.5632407426787408,002103_2014-06-25_20-00-40_260595134347_rgbf000049-resize,-4.118410631949755,4.118410631949755,4.105,11.598018874569219
201434.0,2.5,-1.2820596500398245,1.2820596500398245,000929_2014-06-09_16-33-19_260595134347_rgbf000139-resize,-4.2492950908245835,4.2492950908245835,2.8680000000000003,19.501338012209015
201434.0,2.5,-0.3239732475370512,0.3239732475370512,000457_2014-06-08_16-52-43_260595134347_rgbf000199-resize,-3.662410631949754,3.662410631949754,3.6489999999999996,14.067279821032837
201434.0,2.5,-0.2615328266557709,0.2615328266557709,001584_2014-06-20_11-07-43_260595134347_rgbf000002-resize,-3.5434106319497536,3.5434106319497536,3.53,17.602834139105468
201434.0,2.5,-0.5665309054311612,0.5665309054311612,002279_2014-06-28_18-55-32_260595134347_rgbf000040-resize,-2.885628424157882,2.885628424157882,1.5043333333333,15.963772282558683
201434.0,2.5,-0.1814981417811488,0.1814981417811488,000635_2014-06-08_16-38-42_260595134347_rgbf000106-resize,-2.771352861387168,2.771352861387168,2.074,10.796976226722654
201434.0,2.5,-0.5852620398327415,0.5852620398327415,002043_2014-06-24_20-29-38_260595134347_rgbf000039-resize,-3.5408528613871684,3.5408528613871684,2.8435,8.475049543704081
201434.0,2.5,-0.7431830765518663,0.7431830765518663,000549_2014-06-08_22-10-24_260595134347_rgbf000247-resize,-3.222295090824582,3.222295090824582,1.841,30.99307977870557
201434.0,2.5,-1.621546644243046,1.621546644243046,000736_2014-06-08_18-24-15_260595134347_rgbf000206-resize,-4.896295090824582,4.896295090824582,3.515,33.408170606136416
201434.0,2.5,-0.3958584379633883,0.3958584379633883,000137_2014-05-20_17-04-49_260595134347_rgbf000120-resize,-3.799410631949754,3.799410631949754,3.786,14.89611111351161
201434.0,2.5,-0.6052009977612147,0.6052009977612147,000642_2014-06-08_16-59-25_260595134347_rgbf000098-resize,-3.578852861387168,3.578852861387168,2.8815,31.36214301237791
201434.0,2.5,-0.1405708070858569,0.1405708070858569,002199_2014-06-28_18-33-56_260595134347_rgbf000074-resize,-2.6933528613871682,2.6933528613871682,1.996,17.12852126070164
201434.0,2.5,-0.3669994199090186,0.3669994199090186,002323_2014-06-28_20-01-54_260595134347_rgbf000051-resize,-3.7444106319497537,3.7444106319497537,3.7310000000000003,18.09172628388976
201434.0,2.5,-0.8420908020654794,0.8420908020654794,002905_2014-06-03_18-04-43_094959634447_rgbf000151-resize,-3.410795090824582,3.410795090824582,2.0295,12.020604335789361
201434.0,2.5,-1.2469206174065623,1.2469206174065623,001052_2014-06-08_18-24-54_260595134347_rgbf000130-resize,-4.801852861387168,4.801852861387168,4.1045,25.87613690895519
201434.0,2.5,-0.3743123548751017,0.3743123548751017,002272_2014-06-28_18-53-56_260595134347_rgbf000067-resize,-2.519295090824582,2.519295090824582,1.138,10.409245808146235
201434.0,2.5,-0.06921032607869149,0.06921032607869149,001571_2014-06-20_17-21-32_260595134347_rgbf000089-resize,-2.5573528613871677,2.5573528613871677,1.86,4.991960350191473
201434.0,2.5,-0.1760216897821555,0.1760216897821555,002748_2014-06-22_19-07-22_094959634447_rgbf000078-resize,-3.999968402512339,3.999968402512339,4.6705,35.71435075733748
201434.0,2.5,-0.5451382677173596,0.5451382677173596,000436_2014-06-09_22-25-11_260595134347_rgbf000137-resize,-4.083910631949753,4.083910631949753,4.0705,20.69156545677159
201434.0,2.5,-0.712258217723123,0.712258217723123,002444_2014-06-28_20-32-08_260595134347_rgbf000027-resize,-4.402410631949754,4.402410631949754,4.388999999999999,17.102760279009576
201434.0,2.5,-0.13033897341203127,0.13033897341203127,000943_2014-06-09_19-31-07_260595134347_rgbf000128-resize,-2.673852861387168,2.673852861387168,1.9765,15.893099149291922
201434.0,2.5,-0.03930188918597588,0.03930188918597588,000709_2014-06-08_13-51-55_260595134347_rgbf000068-resize,-2.5003528613871677,2.5003528613871677,1.8030000000000002,14.429351101546246
201434.0,2.5,-0.7030593044364828,0.7030593044364828,000854_2014-06-09_19-43-13_260595134347_rgbf000066-resize,-3.7653528613871683,3.7653528613871683,3.068,11.910827625938722
201434.0,2.5,-1.0915901308809837,1.0915901308809837,002153_2014-06-25_21-27-18_260595134347_rgbf000038-resize,-3.886295090824582,3.886295090824582,2.505,17.28886317575377
201434.0,2.5,-1.0215414234217453,1.0215414234217453,000522_2014-06-08_13-35-06_260595134347_rgbf000244-resize,-3.7527950908245824,3.7527950908245824,2.3715,25.742609854068213
201434.0,2.5,-0.7696809022199697,0.7696809022199697,002949_2014-06-26_15-57-42_094959634447_rgbf000079-resize,-3.272795090824582,3.272795090824582,1.8915,17.99500168321199
201434.0,2.5,-0.09651171432670366,0.09651171432670366,000866_2014-06-09_20-45-42_260595134347_rgbf000139-resize,-3.228910631949754,3.228910631949754,3.2155,8.082259189449621
201434.0,2.5,-0.6340435173644315,0.6340435173644315,001555_2014-06-20_17-12-10_260595134347_rgbf000065-resize,-3.0142950908245822,3.0142950908245822,1.633,7.608284543781994
201434.0,2.5,-0.5254286675961624,0.5254286675961624,003534_2014-05-22_15-06-10_094959634447_rgbf000102-resize,-2.807295090824582,2.807295090824582,1.426,12.376994007247625
201434.0,2.5,-0.14030845237627032,0.14030845237627032,002637_2014-06-24_14-51-13_094959634447_rgbf000066-resize,-2.692852861387168,2.692852861387168,1.9955,10.972027795242447
201434.0,2.5,-0.3911195547397053,0.3911195547397053,002340_2014-06-28_20-05-46_260595134347_rgbf000113-resize,-3.1708528613871683,3.1708528613871683,2.4735,7.91768620575396
201434.0,2.5,-0.698615772824697,0.698615772824697,002414_2014-06-28_20-24-58_260595134347_rgbf000067-resize,-4.376410631949755,4.376410631949755,4.363,31.720662178139435
201434.0,2.5,-0.1264201512194055,0.1264201512194055,001032_2014-06-08_13-23-17_260595134347_rgbf000021-resize,-3.2859106319497537,3.2859106319497537,3.2725,15.984983178828962
201434.0,2.5,-0.920026649263426,0.920026649263426,003292_2014-05-14_21-53-49_094959634447_rgbf000100-resize,-4.178852861387168,4.178852861387168,3.4815,33.084282711345374
201434.0,2.5,-0.06924332298098979,0.06924332298098979,001570_2014-06-20_17-21-09_260595134347_rgbf000135-resize,-3.7964684025123394,3.7964684025123394,4.467,22.179510675592084
201434.0,2.5,-0.07553983601104143,0.07553983601104143,000447_2014-06-08_16-15-46_260595134347_rgbf000130-resize,-3.80846840251234,3.80846840251234,4.479,19.081432914605553
201434.0,2.5,-1.2643672055939754,1.2643672055939754,001447_2014-06-19_17-00-32_260595134347_rgbf000082-resize,-4.835102861387168,4.835102861387168,4.13775,46.830399423560245
201434.0,2.5,-0.4338833724020923,0.4338833724020923,002758_2014-06-22_19-11-20_094959634447_rgbf000128-resize,-3.252352861387168,3.252352861387168,2.555,7.204478276142114
201434.0,2.5,-0.3284167791488466,0.3284167791488466,002750_2014-06-22_19-08-03_094959634447_rgbf000094-resize,-3.0513528613871683,3.0513528613871683,2.354,8.789636111124727
201434.0,2.5,-0.8969394348199338,0.8969394348199338,001199_2014-06-17_16-03-48_260595134347_rgbf000077-resize,-4.134852861387168,4.134852861387168,3.4375,28.282249848901696
201434.0,2.5,-0.5818679270592769,0.5818679270592769,003083_2014-06-15_15-21-03_094959634447_rgbf000063-resize,-4.1539106319497545,4.1539106319497545,4.1405,19.172834459547143
201434.0,2.5,-0.5259698754664908,0.5259698754664908,001806_2014-06-26_20-50-20_260595134347_rgbf000091-resize,-3.4278528613871684,3.4278528613871684,2.7305,13.909869710567438
201434.0,2.5,-0.3984819850592448,0.3984819850592448,001617_2014-06-20_11-35-32_260595134347_rgbf000066-resize,-3.8044106319497537,3.8044106319497537,3.7910000000000004,19.974169961071475
201434.0,2.5,-0.2143089789304456,0.2143089789304456,000493_2014-06-09_21-01-18_260595134347_rgbf000196-resize,-3.4534106319497537,3.4534106319497537,3.44,19.629285382994567
201434.0,2.5,-0.5388417546873098,0.5388417546873098,000506_2014-06-08_23-21-00_260595134347_rgbf000070-resize,-4.071910631949755,4.071910631949755,4.0585,16.716212007621664
201434.0,2.5,-0.9045477213979036,0.9045477213979036,001449_2014-06-19_17-01-27_260595134347_rgbf000116-resize,-4.149352861387168,4.149352861387168,3.452,8.994872108877228
201434.0,2.5,-0.5137431541370111,0.5137431541370111,001450_2014-06-19_17-02-03_260595134347_rgbf000203-resize,-4.0240772986164535,4.0240772986164535,4.0106666666667,12.34882649363641
201434.0,2.5,-1.2240792592214986,1.2240792592214986,002600_2014-06-24_14-27-04_094959634447_rgbf000074-resize,-4.138795090824582,4.138795090824582,2.7575,44.47386082434929
201434.0,2.5,-0.12587894334908656,0.12587894334908656,003228_2014-05-14_13-42-35_094959634447_rgbf000101-resize,-2.6653528613871678,2.6653528613871678,1.9680000000000002,14.40337638638131
201434.0,2.5,-1.0816206519167453,1.0816206519167453,000368_2014-06-09_15-53-01_260595134347_rgbf000155-resize,-3.867295090824582,3.867295090824582,2.4859999999999998,21.090700959072958
201434.0,2.5,-0.2386914684707129,0.2386914684707129,002678_2014-06-13_16-15-32_094959634447_rgbf000151-resize,-2.880352861387168,2.880352861387168,2.1830000000000003,32.96558503300821
201434.0,2.5,-0.17257808165524846,0.17257808165524846,002209_2014-06-28_18-36-10_260595134347_rgbf000051-resize,-2.754352861387168,2.754352861387168,2.057,12.962068825921264
201434.0,2.5,-1.6254984633379879,1.6254984633379879,001828_2014-06-26_21-40-03_260595134347_rgbf000024-resize,-5.52335286138717,5.52335286138717,4.8260000000000005,35.55232951340613
201434.0,2.5,-0.5275605021751512,0.5275605021751512,002570_2014-06-24_13-59-54_094959634447_rgbf000059-resize,-4.050410631949754,4.050410631949754,4.037,41.596140375002705
201434.0,2.5,-0.2135384132528403,0.2135384132528403,002467_2014-06-28_20-38-07_260595134347_rgbf000026-resize,-4.07146840251234,4.07146840251234,4.742,15.331046216195933
201434.0,2.5,-0.2751587731030538,0.2751587731030538,001810_2014-06-26_20-51-35_260595134347_rgbf000040-resize,-2.949852861387168,2.949852861387168,2.2525,22.411391411207674
201434.0,2.5,-0.9014159633340404,0.9014159633340404,002663_2014-06-13_15-50-26_094959634447_rgbf000075-resize,-4.7629106319497545,4.7629106319497545,4.7495,16.725954086732166
201434.0,2.5,-0.5065556269571787,0.5065556269571787,001092_2014-06-15_17-34-58_260595134347_rgbf000171-resize,-3.390852861387168,3.390852861387168,2.6935,9.164038324933468
201434.0,2.5,-0.06422558659657174,0.06422558659657174,001167_2014-06-17_15-38-07_260595134347_rgbf000108-resize,-2.547852861387168,2.547852861387168,1.8505,12.019050657019696
201434.0,2.5,-0.4892237176734093,0.4892237176734093,003587_2014-05-23_16-48-02_094959634447_rgbf002384-resize,-2.738295090824582,2.738295090824582,1.357,20.788172722830538
467485.0,2.5,-0.4225196928524329,0.4225196928524329,001808_2014-06-26_20-50-58_260595134347_rgbf000029-resize,-4.046131425762911,4.046131425762911,4.249,20.030651550568866
467485.0,2.5,-0.7059461346548753,0.7059461346548753,001815_2014-06-26_20-52-55_260595134347_rgbf000020-resize,-3.9196197415997935,3.9196197415997935,3.3865,18.626322656731816
467485.0,2.5,-0.2123674262955758,0.2123674262955758,001516_2014-06-20_16-25-09_260595134347_rgbf000076-resize,-2.6456138995182346,2.6456138995182346,1.7445,3.8622659094666254
467485.0,2.5,-0.25207863125162144,0.25207863125162144,001417_2014-06-19_16-25-36_260595134347_rgbf000115-resize,-4.05463726784447,4.05463726784447,4.6255,49.17091269608214
467485.0,2.5,-0.35832614445450284,0.35832614445450284,000682_2014-06-08_23-14-58_260595134347_rgbf000041-resize,-3.257119741599794,3.257119741599794,2.7239999999999998,8.707843071693064
467485.0,2.5,-0.3204575666446725,0.3204575666446725,001650_2014-06-20_12-09-00_260595134347_rgbf000087-resize,-2.8516138995182345,2.8516138995182345,1.9505,47.6804595860539
467485.0,2.5,-0.3687308332083459,0.3687308332083459,001244_2014-06-17_16-47-45_260595134347_rgbf000030-resize,-2.9436138995182346,2.9436138995182346,2.0425,6.7629638807870815
467485.0,2.5,-0.5179211633327436,0.5179211633327436,003495_2014-05-21_16-01-51_094959634447_rgbf000100-resize,-2.8946080574366766,2.8946080574366766,1.6255,12.747278812179
467485.0,2.5,-0.2027559458496173,0.2027559458496173,001158_2014-06-17_15-32-16_260595134347_rgbf000138-resize,-3.9606372678444703,3.9606372678444703,4.5315,26.954451973303737
467485.0,2.5,-0.3654158657924229,0.3654158657924229,000556_2014-06-09_22-42-56_260595134347_rgbf000214-resize,-4.27063726784447,4.27063726784447,4.8415,23.88242025565649
467485.0,2.5,-1.0449084194389329,1.0449084194389329,001150_2014-06-17_15-27-34_260595134347_rgbf000108-resize,-4.565619741599794,4.565619741599794,4.0325,11.088139074292139
467485.0,2.5,-0.5330543810382392,0.5330543810382392,000665_2014-06-09_20-42-35_260595134347_rgbf000110-resize,-3.5901197415997936,3.5901197415997936,3.057,18.49880761375764
467485.0,2.5,-1.037037778151371,1.037037778151371,002375_2014-06-28_20-13-44_260595134347_rgbf000032-resize,-4.550619741599794,4.550619741599794,4.0175,48.76103649676905
467485.0,2.5,-0.691516625627682,0.691516625627682,000788_2014-06-08_22-34-36_260595134347_rgbf000131-resize,-3.8921197415997937,3.8921197415997937,3.359,21.46386213810664
467485.0,2.5,-0.11372819967067008,0.11372819967067008,001235_2014-06-17_16-37-36_260595134347_rgbf000084-resize,-3.4576314257629117,3.4576314257629117,3.6605,14.547706659434104
467485.0,2.5,-0.8499788702171335,0.8499788702171335,000692_2014-06-08_13-09-42_260595134347_rgbf000199-resize,-4.194119741599794,4.194119741599794,3.661,54.80046590295557
467485.0,2.5,-0.4059913461485512,0.4059913461485512,001094_2014-06-15_17-36-00_260595134347_rgbf000205-resize,-4.014631425762912,4.014631425762912,4.2175,17.196771274488466
467485.0,2.5,-0.007730752819137486,0.007730752819137486,000109_2014-05-14_23-41-52_260595134347_rgbf000035-resize,-2.2556138995182358,2.2556138995182358,1.3545,6.620498200896815
467485.0,2.5,-0.35053885861740075,0.35053885861740075,002509_2014-06-24_13-19-22_094959634447_rgbf000077-resize,-2.5756080574366766,2.5756080574366766,1.3065,40.21868783296904
467485.0,2.5,-0.5533390491267485,0.5533390491267485,003338_2014-05-20_11-01-23_094959634447_rgbf000051-resize,-2.9621080574366765,2.9621080574366765,1.693,28.251495663089063
467485.0,2.5,-0.611931600934119,0.611931600934119,002784_2014-06-22_19-26-30_094959634447_rgbf000083-resize,-3.0737747241033766,3.0737747241033766,1.8046666666667,3.0422522474895675
467485.0,2.5,-0.8403551014129365,0.8403551014129365,001100_2014-06-15_17-46-26_260595134347_rgbf000225-resize,-3.5091080574366766,3.5091080574366766,2.24,9.548860596737413
467485.0,2.5,-0.1638318050223162,0.1638318050223162,000469_2014-06-09_19-42-10_260595134347_rgbf000081-resize,-2.5531138995182348,2.5531138995182348,1.652,25.13136208408983
467485.0,2.5,-0.5522896302884057,0.5522896302884057,002964_2014-06-08_17-46-11_094959634447_rgbf000091-resize,-2.9601080574366763,2.9601080574366763,1.6909999999999998,28.953812917975768
467485.0,2.5,-0.37214758861207664,0.37214758861207664,000691_2014-06-08_13-08-50_260595134347_rgbf000132-resize,-3.950131425762912,3.950131425762912,4.1530000000000005,14.740846212587924
467485.0,2.5,-0.47568819926865,0.47568819926865,000457_2014-06-08_16-52-43_260595134347_rgbf000199-resize,-3.814125583681353,3.814125583681353,3.6489999999999996,14.067279821032837
467485.0,2.5,-0.04525362046892825,0.04525362046892825,001584_2014-06-20_11-07-43_260595134347_rgbf000002-resize,-3.3271314257629108,3.3271314257629108,3.53,17.602834139105468
467485.0,2.5,-0.057673791449005085,0.057673791449005085,001175_2014-06-17_15-45-55_260595134347_rgbf000129-resize,-3.68413726784447,3.68413726784447,4.255,15.34903910495583
467485.0,2.5,-0.10533284896393916,0.10533284896393916,003490_2014-05-21_15-50-11_094959634447_rgbf000101-resize,-3.4416314257629117,3.4416314257629117,3.6445,19.999457360175192
467485.0,2.5,-0.08634971412481429,0.08634971412481429,002279_2014-06-28_18-55-32_260595134347_rgbf000040-resize,-2.405447232851535,2.405447232851535,1.5043333333333,15.963772282558683
467485.0,2.5,-0.017265021993774554,0.017265021993774554,000635_2014-06-08_16-38-42_260595134347_rgbf000106-resize,-2.607119741599793,2.607119741599793,2.074,10.796976226722654
467485.0,2.5,-0.4937845300509083,0.4937845300509083,002344_2014-06-28_20-06-29_260595134347_rgbf000030-resize,-2.8486080574366763,2.8486080574366763,1.5795,37.33165518125916
467485.0,2.5,-0.2630018852455194,0.2630018852455194,000549_2014-06-08_22-10-24_260595134347_rgbf000247-resize,-2.742113899518235,2.742113899518235,1.841,30.99307977870557
467485.0,2.5,-0.7733712950182577,0.7733712950182577,000736_2014-06-08_18-24-15_260595134347_rgbf000206-resize,-4.048119741599794,4.048119741599794,3.515,33.408170606136416
467485.0,2.5,-0.1795792317765457,0.1795792317765457,000137_2014-05-20_17-04-49_260595134347_rgbf000120-resize,-3.5831314257629114,3.5831314257629114,3.786,14.89611111351161
467485.0,2.5,-0.8089620358922818,0.8089620358922818,000642_2014-06-08_16-59-25_260595134347_rgbf000098-resize,-3.7826138995182346,3.7826138995182346,2.8815,31.36214301237791
467485.0,2.5,-0.32605651517553225,0.32605651517553225,001056_2014-06-08_18-46-44_260595134347_rgbf000068-resize,-3.1956197415997942,3.1956197415997942,2.6625,11.38594592369452
467485.0,2.5,-0.34433184521692395,0.34433184521692395,002199_2014-06-28_18-33-56_260595134347_rgbf000074-resize,-2.8971138995182346,2.8971138995182346,1.996,17.12852126070164
467485.0,2.5,-0.026709791538838457,0.026709791538838457,000878_2014-06-08_22-52-45_260595134347_rgbf000045-resize,-2.6251197415997938,2.6251197415997938,2.092,5.576511521775202
467485.0,2.5,-0.4788303116045518,0.4788303116045518,002953_2014-06-08_17-32-18_094959634447_rgbf000059-resize,-2.820108057436676,2.820108057436676,1.551,13.905027931093345
467485.0,2.5,-0.3619096107591324,0.3619096107591324,002905_2014-06-03_18-04-43_094959634447_rgbf000151-resize,-2.9306138995182347,2.9306138995182347,2.0295,12.020604335789361
467485.0,2.5,-0.044120846180151774,0.044120846180151774,003129_2014-05-12_10-48-10_094959634447_rgbf000100-resize,-3.991643109926029,3.991643109926029,4.9305,17.9074543760639
467485.0,2.5,-0.3466991817823055,0.3466991817823055,001052_2014-06-08_18-24-54_260595134347_rgbf000130-resize,-3.9016314257629108,3.9016314257629108,4.1045,25.87613690895519
467485.0,2.5,-0.07699239614962694,0.07699239614962694,000810_2014-06-08_17-20-01_260595134347_rgbf000105-resize,-2.3876138995182346,2.3876138995182346,1.4865,3.0958890116960642
467485.0,2.5,-0.3197600021454877,0.3197600021454877,001214_2014-06-17_16-13-55_260595134347_rgbf000111-resize,-3.1836197415997938,3.1836197415997938,2.6505,18.479282579459067
467485.0,2.5,-0.2621253214871961,0.2621253214871961,002272_2014-06-28_18-53-56_260595134347_rgbf000067-resize,-2.4071080574366763,2.4071080574366763,1.138,10.409245808146235
467485.0,2.5,-0.2729713642097585,0.2729713642097585,001571_2014-06-20_17-21-32_260595134347_rgbf000089-resize,-2.761113899518235,2.761113899518235,1.86,4.991960350191473
467485.0,2.5,-0.034848931715096176,0.034848931715096176,001133_2014-06-17_14-49-16_260595134347_rgbf000100-resize,-3.64063726784447,3.64063726784447,4.2115,26.759918254713728
467485.0,2.5,-0.8982521367808057,0.8982521367808057,001132_2014-06-17_14-48-54_260595134347_rgbf000100-resize,-4.286119741599794,4.286119741599794,3.753,14.398279213278778
467485.0,2.5,-0.2430629273170429,0.2430629273170429,000709_2014-06-08_13-51-55_260595134347_rgbf000068-resize,-2.7041138995182346,2.7041138995182346,1.8030000000000002,14.429351101546246
467485.0,2.5,-0.5388261846491086,0.5388261846491086,000854_2014-06-09_19-43-13_260595134347_rgbf000066-resize,-3.6011197415997938,3.6011197415997938,3.068,11.910827625938722
467485.0,2.5,-0.1641836593614726,0.1641836593614726,001164_2014-06-17_15-35-46_260595134347_rgbf000085-resize,-2.8871197415997942,2.8871197415997942,2.354,17.325668807481115
467485.0,2.5,-0.6114089395746367,0.6114089395746367,002153_2014-06-25_21-27-18_260595134347_rgbf000038-resize,-3.4061138995182345,3.4061138995182345,2.505,17.28886317575377
467485.0,2.5,-0.06939025375077693,0.06939025375077693,002660_2014-06-13_15-44-18_094959634447_rgbf001878-resize,-3.3731314257629115,3.3731314257629115,3.576,15.11997681444361
467485.0,2.5,-0.047352458145614416,0.047352458145614416,000739_2014-06-08_18-45-58_260595134347_rgbf000068-resize,-3.3311314257629108,3.3311314257629108,3.534,8.164356963721069
467485.0,2.5,-0.7112827284761425,0.7112827284761425,000734_2014-06-08_17-39-11_260595134347_rgbf000128-resize,-4.263125583681353,4.263125583681353,4.098,16.052231618370055
467485.0,2.5,-0.9093543900338396,0.9093543900338396,000522_2014-06-08_13-35-06_260595134347_rgbf000244-resize,-3.6406080574366766,3.6406080574366766,2.3715,25.742609854068213
467485.0,2.5,-0.9842149818951847,0.9842149818951847,000866_2014-06-09_20-45-42_260595134347_rgbf000139-resize,-4.116613899518235,4.116613899518235,3.2155,8.082259189449621
467485.0,2.5,-0.5218564839765261,0.5218564839765261,001555_2014-06-20_17-12-10_260595134347_rgbf000065-resize,-2.9021080574366764,2.9021080574366764,1.633,7.608284543781994
467485.0,2.5,-0.4132416342082568,0.4132416342082568,003534_2014-05-22_15-06-10_094959634447_rgbf000102-resize,-2.695108057436676,2.695108057436676,1.426,12.376994007247625
467485.0,2.5,-0.06642099649488131,0.06642099649488131,000773_2014-06-08_22-24-54_260595134347_rgbf000093-resize,-4.0341431099260285,4.0341431099260285,4.973,21.45352631724976
467485.0,2.5,-0.19802741689795866,0.19802741689795866,001059_2014-06-08_21-53-27_260595134347_rgbf000061-resize,-2.9516197415997936,2.9516197415997936,2.4185,8.755513319222857
467485.0,2.5,-0.7557935294760519,0.7557935294760519,003292_2014-05-14_21-53-49_094959634447_rgbf000100-resize,-4.014619741599794,4.014619741599794,3.4815,33.084282711345374
467485.0,2.5,-0.3115436506979001,0.3115436506979001,002639_2014-06-24_14-51-37_094959634447_rgbf000074-resize,-3.834631425762911,3.834631425762911,4.0375,16.521406794569987
467485.0,2.5,-0.3641457699697186,0.3641457699697186,001447_2014-06-19_17-00-32_260595134347_rgbf000082-resize,-3.934881425762911,3.934881425762911,4.13775,46.830399423560245
467485.0,2.5,-0.6234834003946681,0.6234834003946681,000742_2014-06-08_18-48-09_260595134347_rgbf000164-resize,-4.429131425762911,4.429131425762911,4.632,18.91549953899407
467485.0,2.5,-0.2696502526147181,0.2696502526147181,002758_2014-06-22_19-11-20_094959634447_rgbf000128-resize,-3.088119741599794,3.088119741599794,2.555,7.204478276142114
467485.0,2.5,-0.07148294724833537,0.07148294724833537,002549_2014-06-24_13-41-39_094959634447_rgbf000022-resize,-2.3771138995182346,2.3771138995182346,1.476,4.1736441355391865
467485.0,2.5,-0.5725804425560304,0.5725804425560304,000502_2014-06-08_23-02-32_260595134347_rgbf000063-resize,-3.3321138995182347,3.3321138995182347,2.431,13.897287578908273
467485.0,2.5,-1.0977250715159992,1.0977250715159992,001806_2014-06-26_20-50-20_260595134347_rgbf000091-resize,-3.9996080574366766,3.9996080574366766,2.7305,13.909869710567438
467485.0,2.5,-0.18220277887240213,0.18220277887240213,001617_2014-06-20_11-35-32_260595134347_rgbf000066-resize,-3.5881314257629118,3.5881314257629118,3.7910000000000004,19.974169961071475
467485.0,2.5,-0.7340180885804856,0.7340180885804856,000493_2014-06-09_21-01-18_260595134347_rgbf000196-resize,-3.9731197415997936,3.9731197415997936,3.44,19.629285382994567
467485.0,2.5,-0.1866628089353504,0.1866628089353504,000191_2014-05-12_17-07-38_260595134347_rgbf000199-resize,-3.5966314257629115,3.5966314257629115,3.7995,12.340757267219296
467485.0,2.5,-0.7403146016105294,0.7403146016105294,001449_2014-06-19_17-01-27_260595134347_rgbf000116-resize,-3.9851197415997937,3.9851197415997937,3.452,8.994872108877228
467485.0,2.5,-0.2974639479501684,0.2974639479501684,001450_2014-06-19_17-02-03_260595134347_rgbf000203-resize,-3.807798092429612,3.807798092429612,4.0106666666667,12.34882649363641
467485.0,2.5,-0.3759039099967104,0.3759039099967104,002600_2014-06-24_14-27-04_094959634447_rgbf000074-resize,-3.290619741599793,3.290619741599793,2.7575,44.47386082434929
467485.0,2.5,-0.3296399814801536,0.3296399814801536,003228_2014-05-14_13-42-35_094959634447_rgbf000101-resize,-2.8691138995182346,2.8691138995182346,1.9680000000000002,14.40337638638131
467485.0,2.5,-0.6014394606103983,0.6014394606103983,000368_2014-06-09_15-53-01_260595134347_rgbf000155-resize,-3.3871138995182357,3.3871138995182357,2.4859999999999998,21.090700959072958
467485.0,2.5,-0.07445834868333867,0.07445834868333867,002678_2014-06-13_16-15-32_094959634447_rgbf000151-resize,-2.716119741599794,2.716119741599794,2.1830000000000003,32.96558503300821
467485.0,2.5,-0.18049132908097987,0.18049132908097987,002763_2014-06-22_19-13-10_094959634447_rgbf000075-resize,-2.584863899518236,2.584863899518236,1.68375,5.5919783591245595
467485.0,2.5,-0.008344961867874257,0.008344961867874257,002209_2014-06-28_18-36-10_260595134347_rgbf000051-resize,-2.5901197415997936,2.5901197415997936,2.057,12.962068825921264
467485.0,2.5,-0.19505201546295625,0.19505201546295625,001110_2014-06-15_17-25-28_260595134347_rgbf000150-resize,-2.6126138995182346,2.6126138995182346,1.7115,9.336195527413247
467485.0,2.5,-0.3344518658822543,0.3344518658822543,000927_2014-06-09_16-32-30_260595134347_rgbf000123-resize,-3.2116197415997942,3.2116197415997942,2.6785,11.715239650325241
467485.0,2.5,-0.1109256533156796,0.1109256533156796,001810_2014-06-26_20-51-35_260595134347_rgbf000040-resize,-2.7856197415997936,2.7856197415997936,2.2525,22.411391411207674
467485.0,2.5,-0.6851367571471976,0.6851367571471976,002663_2014-06-13_15-50-26_094959634447_rgbf000075-resize,-4.546631425762912,4.546631425762912,4.7495,16.725954086732166
467485.0,2.5,-0.15203198727010486,0.15203198727010486,000409_2014-06-04_19-23-33_260595134347_rgbf000067-resize,-3.5306314257629112,3.5306314257629112,3.7335,12.696549983566419
467485.0,2.5,-0.22662408024274985,0.22662408024274985,001011_2014-06-08_23-18-54_260595134347_rgbf000044-resize,-3.006119741599794,3.006119741599794,2.4730000000000003,11.624075606213012
467485.0,2.5,-0.6973717846890084,0.6973717846890084,002875_2014-06-01_15-19-00_094959634447_rgbf000151-resize,-3.236608057436676,3.236608057436676,1.9675,11.625680938349673
467485.0,2.5,-0.7103166650882458,0.7103166650882458,001092_2014-06-15_17-34-58_260595134347_rgbf000171-resize,-3.594613899518235,3.594613899518235,2.6935,9.164038324933468
467485.0,2.5,-0.6359807826460802,0.6359807826460802,001167_2014-06-17_15-38-07_260595134347_rgbf000108-resize,-3.119608057436676,3.119608057436676,1.8505,12.019050657019696
467485.0,2.5,-0.7450308422039449,0.7450308422039449,003587_2014-05-23_16-48-02_094959634447_rgbf002384-resize,-2.9941022153551176,2.9941022153551176,1.357,20.788172722830538
631785.0,2.5,-0.21663819738526371,0.21663819738526371,001029_2014-06-08_13-17-57_260595134347_rgbf000065-resize,-3.2862987583388037,3.2862987583388037,3.0835,18.209734661918688
631785.0,2.5,-0.1446849440686488,0.1446849440686488,000677_2014-06-08_23-10-32_260595134347_rgbf000158-resize,-3.4389203044641965,3.4389203044641965,3.556,19.65196273325612
631785.0,2.5,-0.4736876467399686,0.4736876467399686,001516_2014-06-20_16-25-09_260595134347_rgbf000076-resize,-2.906934119962628,2.906934119962628,1.7445,3.8622659094666254
631785.0,2.5,-0.06610476012213208,0.06610476012213208,001417_2014-06-19_16-25-36_260595134347_rgbf000115-resize,-3.8686633967149806,3.8686633967149806,4.6255,49.17091269608214
631785.0,2.5,-0.5817777870890652,0.5817777870890652,001650_2014-06-20_12-09-00_260595134347_rgbf000087-resize,-3.1129341199626275,3.1129341199626275,1.9505,47.6804595860539
631785.0,2.5,-0.6300510536527386,0.6300510536527386,001244_2014-06-17_16-47-45_260595134347_rgbf000030-resize,-3.204934119962628,3.204934119962628,2.0425,6.7629638807870815
631785.0,2.5,-0.7311256797333028,0.7311256797333028,003495_2014-05-21_16-01-51_094959634447_rgbf000100-resize,-3.1078125738372355,3.1078125738372355,1.6255,12.747278812179
631785.0,2.5,-1.0344658900525512,1.0344658900525512,001150_2014-06-17_15-27-34_260595134347_rgbf000108-resize,-4.555177212213412,4.555177212213412,4.0325,11.088139074292139
631785.0,2.5,-0.7067167948903819,0.7067167948903819,002375_2014-06-28_20-13-44_260595134347_rgbf000032-resize,-4.220298758338806,4.220298758338806,4.0175,48.76103649676905
631785.0,2.5,-0.04131718849208461,0.04131718849208461,000788_2014-06-08_22-34-36_260595134347_rgbf000131-resize,-3.2419203044641964,3.2419203044641964,3.359,21.46386213810664
631785.0,2.5,-0.17190177097522885,0.17190177097522885,001094_2014-06-15_17-36-00_260595134347_rgbf000205-resize,-3.780541850589589,3.780541850589589,4.2175,17.196771274488466
631785.0,2.5,-0.5190750114982057,0.5190750114982057,000470_2014-06-09_19-42-40_260595134347_rgbf000094-resize,-2.993434119962628,2.993434119962628,1.831,22.486379427626872
631785.0,2.5,-0.2690509732635302,0.2690509732635302,000109_2014-05-14_23-41-52_260595134347_rgbf000035-resize,-2.516934119962628,2.516934119962628,1.3545,6.620498200896815
631785.0,2.5,-0.12678665777809195,0.12678665777809195,003338_2014-05-20_11-01-23_094959634447_rgbf000051-resize,-2.53555566608802,2.53555566608802,1.693,28.251495663089063
631785.0,2.5,-0.8251361173346782,0.8251361173346782,002784_2014-06-22_19-26-30_094959634447_rgbf000083-resize,-3.2869792405039355,3.2869792405039355,1.8046666666667,3.0422522474895675
631785.0,2.5,-0.7336811639388878,0.7336811639388878,001100_2014-06-15_17-46-26_260595134347_rgbf000225-resize,-3.402434119962628,3.402434119962628,2.24,9.548860596737413
631785.0,2.5,-0.42515202546670894,0.42515202546670894,000469_2014-06-09_19-42-10_260595134347_rgbf000081-resize,-2.814434119962628,2.814434119962628,1.652,25.13136208408983
631785.0,2.5,-0.2598685584280468,0.2598685584280468,000483_2014-06-09_20-41-45_260595134347_rgbf000116-resize,-2.499434119962628,2.499434119962628,1.337,29.232414989368262
631785.0,2.5,-0.4456156928143571,0.4456156928143571,002964_2014-06-08_17-46-11_094959634447_rgbf000091-resize,-2.8534341199626274,2.8534341199626274,1.6909999999999998,28.953812917975768
631785.0,2.5,-0.2653099444390622,0.2653099444390622,002136_2014-06-25_21-18-03_260595134347_rgbf000109-resize,-2.79955566608802,2.79955566608802,1.9569999999999999,13.297078442475444
631785.0,2.5,-0.27185891532719464,0.27185891532719464,002039_2014-06-24_20-22-38_260595134347_rgbf000084-resize,-3.9710418505895895,3.9710418505895895,4.408,15.524303639345458
631785.0,2.5,-0.4327504151931833,0.4327504151931833,002103_2014-06-25_20-00-40_260595134347_rgbf000049-resize,-3.9879203044641964,3.9879203044641964,4.105,11.598018874569219
631785.0,2.5,-0.4234417714286546,0.4234417714286546,000929_2014-06-09_16-33-19_260595134347_rgbf000139-resize,-3.3906772122134123,3.3906772122134123,2.8680000000000003,19.501338012209015
631785.0,2.5,-0.7707994069194292,0.7707994069194292,001584_2014-06-20_11-07-43_260595134347_rgbf000002-resize,-4.052677212213412,4.052677212213412,3.53,17.602834139105468
631785.0,2.5,-0.34766993456920703,0.34766993456920703,002279_2014-06-28_18-55-32_260595134347_rgbf000040-resize,-2.6667674532959285,2.6667674532959285,1.5043333333333,15.963772282558683
631785.0,2.5,-0.7069890464514674,0.7069890464514674,002344_2014-06-28_20-06-29_260595134347_rgbf000030-resize,-3.0618125738372357,3.0618125738372357,1.5795,37.33165518125916
631785.0,2.5,-0.8442005595645199,0.8442005595645199,000549_2014-06-08_22-10-24_260595134347_rgbf000247-resize,-3.323312573837236,3.323312573837236,1.841,30.99307977870557
631785.0,2.5,-0.7629287656318761,0.7629287656318761,000736_2014-06-08_18-24-15_260595134347_rgbf000206-resize,-4.0376772122134135,4.0376772122134135,3.515,33.408170606136416
631785.0,2.5,-0.2653681104778309,0.2653681104778309,000137_2014-05-20_17-04-49_260595134347_rgbf000120-resize,-3.668920304464197,3.668920304464197,3.786,14.89611111351161
631785.0,2.5,-0.4305253485874588,0.4305253485874588,000642_2014-06-08_16-59-25_260595134347_rgbf000098-resize,-3.404177212213412,3.404177212213412,2.8815,31.36214301237791
631785.0,2.5,-0.6056520656613167,0.6056520656613167,002199_2014-06-28_18-33-56_260595134347_rgbf000074-resize,-3.158434119962628,3.158434119962628,1.996,17.12852126070164
631785.0,2.5,-0.15563577898096234,0.15563577898096234,000917_2014-06-09_22-45-29_260595134347_rgbf000149-resize,-3.7495418505895888,3.7495418505895888,4.1865,9.740561609074897
631785.0,2.5,-0.6560241699016724,0.6560241699016724,000878_2014-06-08_22-52-45_260595134347_rgbf000045-resize,-3.254434119962628,3.254434119962628,2.092,5.576511521775202
631785.0,2.5,-0.692034828005111,0.692034828005111,002953_2014-06-08_17-32-18_094959634447_rgbf000059-resize,-3.0333125738372355,3.0333125738372355,1.551,13.905027931093345
631785.0,2.5,-0.3033513773289173,0.3033513773289173,002905_2014-06-03_18-04-43_094959634447_rgbf000151-resize,-2.8720556660880203,2.8720556660880203,2.0295,12.020604335789361
631785.0,2.5,-0.4602295968093577,0.4602295968093577,002988_2014-06-15_12-24-20_094959634447_rgbf000150-resize,-4.3300418505895895,4.3300418505895895,4.7669999999999995,14.460306569198616
631785.0,2.5,-0.11260960660898325,0.11260960660898325,001052_2014-06-08_18-24-54_260595134347_rgbf000130-resize,-3.667541850589589,3.667541850589589,4.1045,25.87613690895519
631785.0,2.5,-0.30931747275910604,0.30931747275910604,001214_2014-06-17_16-13-55_260595134347_rgbf000111-resize,-3.173177212213412,3.173177212213412,2.6505,18.479282579459067
631785.0,2.5,-0.1554513840131475,0.1554513840131475,002272_2014-06-28_18-53-56_260595134347_rgbf000067-resize,-2.3004341199626275,2.3004341199626275,1.138,10.409245808146235
631785.0,2.5,-0.5342915846541513,0.5342915846541513,001571_2014-06-20_17-21-32_260595134347_rgbf000089-resize,-3.022434119962628,3.022434119962628,1.86,4.991960350191473
631785.0,2.5,-0.14212945986307396,0.14212945986307396,003070_2014-06-15_14-58-27_094959634447_rgbf000150-resize,-3.144298758338804,3.144298758338804,2.9415,10.664823740812926
631785.0,2.5,-0.5954202319874909,0.5954202319874909,000943_2014-06-09_19-31-07_260595134347_rgbf000128-resize,-3.138934119962628,3.138934119962628,1.9765,15.893099149291922
631785.0,2.5,-0.5043831477614357,0.5043831477614357,000709_2014-06-08_13-51-55_260595134347_rgbf000068-resize,-2.9654341199626275,2.9654341199626275,1.8030000000000002,14.429351101546246
631785.0,2.5,-0.8482621091373347,0.8482621091373347,000854_2014-06-09_19-43-13_260595134347_rgbf000066-resize,-3.9105556660880203,3.9105556660880203,3.068,11.910827625938722
631785.0,2.5,-0.5528507061444216,0.5528507061444216,002153_2014-06-25_21-27-18_260595134347_rgbf000038-resize,-3.34755566608802,3.34755566608802,2.505,17.28886317575377
631785.0,2.5,-0.4750575863266701,0.4750575863266701,002660_2014-06-13_15-44-18_094959634447_rgbf001878-resize,-3.778798758338804,3.778798758338804,3.576,15.11997681444361
631785.0,2.5,-0.10919899538437884,0.10919899538437884,000734_2014-06-08_17-39-11_260595134347_rgbf000128-resize,-3.661041850589589,3.661041850589589,4.098,16.052231618370055
631785.0,2.5,-1.1225589064343988,1.1225589064343988,000522_2014-06-08_13-35-06_260595134347_rgbf000244-resize,-3.853812573837236,3.853812573837236,2.3715,25.742609854068213
631785.0,2.5,-0.5508199313580154,0.5508199313580154,002949_2014-06-26_15-57-42_094959634447_rgbf000079-resize,-3.053934119962628,3.053934119962628,1.8915,17.99500168321199
631785.0,2.5,-0.2858998407157542,0.2858998407157542,000866_2014-06-09_20-45-42_260595134347_rgbf000139-resize,-3.4182987583388043,3.4182987583388043,3.2155,8.082259189449621
631785.0,2.5,-0.7350610003770851,0.7350610003770851,001555_2014-06-20_17-12-10_260595134347_rgbf000065-resize,-3.1153125738372363,3.1153125738372363,1.633,7.608284543781994
631785.0,2.5,-0.6264461506088159,0.6264461506088159,003534_2014-05-22_15-06-10_094959634447_rgbf000102-resize,-2.9083125738372355,2.9083125738372355,1.426,12.376994007247625
631785.0,2.5,-0.5683197371584414,0.5683197371584414,000773_2014-06-08_22-24-54_260595134347_rgbf000093-resize,-4.536041850589589,4.536041850589589,4.973,21.45352631724976
631785.0,2.5,-0.10559409234045454,0.10559409234045454,003292_2014-05-14_21-53-49_094959634447_rgbf000100-resize,-3.3644203044641965,3.3644203044641965,3.4815,33.084282711345374
631785.0,2.5,-0.628991737962898,0.628991737962898,000447_2014-06-08_16-15-46_260595134347_rgbf000130-resize,-4.3619203044641965,4.3619203044641965,4.479,19.081432914605553
631785.0,2.5,-0.4499346486710038,0.4499346486710038,001447_2014-06-19_17-00-32_260595134347_rgbf000082-resize,-4.020670304464197,4.020670304464197,4.13775,46.830399423560245
631785.0,2.5,-0.5790861771029442,0.5790861771029442,002758_2014-06-22_19-11-20_094959634447_rgbf000128-resize,-3.3975556660880204,3.3975556660880204,2.555,7.204478276142114
631785.0,2.5,-0.6526816215673359,0.6526816215673359,002549_2014-06-24_13-41-39_094959634447_rgbf000022-resize,-2.9583125738372362,2.9583125738372362,1.476,4.1736441355391865
631785.0,2.5,-0.1537411299750907,0.1537411299750907,002750_2014-06-22_19-08-03_094959634447_rgbf000094-resize,-2.876677212213412,2.876677212213412,2.354,8.789636111124727
631785.0,2.5,-0.9910511340419506,0.9910511340419506,001806_2014-06-26_20-50-20_260595134347_rgbf000091-resize,-3.892934119962628,3.892934119962628,2.7305,13.909869710567438
631785.0,2.5,-0.2679916575736873,0.2679916575736873,001617_2014-06-20_11-35-32_260595134347_rgbf000066-resize,-3.673920304464197,3.673920304464197,3.7910000000000004,19.974169961071475
631785.0,2.5,-1.0434540130687116,1.0434540130687116,000493_2014-06-09_21-01-18_260595134347_rgbf000196-resize,-4.282555666088021,4.282555666088021,3.44,19.629285382994567
631785.0,2.5,-0.09011516447493202,0.09011516447493202,001449_2014-06-19_17-01-27_260595134347_rgbf000116-resize,-3.3349203044641964,3.3349203044641964,3.452,8.994872108877228
631785.0,2.5,-0.6853398344849365,0.6853398344849365,002600_2014-06-24_14-27-04_094959634447_rgbf000074-resize,-3.60005566608802,3.60005566608802,2.7575,44.47386082434929
631785.0,2.5,-0.5909602019245463,0.5909602019245463,003228_2014-05-14_13-42-35_094959634447_rgbf000101-resize,-3.1304341199626275,3.1304341199626275,1.9680000000000002,14.40337638638131
631785.0,2.5,-0.5428812271801832,0.5428812271801832,000368_2014-06-09_15-53-01_260595134347_rgbf000155-resize,-3.32855566608802,3.32855566608802,2.4859999999999998,21.090700959072958
631785.0,2.5,-0.12193309565076473,0.12193309565076473,002763_2014-06-22_19-13-10_094959634447_rgbf000075-resize,-2.52630566608802,2.52630566608802,1.68375,5.5919783591245595
631785.0,2.5,-0.3177808863561004,0.3177808863561004,002209_2014-06-28_18-36-10_260595134347_rgbf000051-resize,-2.89955566608802,2.89955566608802,2.057,12.962068825921264
631785.0,2.5,-0.8110659064150165,0.8110659064150165,001828_2014-06-26_21-40-03_260595134347_rgbf000024-resize,-4.708920304464197,4.708920304464197,4.8260000000000005,35.55232951340613
631785.0,2.5,-0.7762506897819568,0.7762506897819568,001110_2014-06-15_17-25-28_260595134347_rgbf000150-resize,-3.1938125738372363,3.1938125738372363,1.7115,9.336195527413247
631785.0,2.5,-0.3970701746895937,0.3970701746895937,002570_2014-06-24_13-59-54_094959634447_rgbf000059-resize,-3.919920304464197,3.919920304464197,4.037,41.596140375002705
631785.0,2.5,-0.4203615778039057,0.4203615778039057,001810_2014-06-26_20-51-35_260595134347_rgbf000040-resize,-3.09505566608802,3.09505566608802,2.2525,22.411391411207674
631785.0,2.5,-0.4510471819738753,0.4510471819738753,002663_2014-06-13_15-50-26_094959634447_rgbf000075-resize,-4.3125418505895885,4.3125418505895885,4.7495,16.725954086732166
631785.0,2.5,-0.5906978472149598,0.5906978472149598,002875_2014-06-01_15-19-00_094959634447_rgbf000151-resize,-3.129934119962628,3.129934119962628,1.9675,11.625680938349673
631785.0,2.5,-0.3318799777834228,0.3318799777834228,001092_2014-06-15_17-34-58_260595134347_rgbf000171-resize,-3.216177212213412,3.216177212213412,2.6935,9.164038324933468
631785.0,2.5,-0.5293068451720315,0.5293068451720315,001167_2014-06-17_15-38-07_260595134347_rgbf000108-resize,-3.012934119962628,3.012934119962628,1.8505,12.019050657019696
631785.0,2.5,-0.5902412006860629,0.5902412006860629,003587_2014-05-23_16-48-02_094959634447_rgbf002384-resize,-2.839312573837236,2.839312573837236,1.357,20.788172722830538
992557.0,2.5,-0.6269568987490572,0.6269568987490572,000677_2014-06-08_23-10-32_260595134347_rgbf000158-resize,-3.921192259144605,3.921192259144605,3.556,19.65196273325612
992557.0,2.5,-0.5001083270288113,0.5001083270288113,001516_2014-06-20_16-25-09_260595134347_rgbf000076-resize,-2.9333548002514704,2.9333548002514704,1.7445,3.8622659094666254
992557.0,2.5,-0.6390252618138457,0.6390252618138457,001417_2014-06-19_16-25-36_260595134347_rgbf000115-resize,-4.4415838984066935,4.4415838984066935,4.6255,49.17091269608214
992557.0,2.5,-0.8827526477468626,0.8827526477468626,001650_2014-06-20_12-09-00_260595134347_rgbf000087-resize,-3.4139089806204246,3.4139089806204246,1.9505,47.6804595860539
992557.0,2.5,-0.3819175535726259,0.3819175535726259,001244_2014-06-17_16-47-45_260595134347_rgbf000030-resize,-2.956800619882515,2.956800619882515,2.0425,6.7629638807870815
992557.0,2.5,-0.4376679061475377,0.4376679061475377,003495_2014-05-21_16-01-51_094959634447_rgbf000100-resize,-2.8143548002514702,2.8143548002514702,1.6255,12.747278812179
992557.0,2.5,-0.20325413561673653,0.20325413561673653,000556_2014-06-09_22-42-56_260595134347_rgbf000214-resize,-4.108475537668784,4.108475537668784,4.8415,23.88242025565649
992557.0,2.5,-0.32000193495827195,0.32000193495827195,002375_2014-06-28_20-13-44_260595134347_rgbf000032-resize,-3.8335838984066943,3.8335838984066943,4.0175,48.76103649676905
992557.0,2.5,-0.3430891029778877,0.3430891029778877,002568_2014-06-24_13-59-21_094959634447_rgbf000062-resize,-3.380192259144605,3.380192259144605,3.015,29.63840999388049
992557.0,2.5,-0.1326806723144534,0.1326806723144534,001235_2014-06-17_16-37-36_260595134347_rgbf000084-resize,-3.4765838984066946,3.4765838984066946,3.6605,14.547706659434104
992557.0,2.5,-0.9740521795302448,0.9740521795302448,001094_2014-06-15_17-36-00_260595134347_rgbf000205-resize,-4.582692259144605,4.582692259144605,4.2175,17.196771274488466
992557.0,2.5,-0.5454956917870484,0.5454956917870484,000470_2014-06-09_19-42-40_260595134347_rgbf000094-resize,-3.0198548002514705,3.0198548002514705,1.831,22.486379427626872
992557.0,2.5,-0.020917473183417527,0.020917473183417527,000109_2014-05-14_23-41-52_260595134347_rgbf000035-resize,-2.2688006198825152,2.2688006198825152,1.3545,6.620498200896815
992557.0,2.5,-0.2702856014321948,0.2702856014321948,002509_2014-06-24_13-19-22_094959634447_rgbf000077-resize,-2.4953548002514703,2.4953548002514703,1.3065,40.21868783296904
992557.0,2.5,-0.7476399723104972,0.7476399723104972,003338_2014-05-20_11-01-23_094959634447_rgbf000051-resize,-3.1564089806204247,3.1564089806204247,1.693,28.251495663089063
992557.0,2.5,-0.2571241633799577,0.2571241633799577,002784_2014-06-22_19-26-30_094959634447_rgbf000083-resize,-2.7189672865492147,2.7189672865492147,1.8046666666667,3.0422522474895675
992557.0,2.5,-1.0346560245966852,1.0346560245966852,001100_2014-06-15_17-46-26_260595134347_rgbf000225-resize,-3.703408980620425,3.703408980620425,2.24,9.548860596737413
992557.0,2.5,-0.17701852538659624,0.17701852538659624,000469_2014-06-09_19-42-10_260595134347_rgbf000081-resize,-2.566300619882515,2.566300619882515,1.652,25.13136208408983
992557.0,2.5,-0.2862892387168895,0.2862892387168895,000483_2014-06-09_20-41-45_260595134347_rgbf000116-resize,-2.5258548002514702,2.5258548002514702,1.337,29.232414989368262
992557.0,2.5,-0.7465905534721544,0.7465905534721544,002964_2014-06-08_17-46-11_094959634447_rgbf000091-resize,-3.154408980620425,3.154408980620425,1.6909999999999998,28.953812917975768
992557.0,2.5,-0.3370548982335574,0.3370548982335574,002136_2014-06-25_21-18-03_260595134347_rgbf000109-resize,-2.8713006198825157,2.8713006198825157,1.9569999999999999,13.297078442475444
992557.0,2.5,-0.6757548747319022,0.6757548747319022,000457_2014-06-08_16-52-43_260595134347_rgbf000199-resize,-4.014192259144605,4.014192259144605,3.6489999999999996,14.067279821032837
992557.0,2.5,-0.09953643448909433,0.09953643448909433,002279_2014-06-28_18-55-32_260595134347_rgbf000040-resize,-2.418633953215815,2.418633953215815,1.5043333333333,15.963772282558683
992557.0,2.5,-0.03810182272092755,0.03810182272092755,003048_2014-06-15_13-49-43_094959634447_rgbf000150-resize,-3.5450297180377386,3.5450297180377386,4.0035,24.355606534500392
992557.0,2.5,-0.4619357399961032,0.4619357399961032,002725_2014-06-22_11-47-51_094959634447_rgbf000070-resize,-3.1093006198825153,3.1093006198825153,2.195,3.938570017428758
992557.0,2.5,-0.6880854532346571,0.6880854532346571,002344_2014-06-28_20-06-29_260595134347_rgbf000030-resize,-3.0429089806204246,3.0429089806204246,1.5795,37.33165518125916
992557.0,2.5,-0.03560938334405711,0.03560938334405711,001055_2014-06-08_18-45-35_260595134347_rgbf000111-resize,-2.7941922591446047,2.7941922591446047,2.4290000000000003,8.406298609581565
992557.0,2.5,-0.8252969663477094,0.8252969663477094,000549_2014-06-08_22-10-24_260595134347_rgbf000247-resize,-3.3044089806204253,3.3044089806204253,1.841,30.99307977870557
992557.0,2.5,-0.05633545182515848,0.05633545182515848,000736_2014-06-08_18-24-15_260595134347_rgbf000206-resize,-3.3310838984066944,3.3310838984066944,3.515,33.408170606136416
992557.0,2.5,-0.7476400651582393,0.7476400651582393,000137_2014-05-20_17-04-49_260595134347_rgbf000120-resize,-4.1511922591446035,4.1511922591446035,3.786,14.89611111351161
992557.0,2.5,-0.5475945758876068,0.5475945758876068,000642_2014-06-08_16-59-25_260595134347_rgbf000098-resize,-3.5212464395135603,3.5212464395135603,2.8815,31.36214301237791
992557.0,2.5,-0.906626926319114,0.906626926319114,002199_2014-06-28_18-33-56_260595134347_rgbf000074-resize,-3.4594089806204247,3.4594089806204247,1.996,17.12852126070164
992557.0,2.5,-0.40789066982155975,0.40789066982155975,000878_2014-06-08_22-52-45_260595134347_rgbf000045-resize,-3.006300619882515,3.006300619882515,2.092,5.576511521775202
992557.0,2.5,-0.6731312347883005,0.6731312347883005,002953_2014-06-08_17-32-18_094959634447_rgbf000059-resize,-3.0144089806204253,3.0144089806204253,1.551,13.905027931093345
992557.0,2.5,-0.3750963311234125,0.3750963311234125,002905_2014-06-03_18-04-43_094959634447_rgbf000151-resize,-2.943800619882515,2.943800619882515,2.0295,12.020604335789361
992557.0,2.5,-0.2499532739229069,0.2499532739229069,003129_2014-05-12_10-48-10_094959634447_rgbf000100-resize,-4.197475537668784,4.197475537668784,4.9305,17.9074543760639
992557.0,2.5,-0.438717464257508,0.438717464257508,002988_2014-06-15_12-24-20_094959634447_rgbf000150-resize,-4.30852971803774,4.30852971803774,4.7669999999999995,14.460306569198616
992557.0,2.5,-0.09017911651390698,0.09017911651390698,000810_2014-06-08_17-20-01_260595134347_rgbf000105-resize,-2.400800619882515,2.400800619882515,1.4865,3.0958890116960642
992557.0,2.5,-0.1518325196902987,0.1518325196902987,001214_2014-06-17_16-13-55_260595134347_rgbf000111-resize,-3.015692259144605,3.015692259144605,2.6505,18.479282579459067
992557.0,2.5,-0.4564262446709448,0.4564262446709448,002272_2014-06-28_18-53-56_260595134347_rgbf000067-resize,-2.6014089806204246,2.6014089806204246,1.138,10.409245808146235
992557.0,2.5,-0.2861580845740386,0.2861580845740386,001571_2014-06-20_17-21-32_260595134347_rgbf000089-resize,-2.7743006198825158,2.7743006198825158,1.86,4.991960350191473
992557.0,2.5,-0.1135288249385995,0.1135288249385995,002748_2014-06-22_19-07-22_094959634447_rgbf000078-resize,-3.9374755376687833,3.9374755376687833,4.6705,35.71435075733748
992557.0,2.5,-0.18121629358770647,0.18121629358770647,001132_2014-06-17_14-48-54_260595134347_rgbf000100-resize,-3.5690838984066944,3.5690838984066944,3.753,14.398279213278778
992557.0,2.5,-0.30452296066887435,0.30452296066887435,003070_2014-06-15_14-58-27_094959634447_rgbf000150-resize,-3.306692259144605,3.306692259144605,2.9415,10.664823740812926
992557.0,2.5,-0.34728673190737835,0.34728673190737835,000943_2014-06-09_19-31-07_260595134347_rgbf000128-resize,-2.890800619882515,2.890800619882515,1.9765,15.893099149291922
992557.0,2.5,-0.92000706293183,0.92000706293183,000854_2014-06-09_19-43-13_260595134347_rgbf000066-resize,-3.982300619882515,3.982300619882515,3.068,11.910827625938722
992557.0,2.5,-0.2890439863794706,0.2890439863794706,001136_2014-06-17_15-19-41_260595134347_rgbf000076-resize,-2.779800619882515,2.779800619882515,1.8655,18.667799879387072
992557.0,2.5,-1.3782094935865437,1.3782094935865437,000522_2014-06-08_13-35-06_260595134347_rgbf000244-resize,-4.109463160989381,4.109463160989381,2.3715,25.742609854068213
992557.0,2.5,-0.5772406116468581,0.5772406116468581,002949_2014-06-26_15-57-42_094959634447_rgbf000079-resize,-3.0803548002514702,3.0803548002514702,1.8915,17.99500168321199
992557.0,2.5,-0.7161574071602747,0.7161574071602747,001555_2014-06-20_17-12-10_260595134347_rgbf000065-resize,-3.0964089806204247,3.0964089806204247,1.633,7.608284543781994
992557.0,2.5,-0.6075425573920055,0.6075425573920055,003534_2014-05-22_15-06-10_094959634447_rgbf000102-resize,-2.8894089806204253,2.8894089806204253,1.426,12.376994007247625
992557.0,2.5,-0.058958952497142066,0.058958952497142066,002340_2014-06-28_20-05-46_260595134347_rgbf000113-resize,-2.838692259144605,2.838692259144605,2.4735,7.91768620575396
992557.0,2.5,-0.821361784975547,0.821361784975547,000773_2014-06-08_22-24-54_260595134347_rgbf000093-resize,-4.7890838984066955,4.7890838984066955,4.973,21.45352631724976
992557.0,2.5,-0.03009993444276965,0.03009993444276965,001059_2014-06-08_21-53-27_260595134347_rgbf000061-resize,-2.7836922591446047,2.7836922591446047,2.4185,8.755513319222857
992557.0,2.5,-0.7527559587832118,0.7527559587832118,001032_2014-06-08_13-23-17_260595134347_rgbf000021-resize,-3.91224643951356,3.91224643951356,3.2725,15.984983178828962
992557.0,2.5,-1.1369744077587731,1.1369744077587731,003292_2014-05-14_21-53-49_094959634447_rgbf000100-resize,-4.395800619882516,4.395800619882516,3.4815,33.084282711345374
992557.0,2.5,-0.6050503037106384,0.6050503037106384,002639_2014-06-24_14-51-37_094959634447_rgbf000074-resize,-4.128138078775649,4.128138078775649,4.0375,16.521406794569987
992557.0,2.5,-0.383098242613502,0.383098242613502,001447_2014-06-19_17-00-32_260595134347_rgbf000082-resize,-3.9538338984066943,3.9538338984066943,4.13775,46.830399423560245
992557.0,2.5,-0.6424358730384514,0.6424358730384514,000742_2014-06-08_18-48-09_260595134347_rgbf000164-resize,-4.4480838984066935,4.4480838984066935,4.632,18.91549953899407
992557.0,2.5,-0.10172277015952907,0.10172277015952907,002758_2014-06-22_19-11-20_094959634447_rgbf000128-resize,-2.920192259144605,2.920192259144605,2.555,7.204478276142114
992557.0,2.5,-0.3592238479815708,0.3592238479815708,002549_2014-06-24_13-41-39_094959634447_rgbf000022-resize,-2.6648548002514705,2.6648548002514705,1.476,4.1736441355391865
992557.0,2.5,-0.2708103572752387,0.2708103572752387,002750_2014-06-22_19-08-03_094959634447_rgbf000094-resize,-2.9937464395135605,2.9937464395135605,2.354,8.789636111124727
992557.0,2.5,-1.1138871933152807,1.1138871933152807,001199_2014-06-17_16-03-48_260595134347_rgbf000077-resize,-4.351800619882515,4.351800619882515,3.4375,28.282249848901696
992557.0,2.5,-0.036658802182400085,0.036658802182400085,000502_2014-06-08_23-02-32_260595134347_rgbf000063-resize,-2.796192259144605,2.796192259144605,2.431,13.897287578908273
992557.0,2.5,-0.7429176339618379,0.7429176339618379,001806_2014-06-26_20-50-20_260595134347_rgbf000091-resize,-3.644800619882515,3.644800619882515,2.7305,13.909869710567438
992557.0,2.5,-0.8906233818821607,0.8906233818821607,000506_2014-06-08_23-21-00_260595134347_rgbf000070-resize,-4.423692259144605,4.423692259144605,4.0585,16.716212007621664
992557.0,2.5,-0.5723871191553405,0.5723871191553405,001449_2014-06-19_17-01-27_260595134347_rgbf000116-resize,-3.817192259144605,3.817192259144605,3.452,8.994872108877228
992557.0,2.5,-0.5909706009629067,0.5909706009629067,001450_2014-06-19_17-02-03_260595134347_rgbf000203-resize,-4.1013047454423495,4.1013047454423495,4.0106666666667,12.34882649363641
992557.0,2.5,-0.34282670184443365,0.34282670184443365,003228_2014-05-14_13-42-35_094959634447_rgbf000101-resize,-2.882300619882515,2.882300619882515,1.9680000000000002,14.40337638638131
992557.0,2.5,-0.7427864101831699,0.7427864101831699,002763_2014-06-22_19-13-10_094959634447_rgbf000075-resize,-3.1471589806204245,3.1471589806204245,1.68375,5.5919783591245595
992557.0,2.5,-0.6640800205195511,0.6640800205195511,002209_2014-06-28_18-36-10_260595134347_rgbf000051-resize,-3.2458548002514704,3.2458548002514704,2.057,12.962068825921264
992557.0,2.5,-0.8050957001335194,0.8050957001335194,000906_2014-06-08_13-35-43_260595134347_rgbf000155-resize,-3.763300619882515,3.763300619882515,2.8489999999999998,16.12201726422563
992557.0,2.5,-0.13622243768191622,0.13622243768191622,002805_2014-06-22_19-54-03_094959634447_rgbf000079-resize,-3.234638078775649,3.234638078775649,3.1439999999999997,7.377848172936663
992557.0,2.5,-0.16652438342706527,0.16652438342706527,000927_2014-06-09_16-32-30_260595134347_rgbf000123-resize,-3.043692259144605,3.043692259144605,2.6785,11.715239650325241
992557.0,2.5,-0.4921065315984009,0.4921065315984009,001810_2014-06-26_20-51-35_260595134347_rgbf000040-resize,-3.166800619882515,3.166800619882515,2.2525,22.411391411207674
992557.0,2.5,-0.7200928206517985,0.7200928206517985,000409_2014-06-04_19-23-33_260595134347_rgbf000067-resize,-4.098692259144603,4.098692259144603,3.7335,12.696549983566419
992557.0,2.5,-0.33325077815651616,0.33325077815651616,001011_2014-06-08_23-18-54_260595134347_rgbf000044-resize,-3.11274643951356,3.11274643951356,2.4730000000000003,11.624075606213012
992557.0,2.5,-0.3425643471348471,0.3425643471348471,002875_2014-06-01_15-19-00_094959634447_rgbf000151-resize,-2.8818006198825152,2.8818006198825152,1.9675,11.625680938349673
992557.0,2.5,-0.7235033854525258,0.7235033854525258,001092_2014-06-15_17-34-58_260595134347_rgbf000171-resize,-3.6078006198825143,3.6078006198825143,2.6935,9.164038324933468
992557.0,2.5,-0.317903004433843,0.317903004433843,002545_2014-06-24_13-38-53_094959634447_rgbf000080-resize,-2.834800619882515,2.834800619882515,1.9205,12.083824048628237
992557.0,2.5,-0.8302817058298289,0.8302817058298289,001167_2014-06-17_15-38-07_260595134347_rgbf000108-resize,-3.3139089806204254,3.3139089806204254,1.8505,12.019050657019696
992557.0,2.5,-0.7086146976537304,0.7086146976537304,003587_2014-05-23_16-48-02_094959634447_rgbf002384-resize,-2.9576860708049035,2.9576860708049035,1.357,20.788172722830538
186345.0,2.5,-0.3255627040005635,0.3255627040005635,001808_2014-06-26_20-50-58_260595134347_rgbf000029-resize,-3.949174436911041,3.949174436911041,4.249,20.030651550568866
186345.0,2.5,-1.2070928661148788,1.2070928661148788,001417_2014-06-19_16-25-36_260595134347_rgbf000115-resize,-5.009651502707729,5.009651502707729,4.6255,49.17091269608214
186345.0,2.5,-1.1714493014275371,1.1714493014275371,001650_2014-06-20_12-09-00_260595134347_rgbf000087-resize,-3.7026056343010993,3.7026056343010993,1.9505,47.6804595860539
186345.0,2.5,-0.4737931149161889,0.4737931149161889,001158_2014-06-17_15-32-16_260595134347_rgbf000138-resize,-4.2316744369110415,4.2316744369110415,4.5315,26.954451973303737
186345.0,2.5,-0.6364530348589945,0.6364530348589945,000556_2014-06-09_22-42-56_260595134347_rgbf000214-resize,-4.541674436911042,4.541674436911042,4.8415,23.88242025565649
186345.0,2.5,-0.8880695392593051,0.8880695392593051,002375_2014-06-28_20-13-44_260595134347_rgbf000032-resize,-4.401651502707729,4.401651502707729,4.0175,48.76103649676905
186345.0,2.5,-0.016771210818800675,0.016771210818800675,001235_2014-06-17_16-37-36_260595134347_rgbf000084-resize,-3.360674436911041,3.360674436911041,3.6605,14.547706659434104
186345.0,2.5,-0.30903435729668177,0.30903435729668177,001094_2014-06-15_17-36-00_260595134347_rgbf000205-resize,-3.917674436911042,3.917674436911042,4.2175,17.196771274488466
186345.0,2.5,-0.4247694600399914,0.4247694600399914,000470_2014-06-09_19-42-40_260595134347_rgbf000094-resize,-2.899128568504413,2.899128568504413,1.831,22.486379427626872
186345.0,2.5,-1.5426995533986878,1.5426995533986878,000109_2014-05-14_23-41-52_260595134347_rgbf000035-resize,-3.7905827000977856,3.7905827000977856,1.3545,6.620498200896815
186345.0,2.5,-2.4628833093919145,2.4628833093919145,002784_2014-06-22_19-26-30_094959634447_rgbf000083-resize,-4.924726432561172,4.924726432561172,1.8046666666667,3.0422522474895675
186345.0,2.5,-2.4609226990387048,2.4609226990387048,002039_2014-06-24_20-22-38_260595134347_rgbf000084-resize,-6.160105634301099,6.160105634301099,4.408,15.524303639345458
186345.0,2.5,-2.3019357450300864,2.3019357450300864,002103_2014-06-25_20-00-40_260595134347_rgbf000049-resize,-5.8571056343010985,5.8571056343010985,4.105,11.598018874569219
186345.0,2.5,-0.6794975451390864,0.6794975451390864,002213_2014-06-28_18-37-58_260595134347_rgbf000055-resize,-4.004151502707728,4.004151502707728,3.62,11.387296889913552
186345.0,2.5,-1.6431447313535792,1.6431447313535792,000691_2014-06-08_13-08-50_260595134347_rgbf000132-resize,-5.2211285685044135,5.2211285685044135,4.1530000000000005,14.740846212587924
186345.0,2.5,-0.968893127719656,0.968893127719656,000929_2014-06-09_16-33-19_260595134347_rgbf000139-resize,-3.9361285685044134,3.9361285685044134,2.8680000000000003,19.501338012209015
186345.0,2.5,-0.010737052498339172,0.010737052498339172,000457_2014-06-08_16-52-43_260595134347_rgbf000199-resize,-3.3491744369110417,3.3491744369110417,3.6489999999999996,14.067279821032837
186345.0,2.5,-0.18625235321082706,0.18625235321082706,003621_2014-05-23_18-06-08_094959634447_rgbf000101-resize,-3.6836744369110415,3.6836744369110415,3.9835,23.07176470133362
186345.0,2.5,-0.25336438311099274,0.25336438311099274,002279_2014-06-28_18-55-32_260595134347_rgbf000040-resize,-2.572461901837713,2.572461901837713,1.5043333333333,15.963772282558683
186345.0,2.5,-0.5522738488983943,0.5522738488983943,000635_2014-06-08_16-38-42_260595134347_rgbf000106-resize,-3.1421285685044134,3.1421285685044134,2.074,10.796976226722654
186345.0,2.5,-0.19674654159423016,0.19674654159423016,003048_2014-06-15_13-49-43_094959634447_rgbf000150-resize,-3.7036744369110415,3.7036744369110415,4.0035,24.355606534500392
186345.0,2.5,-0.9767821069153312,0.9767821069153312,002344_2014-06-28_20-06-29_260595134347_rgbf000030-resize,-3.3316056343011,3.3316056343011,1.5795,37.33165518125916
186345.0,2.5,-1.7979706858250697,1.7979706858250697,000549_2014-06-08_22-10-24_260595134347_rgbf000247-resize,-4.277082700097785,4.277082700097785,1.841,30.99307977870557
186345.0,2.5,-2.134553440314734,2.134553440314734,000137_2014-05-20_17-04-49_260595134347_rgbf000120-resize,-5.5381056343011,5.5381056343011,3.786,14.89611111351161
186345.0,2.5,-0.14034027903341711,0.14034027903341711,002425_2014-06-28_20-27-29_260595134347_rgbf000031-resize,-3.596174436911041,3.596174436911041,3.8960000000000004,8.40495801096819
186345.0,2.5,-1.545042407876838,1.545042407876838,001056_2014-06-08_18-46-44_260595134347_rgbf000068-resize,-4.4146056343011,4.4146056343011,2.6625,11.38594592369452
186345.0,2.5,-1.1953235799997883,1.1953235799997883,002199_2014-06-28_18-33-56_260595134347_rgbf000074-resize,-3.748105634301099,3.748105634301099,1.996,17.12852126070164
186345.0,2.5,-0.9767454310991012,0.9767454310991012,000917_2014-06-09_22-45-29_260595134347_rgbf000149-resize,-4.570651502707729,4.570651502707729,4.1865,9.740561609074897
186345.0,2.5,-0.05376322487030655,0.05376322487030655,002323_2014-06-28_20-01-54_260595134347_rgbf000051-resize,-3.431174436911041,3.431174436911041,3.7310000000000003,18.09172628388976
186345.0,2.5,-0.9618278884689748,0.9618278884689748,002953_2014-06-08_17-32-18_094959634447_rgbf000059-resize,-3.3031056343010987,3.3031056343010987,1.551,13.905027931093345
186345.0,2.5,-0.5973621831308107,0.5973621831308107,002988_2014-06-15_12-24-20_094959634447_rgbf000150-resize,-4.4671744369110415,4.4671744369110415,4.7669999999999995,14.460306569198616
186345.0,2.5,-0.2497421929304361,0.2497421929304361,001052_2014-06-08_18-24-54_260595134347_rgbf000130-resize,-3.8046744369110415,3.8046744369110415,4.1045,25.87613690895519
186345.0,2.5,-0.06114583255493322,0.06114583255493322,002272_2014-06-28_18-53-56_260595134347_rgbf000067-resize,-2.2061285685044134,2.2061285685044134,1.138,10.409245808146235
186345.0,2.5,-0.439986033195937,0.439986033195937,001571_2014-06-20_17-21-32_260595134347_rgbf000089-resize,-2.9281285685044134,2.9281285685044134,1.86,4.991960350191473
186345.0,2.5,-0.9158791384753334,0.9158791384753334,000436_2014-06-09_22-25-11_260595134347_rgbf000137-resize,-4.454651502707729,4.454651502707729,4.0705,20.69156545677159
186345.0,2.5,-0.39902202268441095,0.39902202268441095,002444_2014-06-28_20-32-08_260595134347_rgbf000027-resize,-4.0891744369110405,4.0891744369110405,4.388999999999999,17.102760279009576
186345.0,2.5,-0.9898631665783536,0.9898631665783536,001133_2014-06-17_14-49-16_260595134347_rgbf000100-resize,-4.595651502707729,4.595651502707729,4.2115,26.759918254713728
186345.0,2.5,-0.32348220423199725,0.32348220423199725,003070_2014-06-15_14-58-27_094959634447_rgbf000150-resize,-3.325651502707728,3.325651502707728,2.9415,10.664823740812926
186345.0,2.5,-1.9220461255507328,1.9220461255507328,000758_2014-06-08_22-05-08_260595134347_rgbf000085-resize,-5.133105634301098,5.133105634301098,3.3810000000000002,11.91317737826679
186345.0,2.5,-0.3898579457570425,0.3898579457570425,000854_2014-06-09_19-43-13_260595134347_rgbf000066-resize,-3.452151502707728,3.452151502707728,3.068,11.910827625938722
186345.0,2.5,-0.2463315817058317,0.2463315817058317,000734_2014-06-08_17-39-11_260595134347_rgbf000128-resize,-3.7981744369110415,3.7981744369110415,4.098,16.052231618370055
186345.0,2.5,-0.024397835304890925,0.024397835304890925,000522_2014-06-08_13-35-06_260595134347_rgbf000244-resize,-2.755651502707728,2.755651502707728,2.3715,25.742609854068213
186345.0,2.5,-0.8962392110726798,0.8962392110726798,003534_2014-05-22_15-06-10_094959634447_rgbf000102-resize,-3.1781056343010987,3.1781056343010987,1.426,12.376994007247625
186345.0,2.5,-1.38942938927658,1.38942938927658,000773_2014-06-08_22-24-54_260595134347_rgbf000093-resize,-5.357151502707729,5.357151502707729,4.973,21.45352631724976
186345.0,2.5,-0.3853795777859849,0.3853795777859849,002414_2014-06-28_20-24-58_260595134347_rgbf000067-resize,-4.0631744369110425,4.0631744369110425,4.363,31.720662178139435
186345.0,2.5,-0.04905917800589255,0.04905917800589255,001059_2014-06-08_21-53-27_260595134347_rgbf000061-resize,-2.8026515027077274,2.8026515027077274,2.4185,8.755513319222857
186345.0,2.5,-0.4971610219773793,0.4971610219773793,001032_2014-06-08_13-23-17_260595134347_rgbf000021-resize,-3.656651502707728,3.656651502707728,3.2725,15.984983178828962
186345.0,2.5,-0.6068252905839858,0.6068252905839858,003292_2014-05-14_21-53-49_094959634447_rgbf000100-resize,-3.865651502707728,3.865651502707728,3.4815,33.084282711345374
186345.0,2.5,-0.8985637276427166,0.8985637276427166,002639_2014-06-24_14-51-37_094959634447_rgbf000074-resize,-4.4216515027077286,4.4216515027077286,4.0375,16.521406794569987
186345.0,2.5,-0.9511658469145352,0.9511658469145352,001447_2014-06-19_17-00-32_260595134347_rgbf000082-resize,-4.5219015027077285,4.5219015027077285,4.13775,46.830399423560245
186345.0,2.5,-1.0431395105322656,1.0431395105322656,002630_2014-06-24_14-47-50_094959634447_rgbf000055-resize,-4.077628568504413,4.077628568504413,3.0095,10.661401196716628
186345.0,2.5,-0.8046590795193378,0.8046590795193378,002758_2014-06-22_19-11-20_094959634447_rgbf000128-resize,-3.6231285685044137,3.6231285685044137,2.555,7.204478276142114
186345.0,2.5,-0.015215420469406271,0.015215420469406271,002750_2014-06-22_19-08-03_094959634447_rgbf000094-resize,-2.738151502707728,2.738151502707728,2.354,8.789636111124727
186345.0,2.5,-0.26863173202056484,0.26863173202056484,003083_2014-06-15_15-21-03_094959634447_rgbf000063-resize,-3.840674436911042,3.840674436911042,4.1405,19.172834459547143
186345.0,2.5,-0.21276851678705044,0.21276851678705044,001806_2014-06-26_20-50-20_260595134347_rgbf000091-resize,-3.114651502707728,3.114651502707728,2.7305,13.909869710567438
186345.0,2.5,-0.08524579002053273,0.08524579002053273,001617_2014-06-20_11-35-32_260595134347_rgbf000066-resize,-3.4911744369110416,3.4911744369110416,3.7910000000000004,19.974169961071475
186345.0,2.5,-0.9095826254452836,0.9095826254452836,000506_2014-06-08_23-21-00_260595134347_rgbf000070-resize,-4.4426515027077285,4.4426515027077285,4.0585,16.716212007621664
186345.0,2.5,-0.2899008014050898,0.2899008014050898,003079_2014-06-15_15-18-20_094959634447_rgbf000152-resize,-3.2616515027077275,3.2616515027077275,2.8775,9.032134209869396
186345.0,2.5,-0.08447706379989095,0.08447706379989095,000368_2014-06-09_15-53-01_260595134347_rgbf000155-resize,-2.8701515027077282,2.8701515027077282,2.4859999999999998,21.090700959072958
186345.0,2.5,-0.3475059980671583,0.3475059980671583,002763_2014-06-22_19-13-10_094959634447_rgbf000075-resize,-2.751878568504414,2.751878568504414,1.68375,5.5919783591245595
186345.0,2.5,-1.22733085456918,1.22733085456918,002209_2014-06-28_18-36-10_260595134347_rgbf000051-resize,-3.8091056343010994,3.8091056343010994,2.057,12.962068825921264
186345.0,2.5,-0.6283200388618619,0.6283200388618619,001828_2014-06-26_21-40-03_260595134347_rgbf000024-resize,-4.526174436911043,4.526174436911043,4.8260000000000005,35.55232951340613
186345.0,2.5,-0.274946582958732,0.274946582958732,000906_2014-06-08_13-35-43_260595134347_rgbf000155-resize,-3.233151502707728,3.233151502707728,2.8489999999999998,16.12201726422563
186345.0,2.5,-0.4297358616139945,0.4297358616139945,002805_2014-06-22_19-54-03_094959634447_rgbf000079-resize,-3.528151502707728,3.528151502707728,3.1439999999999997,7.377848172936663
186345.0,2.5,-0.8983013729331251,0.8983013729331251,002570_2014-06-24_13-59-54_094959634447_rgbf000059-resize,-4.421151502707729,4.421151502707729,4.037,41.596140375002705
186345.0,2.5,-0.5842444476515423,0.5842444476515423,002467_2014-06-28_20-38-07_260595134347_rgbf000026-resize,-4.442174436911042,4.442174436911042,4.742,15.331046216195933
186345.0,2.5,-1.3299115460169852,1.3299115460169852,001810_2014-06-26_20-51-35_260595134347_rgbf000040-resize,-4.0046056343010985,4.0046056343010985,2.2525,22.411391411207674
186345.0,2.5,-0.05507499841823543,0.05507499841823543,000409_2014-06-04_19-23-33_260595134347_rgbf000067-resize,-3.433674436911041,3.433674436911041,3.7335,12.696549983566419
186345.0,2.5,-0.1933542682777384,0.1933542682777384,001092_2014-06-15_17-34-58_260595134347_rgbf000171-resize,-3.077651502707728,3.077651502707728,2.6935,9.164038324933468
186345.0,2.5,-1.8029554253071889,1.8029554253071889,001167_2014-06-17_15-38-07_260595134347_rgbf000108-resize,-4.286582700097785,4.286582700097785,1.8505,12.019050657019696
186345.0,2.5,-1.5440113269466127,1.5440113269466127,003587_2014-05-23_16-48-02_094959634447_rgbf002384-resize,-3.793082700097785,3.793082700097785,1.357,20.788172722830538
303730.0,2.5,-0.32973536947313964,0.32973536947313964,001029_2014-06-08_13-17-57_260595134347_rgbf000065-resize,-3.3993959304266803,3.3993959304266803,3.0835,18.209734661918688
303730.0,2.5,-0.5776605700311327,0.5776605700311327,000677_2014-06-08_23-10-32_260595134347_rgbf000158-resize,-3.871895930426681,3.871895930426681,3.556,19.65196273325612
303730.0,2.5,-1.6048619832751712,1.6048619832751712,001417_2014-06-19_16-25-36_260595134347_rgbf000115-resize,-5.40742061986802,5.40742061986802,4.6255,49.17091269608214
303730.0,2.5,-0.7647194779653738,0.7647194779653738,003081_2014-06-15_15-19-16_094959634447_rgbf000150-resize,-4.2283959304266805,4.2283959304266805,3.9125,16.632991649560594
303730.0,2.5,-0.80685188962616,0.80685188962616,000682_2014-06-08_23-14-58_260595134347_rgbf000041-resize,-3.7056454867714512,3.7056454867714512,2.7239999999999998,8.707843071693064
303730.0,2.5,-1.0667387102426595,1.0667387102426595,001650_2014-06-20_12-09-00_260595134347_rgbf000087-resize,-3.5978950431162215,3.5978950431162215,1.9505,47.6804595860539
303730.0,2.5,-0.4492624204615617,0.4492624204615617,001244_2014-06-17_16-47-45_260595134347_rgbf000030-resize,-3.0241454867714515,3.0241454867714515,2.0425,6.7629638807870815
303730.0,2.5,-0.3636085039364725,0.3636085039364725,003495_2014-05-21_16-01-51_094959634447_rgbf000100-resize,-2.740295398040405,2.740295398040405,1.6255,12.747278812179
303730.0,2.5,-1.0895146084318277,1.0895146084318277,001158_2014-06-17_15-32-16_260595134347_rgbf000138-resize,-4.84739593042668,4.84739593042668,4.5315,26.954451973303737
303730.0,2.5,-1.5850493065470186,1.5850493065470186,000556_2014-06-09_22-42-56_260595134347_rgbf000214-resize,-5.490270708599065,5.490270708599065,4.8415,23.88242025565649
303730.0,2.5,-0.3158305698651257,0.3158305698651257,000665_2014-06-09_20-42-35_260595134347_rgbf000110-resize,-3.3728959304266803,3.3728959304266803,3.057,18.49880761375764
303730.0,2.5,-1.1526887451506431,1.1526887451506431,002375_2014-06-28_20-13-44_260595134347_rgbf000032-resize,-4.6662707085990665,4.6662707085990665,4.0175,48.76103649676905
303730.0,2.5,-0.2937927742599632,0.2937927742599632,002568_2014-06-24_13-59-21_094959634447_rgbf000062-resize,-3.3308959304266805,3.3308959304266805,3.015,29.63840999388049
303730.0,2.5,-0.8737425482614309,0.8737425482614309,000788_2014-06-08_22-34-36_260595134347_rgbf000131-resize,-4.074345664233543,4.074345664233543,3.359,21.46386213810664
303730.0,2.5,-0.6324927043344392,0.6324927043344392,001235_2014-06-17_16-37-36_260595134347_rgbf000084-resize,-3.97639593042668,3.97639593042668,3.6605,14.547706659434104
303730.0,2.5,-0.13856151140359785,0.13856151140359785,000470_2014-06-09_19-42-40_260595134347_rgbf000094-resize,-2.61292061986802,2.61292061986802,1.831,22.486379427626872
303730.0,2.5,-0.6208619851481698,0.6208619851481698,000109_2014-05-14_23-41-52_260595134347_rgbf000035-resize,-2.8687451318472674,2.8687451318472674,1.3545,6.620498200896815
303730.0,2.5,-0.5987512566339084,0.5987512566339084,003338_2014-05-20_11-01-23_094959634447_rgbf000051-resize,-3.007520264943836,3.007520264943836,1.693,28.251495663089063
303730.0,2.5,-0.5528925307477109,0.5528925307477109,001100_2014-06-15_17-46-26_260595134347_rgbf000225-resize,-3.2216454867714512,3.2216454867714512,2.24,9.548860596737413
303730.0,2.5,-0.2648270596231802,0.2648270596231802,002964_2014-06-08_17-46-11_094959634447_rgbf000091-resize,-2.6726454867714513,2.6726454867714513,1.6909999999999998,28.953812917975768
303730.0,2.5,-0.2712498538535392,0.2712498538535392,002136_2014-06-25_21-18-03_260595134347_rgbf000109-resize,-2.805495575502497,2.805495575502497,1.9569999999999999,13.297078442475444
303730.0,2.5,-1.0247129951642862,1.0247129951642862,002039_2014-06-24_20-22-38_260595134347_rgbf000084-resize,-4.723895930426679,4.723895930426679,4.408,15.524303639345458
303730.0,2.5,-0.1999764848108967,0.1999764848108967,002103_2014-06-25_20-00-40_260595134347_rgbf000049-resize,-3.75514637408191,3.75514637408191,4.105,11.598018874569219
303730.0,2.5,-0.8909120932758458,0.8909120932758458,000691_2014-06-08_13-08-50_260595134347_rgbf000132-resize,-4.4688959304266795,4.4688959304266795,4.1530000000000005,14.740846212587924
303730.0,2.5,-0.15008553400744576,0.15008553400744576,000929_2014-06-09_16-33-19_260595134347_rgbf000139-resize,-3.117320974792204,3.117320974792204,2.8680000000000003,19.501338012209015
303730.0,2.5,-0.16688130137803014,0.16688130137803014,002279_2014-06-28_18-55-32_260595134347_rgbf000040-resize,-2.485978820104751,2.485978820104751,1.5043333333333,15.963772282558683
303730.0,2.5,-0.07065519760329961,0.07065519760329961,002043_2014-06-24_20-29-38_260595134347_rgbf000039-resize,-3.026246019157726,3.026246019157726,2.8435,8.475049543704081
303730.0,2.5,-0.14671847876509814,0.14671847876509814,003048_2014-06-15_13-49-43_094959634447_rgbf000150-resize,-3.6536463740819096,3.6536463740819096,4.0035,24.355606534500392
303730.0,2.5,-0.4060468262891139,0.4060468262891139,002344_2014-06-28_20-06-29_260595134347_rgbf000030-resize,-2.760870353674882,2.760870353674882,1.5795,37.33165518125916
303730.0,2.5,-0.8761331175745517,0.8761331175745517,000549_2014-06-08_22-10-24_260595134347_rgbf000247-resize,-3.355245131847268,3.355245131847268,1.841,30.99307977870557
303730.0,2.5,-1.2218970401899147,1.2218970401899147,000736_2014-06-08_18-24-15_260595134347_rgbf000206-resize,-4.496645486771452,4.496645486771452,3.515,33.408170606136416
303730.0,2.5,-0.8894936231454976,0.8894936231454976,000642_2014-06-08_16-59-25_260595134347_rgbf000098-resize,-3.8631454867714514,3.8631454867714514,2.8815,31.36214301237791
303730.0,2.5,-0.10883270400241872,0.10883270400241872,001056_2014-06-08_18-46-44_260595134347_rgbf000068-resize,-2.9783959304266805,2.9783959304266805,2.6625,11.38594592369452
303730.0,2.5,-0.29171352120118577,0.29171352120118577,002199_2014-06-28_18-33-56_260595134347_rgbf000074-resize,-2.844495575502497,2.844495575502497,1.996,17.12852126070164
303730.0,2.5,-0.003735162041174522,0.003735162041174522,002323_2014-06-28_20-01-54_260595134347_rgbf000051-resize,-3.3811463740819097,3.3811463740819097,3.7310000000000003,18.09172628388976
303730.0,2.5,-0.44244119801234827,0.44244119801234827,002905_2014-06-03_18-04-43_094959634447_rgbf000151-resize,-3.011145486771451,3.011145486771451,2.0295,12.020604335789361
303730.0,2.5,-1.7525339210983202,1.7525339210983202,003423_2014-05-21_10-23-26_094959634447_rgbf002665-resize,-4.9048950431162215,4.9048950431162215,3.2575,35.43119222475438
303730.0,2.5,-0.7662740216049871,0.7662740216049871,003129_2014-05-12_10-48-10_094959634447_rgbf000100-resize,-4.713796285350863,4.713796285350863,4.9305,17.9074543760639
303730.0,2.5,-0.020628173290589302,0.020628173290589302,001571_2014-06-20_17-21-32_260595134347_rgbf000089-resize,-2.508770708599066,2.508770708599066,1.86,4.991960350191473
303730.0,2.5,-1.254482372469692,1.254482372469692,001133_2014-06-17_14-49-16_260595134347_rgbf000100-resize,-4.8602707085990655,4.8602707085990655,4.2115,26.759918254713728
303730.0,2.5,-0.8807531925111234,0.8807531925111234,001132_2014-06-17_14-48-54_260595134347_rgbf000100-resize,-4.268620797330112,4.268620797330112,3.753,14.398279213278778
303730.0,2.5,-0.25522663195094986,0.25522663195094986,003070_2014-06-15_14-58-27_094959634447_rgbf000150-resize,-3.2573959304266804,3.2573959304266804,2.9415,10.664823740812926
303730.0,2.5,-0.3526865104073593,0.3526865104073593,000758_2014-06-08_22-05-08_260595134347_rgbf000085-resize,-3.5637460191577257,3.5637460191577257,3.3810000000000002,11.91317737826679
303730.0,2.5,-0.7210521072828575,0.7210521072828575,000854_2014-06-09_19-43-13_260595134347_rgbf000066-resize,-3.783345664233543,3.783345664233543,3.068,11.910827625938722
303730.0,2.5,-0.8583779159140454,0.8583779159140454,002153_2014-06-25_21-27-18_260595134347_rgbf000038-resize,-3.653082875857644,3.653082875857644,2.505,17.28886317575377
303730.0,2.5,-1.2539043147593167,1.2539043147593167,002660_2014-06-13_15-44-18_094959634447_rgbf001878-resize,-4.5576454867714515,4.5576454867714515,3.576,15.11997681444361
303730.0,2.5,-0.355591996830706,0.355591996830706,000522_2014-06-08_13-35-06_260595134347_rgbf000244-resize,-3.0868456642335427,3.0868456642335427,2.3715,25.742609854068213
303730.0,2.5,-0.37003129816683855,0.37003129816683855,002949_2014-06-26_15-57-42_094959634447_rgbf000079-resize,-2.8731454867714508,2.8731454867714508,1.8915,17.99500168321199
303730.0,2.5,-0.23439391331130044,0.23439391331130044,001555_2014-06-20_17-12-10_260595134347_rgbf000065-resize,-2.614645486771451,2.614645486771451,1.633,7.608284543781994
303730.0,2.5,-0.7915286198878024,0.7915286198878024,003534_2014-05-22_15-06-10_094959634447_rgbf000102-resize,-3.0733950431162222,3.0733950431162222,1.426,12.376994007247625
303730.0,2.5,-0.09172629958816814,0.09172629958816814,002637_2014-06-24_14-51-13_094959634447_rgbf000066-resize,-2.6442707085990658,2.6442707085990658,1.9955,10.972027795242447
303730.0,2.5,-0.8551491275541934,0.8551491275541934,000773_2014-06-08_22-24-54_260595134347_rgbf000093-resize,-4.822871240985341,4.822871240985341,4.973,21.45352631724976
303730.0,2.5,-0.6682262931292384,0.6682262931292384,002414_2014-06-28_20-24-58_260595134347_rgbf000067-resize,-4.346021152254297,4.346021152254297,4.363,31.720662178139435
303730.0,2.5,-1.0946550060411029,1.0946550060411029,001032_2014-06-08_13-23-17_260595134347_rgbf000021-resize,-4.254145486771451,4.254145486771451,3.2725,15.984983178828962
303730.0,2.5,-0.5385697183029384,0.5385697183029384,003292_2014-05-14_21-53-49_094959634447_rgbf000100-resize,-3.79739593042668,3.79739593042668,3.4815,33.084282711345374
303730.0,2.5,-0.6971582440927151,0.6971582440927151,002639_2014-06-24_14-51-37_094959634447_rgbf000074-resize,-4.2202460191577265,4.2202460191577265,4.0375,16.521406794569987
303730.0,2.5,-0.05704651637817415,0.05704651637817415,001570_2014-06-20_17-21-09_260595134347_rgbf000135-resize,-3.784271595909524,3.784271595909524,4.467,22.179510675592084
303730.0,2.5,-0.06334302940822578,0.06334302940822578,000447_2014-06-08_16-15-46_260595134347_rgbf000130-resize,-3.796271595909524,3.796271595909524,4.479,19.081432914605553
303730.0,2.5,-0.2671392904646948,0.2671392904646948,001066_2014-06-08_22-03-20_260595134347_rgbf000066-resize,-3.8831463740819103,3.8831463740819103,4.2330000000000005,19.743449467077777
303730.0,2.5,-0.4764983487136667,0.4764983487136667,000742_2014-06-08_18-48-09_260595134347_rgbf000164-resize,-4.2821463740819095,4.2821463740819095,4.632,18.91549953899407
303730.0,2.5,-0.052426441441604583,0.052426441441604583,002758_2014-06-22_19-11-20_094959634447_rgbf000128-resize,-2.870895930426681,2.870895930426681,2.555,7.204478276142114
303730.0,2.5,-0.6531120298092462,0.6531120298092462,000502_2014-06-08_23-02-32_260595134347_rgbf000063-resize,-3.412645486771451,3.412645486771451,2.431,13.897287578908273
303730.0,2.5,-0.5439626783128655,0.5439626783128655,001806_2014-06-26_20-50-20_260595134347_rgbf000091-resize,-3.4458456642335427,3.4458456642335427,2.7305,13.909869710567438
303730.0,2.5,-0.7009672835361712,0.7009672835361712,001617_2014-06-20_11-35-32_260595134347_rgbf000066-resize,-4.10689593042668,4.10689593042668,3.7910000000000004,19.974169961071475
303730.0,2.5,-0.8413270531642362,0.8413270531642362,000506_2014-06-08_23-21-00_260595134347_rgbf000070-resize,-4.37439593042668,4.37439593042668,4.0585,16.716212007621664
303730.0,2.5,-0.023778623178838137,0.023778623178838137,001449_2014-06-19_17-01-27_260595134347_rgbf000116-resize,-3.2685837631681025,3.2685837631681025,3.452,8.994872108877228
303730.0,2.5,-0.150478896269167,0.150478896269167,001450_2014-06-19_17-02-03_260595134347_rgbf000203-resize,-3.66081304074861,3.66081304074861,4.0106666666667,12.34882649363641
303730.0,2.5,-0.8244296551683675,0.8244296551683675,002600_2014-06-24_14-27-04_094959634447_rgbf000074-resize,-3.7391454867714513,3.7391454867714513,2.7575,44.47386082434929
303730.0,2.5,-0.4101715687333695,0.4101715687333695,003228_2014-05-14_13-42-35_094959634447_rgbf000101-resize,-2.9496454867714514,2.9496454867714514,1.9680000000000002,14.40337638638131
303730.0,2.5,-0.6819710478636142,0.6819710478636142,000368_2014-06-09_15-53-01_260595134347_rgbf000155-resize,-3.4676454867714512,3.4676454867714512,2.4859999999999998,21.090700959072958
303730.0,2.5,-0.5782919760327299,0.5782919760327299,001828_2014-06-26_21-40-03_260595134347_rgbf000024-resize,-4.47614637408191,4.47614637408191,4.8260000000000005,35.55232951340613
303730.0,2.5,-0.963195711921032,0.963195711921032,002570_2014-06-24_13-59-54_094959634447_rgbf000059-resize,-4.486045841695635,4.486045841695635,4.037,41.596140375002705
303730.0,2.5,-0.8670911629947957,0.8670911629947957,002467_2014-06-28_20-38-07_260595134347_rgbf000026-resize,-4.725021152254294,4.725021152254294,4.742,15.331046216195933
303730.0,2.5,-0.22657662031495165,0.22657662031495165,001810_2014-06-26_20-51-35_260595134347_rgbf000040-resize,-2.9012707085990663,2.9012707085990663,2.2525,22.411391411207674
303730.0,2.5,-0.6707964919338739,0.6707964919338739,000409_2014-06-04_19-23-33_260595134347_rgbf000067-resize,-4.04939593042668,4.04939593042668,3.7335,12.696549983566419
303730.0,2.5,-0.009400269069636312,0.009400269069636312,001011_2014-06-08_23-18-54_260595134347_rgbf000044-resize,-2.7888959304266807,2.7888959304266807,2.4730000000000003,11.624075606213012
303730.0,2.5,-0.125098695996691,0.125098695996691,001092_2014-06-15_17-34-58_260595134347_rgbf000171-resize,-3.0093959304266806,3.0093959304266806,2.6935,9.164038324933468
303730.0,2.5,-0.34851821198085464,0.34851821198085464,001167_2014-06-17_15-38-07_260595134347_rgbf000108-resize,-2.8321454867714513,2.8321454867714513,1.8505,12.019050657019696
303730.0,2.5,-0.08957411362027823,0.08957411362027823,003587_2014-05-23_16-48-02_094959634447_rgbf002384-resize,-2.3386454867714512,2.3386454867714512,1.357,20.788172722830538
290930.0,2.5,-0.1121930296103974,0.1121930296103974,001815_2014-06-26_20-52-55_260595134347_rgbf000020-resize,-3.325866636555316,3.325866636555316,3.3865,18.626322656731816
290930.0,2.5,-0.18816035894992936,0.18816035894992936,001029_2014-06-08_13-17-57_260595134347_rgbf000065-resize,-3.2578209199034704,3.2578209199034704,3.0835,18.209734661918688
290930.0,2.5,-0.20113127615976828,0.20113127615976828,000677_2014-06-08_23-10-32_260595134347_rgbf000158-resize,-3.495366636555316,3.495366636555316,3.556,19.65196273325612
290930.0,2.5,-0.190437296725274,0.190437296725274,001516_2014-06-20_16-25-09_260595134347_rgbf000076-resize,-2.623683769947933,2.623683769947933,1.7445,3.8622659094666254
290930.0,2.5,-1.2322165666587757,1.2322165666587757,001417_2014-06-19_16-25-36_260595134347_rgbf000115-resize,-5.034775203251624,5.034775203251624,4.6255,49.17091269608214
290930.0,2.5,-0.9393444561507968,0.9393444561507968,000682_2014-06-08_23-14-58_260595134347_rgbf000041-resize,-3.838138053296088,3.838138053296088,2.7239999999999998,8.707843071693064
290930.0,2.5,-1.2383445704669884,1.2383445704669884,001650_2014-06-20_12-09-00_260595134347_rgbf000087-resize,-3.769500903340551,3.769500903340551,1.9505,47.6804595860539
290930.0,2.5,-0.11184642028988988,0.11184642028988988,001244_2014-06-17_16-47-45_260595134347_rgbf000030-resize,-2.6867294865997793,2.6867294865997793,2.0425,6.7629638807870815
290930.0,2.5,-0.36295115919215504,0.36295115919215504,003495_2014-05-21_16-01-51_094959634447_rgbf000100-resize,-2.739638053296088,2.739638053296088,1.6255,12.747278812179
290930.0,2.5,-0.6782389564550475,0.6782389564550475,002375_2014-06-28_20-13-44_260595134347_rgbf000032-resize,-4.191820919903471,4.191820919903471,4.0175,48.76103649676905
290930.0,2.5,-0.09776352058320407,0.09776352058320407,000788_2014-06-08_22-34-36_260595134347_rgbf000131-resize,-3.298366636555316,3.298366636555316,3.359,21.46386213810664
290930.0,2.5,-0.0783179902446468,0.0783179902446468,001094_2014-06-15_17-36-00_260595134347_rgbf000205-resize,-3.686958069859007,3.686958069859007,4.2175,17.196771274488466
290930.0,2.5,-0.11009419193370924,0.11009419193370924,000780_2014-06-08_22-28-29_260595134347_rgbf000126-resize,-3.321866636555316,3.321866636555316,3.3825,14.165390776882042
290930.0,2.5,-0.7057332281798201,0.7057332281798201,000470_2014-06-09_19-42-40_260595134347_rgbf000094-resize,-3.1800923366442424,3.1800923366442424,1.831,22.486379427626872
290930.0,2.5,-0.6906634732932988,0.6906634732932988,000109_2014-05-14_23-41-52_260595134347_rgbf000035-resize,-2.9385466199923966,2.9385466199923966,1.3545,6.620498200896815
290930.0,2.5,-0.43052313782496654,0.43052313782496654,002509_2014-06-24_13-19-22_094959634447_rgbf000077-resize,-2.6555923366442418,2.6555923366442418,1.3065,40.21868783296904
290930.0,2.5,-0.3983690449861599,0.3983690449861599,003338_2014-05-20_11-01-23_094959634447_rgbf000051-resize,-2.807138053296088,2.807138053296088,1.693,28.251495663089063
290930.0,2.5,-0.22200731344537586,0.22200731344537586,002784_2014-06-22_19-26-30_094959634447_rgbf000083-resize,-2.6838504366146334,2.6838504366146334,1.8046666666667,3.0422522474895675
290930.0,2.5,-0.6853850972723479,0.6853850972723479,001100_2014-06-15_17-46-26_260595134347_rgbf000225-resize,-3.3541380532960883,3.3541380532960883,2.24,9.548860596737413
290930.0,2.5,-0.14190167545201438,0.14190167545201438,000469_2014-06-09_19-42-10_260595134347_rgbf000081-resize,-2.5311837699479334,2.5311837699479334,1.652,25.13136208408983
290930.0,2.5,-0.6322739094959715,0.6322739094959715,002964_2014-06-08_17-46-11_094959634447_rgbf000091-resize,-3.040092336644242,3.040092336644242,1.6909999999999998,28.953812917975768
290930.0,2.5,-0.5368923316471301,0.5368923316471301,002136_2014-06-25_21-18-03_260595134347_rgbf000109-resize,-3.071138053296088,3.071138053296088,1.9569999999999999,13.297078442475444
290930.0,2.5,-0.1782751345966126,0.1782751345966126,002039_2014-06-24_20-22-38_260595134347_rgbf000084-resize,-3.8774580698590073,3.8774580698590073,4.408,15.524303639345458
290930.0,2.5,-0.9591053139806116,0.9591053139806116,002103_2014-06-25_20-00-40_260595134347_rgbf000049-resize,-4.514275203251625,4.514275203251625,4.105,11.598018874569219
290930.0,2.5,-0.0444742327081723,0.0444742327081723,000691_2014-06-08_13-08-50_260595134347_rgbf000132-resize,-3.622458069859008,3.622458069859008,4.1530000000000005,14.740846212587924
290930.0,2.5,-0.8953531195514098,0.8953531195514098,003621_2014-05-23_18-06-08_094959634447_rgbf000101-resize,-4.392775203251625,4.392775203251625,3.9835,23.07176470133362
290930.0,2.5,-0.6573973979576416,0.6573973979576416,001584_2014-06-20_11-07-43_260595134347_rgbf000002-resize,-3.939275203251624,3.939275203251624,3.53,17.602834139105468
290930.0,2.5,-0.5679031601598507,0.5679031601598507,001175_2014-06-17_15-45-55_260595134347_rgbf000129-resize,-4.1943666365553165,4.1943666365553165,4.255,15.34903910495583
290930.0,2.5,-1.1873851931489612,1.1873851931489612,003490_2014-05-21_15-50-11_094959634447_rgbf000101-resize,-4.523683769947934,4.523683769947934,3.6445,19.999457360175192
290930.0,2.5,-0.5343281512508214,0.5343281512508214,002279_2014-06-28_18-55-32_260595134347_rgbf000040-resize,-2.8534256699775424,2.8534256699775424,1.5043333333333,15.963772282558683
290930.0,2.5,-0.5737688092584741,0.5737688092584741,002344_2014-06-28_20-06-29_260595134347_rgbf000030-resize,-2.9285923366442423,2.9285923366442423,1.5795,37.33165518125916
290930.0,2.5,-0.7109803223715265,0.7109803223715265,000549_2014-06-08_22-10-24_260595134347_rgbf000247-resize,-3.1900923366442417,3.1900923366442417,1.841,30.99307977870557
290930.0,2.5,-0.7923102823429311,0.7923102823429311,002199_2014-06-28_18-33-56_260595134347_rgbf000074-resize,-3.3450923366442424,3.3450923366442424,1.996,17.12852126070164
290930.0,2.5,-0.5319605649466893,0.5319605649466893,000917_2014-06-09_22-45-29_260595134347_rgbf000149-resize,-4.1258666365553145,4.1258666365553145,4.1865,9.740561609074897
290930.0,2.5,-0.3727738198869779,0.3727738198869779,000878_2014-06-08_22-52-45_260595134347_rgbf000045-resize,-2.9711837699479333,2.9711837699479333,2.092,5.576511521775202
290930.0,2.5,-0.5588145908121176,0.5588145908121176,002953_2014-06-08_17-32-18_094959634447_rgbf000059-resize,-2.9000923366442417,2.9000923366442417,1.551,13.905027931093345
290930.0,2.5,-0.10502519784067643,0.10502519784067643,002905_2014-06-03_18-04-43_094959634447_rgbf000151-resize,-2.6737294865997794,2.6737294865997794,2.0295,12.020604335789361
290930.0,2.5,-0.9223443728094388,0.9223443728094388,003129_2014-05-12_10-48-10_094959634447_rgbf000100-resize,-4.869866636555316,4.869866636555316,4.9305,17.9074543760639
290930.0,2.5,-0.8365543827750846,0.8365543827750846,002988_2014-06-15_12-24-20_094959634447_rgbf000150-resize,-4.706366636555316,4.706366636555316,4.7669999999999995,14.460306569198616
290930.0,2.5,-0.1959154637973185,0.1959154637973185,001214_2014-06-17_16-13-55_260595134347_rgbf000111-resize,-3.059775203251625,3.059775203251625,2.6505,18.479282579459067
290930.0,2.5,-0.34210960069476193,0.34210960069476193,002272_2014-06-28_18-53-56_260595134347_rgbf000067-resize,-2.487092336644242,2.487092336644242,1.138,10.409245808146235
290930.0,2.5,-0.2510412346394567,0.2510412346394567,001571_2014-06-20_17-21-32_260595134347_rgbf000089-resize,-2.7391837699479336,2.7391837699479336,1.86,4.991960350191473
290930.0,2.5,-0.6382142223286851,0.6382142223286851,002444_2014-06-28_20-32-08_260595134347_rgbf000027-resize,-4.328366636555314,4.328366636555314,4.388999999999999,17.102760279009576
290930.0,2.5,-0.07516973372963276,0.07516973372963276,001133_2014-06-17_14-49-16_260595134347_rgbf000100-resize,-3.680958069859007,3.680958069859007,4.2115,26.759918254713728
290930.0,2.5,-0.3044990317363278,0.3044990317363278,001132_2014-06-17_14-48-54_260595134347_rgbf000100-resize,-3.6923666365553163,3.6923666365553163,3.753,14.398279213278778
290930.0,2.5,-0.07721559862464232,0.07721559862464232,000943_2014-06-09_19-31-07_260595134347_rgbf000128-resize,-2.6207294865997794,2.6207294865997794,1.9765,15.893099149291922
290930.0,2.5,-1.1198444963454026,1.1198444963454026,000854_2014-06-09_19-43-13_260595134347_rgbf000066-resize,-4.182138053296088,4.182138053296088,3.068,11.910827625938722
290930.0,2.5,-0.7452019710577666,0.7452019710577666,001164_2014-06-17_15-35-46_260595134347_rgbf000085-resize,-3.468138053296088,3.468138053296088,2.354,17.325668807481115
290930.0,2.5,-0.25392713644488873,0.25392713644488873,001136_2014-06-17_15-19-41_260595134347_rgbf000076-resize,-2.744683769947933,2.744683769947933,1.8655,18.667799879387072
290930.0,2.5,-0.2116254645431816,0.2116254645431816,002660_2014-06-13_15-44-18_094959634447_rgbf001878-resize,-3.5153666365553162,3.5153666365553162,3.576,15.11997681444361
290930.0,2.5,-0.1895876689380191,0.1895876689380191,000739_2014-06-08_18-45-58_260595134347_rgbf000068-resize,-3.4733666365553155,3.4733666365553155,3.534,8.164356963721069
290930.0,2.5,-0.4855237813501058,0.4855237813501058,000734_2014-06-08_17-39-11_260595134347_rgbf000128-resize,-4.0373666365553165,4.0373666365553165,4.098,16.052231618370055
290930.0,2.5,-0.9893386692414056,0.9893386692414056,000522_2014-06-08_13-35-06_260595134347_rgbf000244-resize,-3.7205923366442417,3.7205923366442417,2.3715,25.742609854068213
290930.0,2.5,-0.2675695813433209,0.2675695813433209,002949_2014-06-26_15-57-42_094959634447_rgbf000079-resize,-2.770683769947933,2.770683769947933,1.8915,17.99500168321199
290930.0,2.5,-0.5377323685575536,0.5377323685575536,002989_2014-06-15_12-25-03_094959634447_rgbf000150-resize,-4.136866636555316,4.136866636555316,4.1975,27.906783421951957
290930.0,2.5,-0.4923762856285744,0.4923762856285744,000866_2014-06-09_20-45-42_260595134347_rgbf000139-resize,-3.624775203251625,3.624775203251625,3.2155,8.082259189449621
290930.0,2.5,-0.36688647983593736,0.36688647983593736,001555_2014-06-20_17-12-10_260595134347_rgbf000065-resize,-2.747138053296088,2.747138053296088,1.633,7.608284543781994
290930.0,2.5,-0.4932259134158226,0.4932259134158226,003534_2014-05-22_15-06-10_094959634447_rgbf000102-resize,-2.7750923366442417,2.7750923366442417,1.426,12.376994007247625
290930.0,2.5,-0.08718507758888139,0.08718507758888139,002637_2014-06-24_14-51-13_094959634447_rgbf000066-resize,-2.6397294865997796,2.6397294865997796,1.9955,10.972027795242447
290930.0,2.5,-0.3792171511864367,0.3792171511864367,001016_2014-06-09_16-16-10_260595134347_rgbf000112-resize,-2.770638053296088,2.770638053296088,1.6565,7.049977084494088
290930.0,2.5,-0.33799617995231634,0.33799617995231634,002340_2014-06-28_20-05-46_260595134347_rgbf000113-resize,-3.1177294865997784,3.1177294865997784,2.4735,7.91768620575396
290930.0,2.5,-0.6245717774302589,0.6245717774302589,002414_2014-06-28_20-24-58_260595134347_rgbf000067-resize,-4.302366636555316,4.302366636555316,4.363,31.720662178139435
290930.0,2.5,-0.07418287854978944,0.07418287854978944,001059_2014-06-08_21-53-27_260595134347_rgbf000061-resize,-2.8277752032516243,2.8277752032516243,2.4185,8.755513319222857
290930.0,2.5,-0.5222847225212762,0.5222847225212762,001032_2014-06-08_13-23-17_260595134347_rgbf000021-resize,-3.681775203251624,3.681775203251624,3.2725,15.984983178828962
290930.0,2.5,-0.162040424431574,0.162040424431574,003292_2014-05-14_21-53-49_094959634447_rgbf000100-resize,-3.420866636555316,3.420866636555316,3.4815,33.084282711345374
290930.0,2.5,-0.5063809807621232,0.5063809807621232,001447_2014-06-19_17-00-32_260595134347_rgbf000082-resize,-4.077116636555314,4.077116636555314,4.13775,46.830399423560245
290930.0,2.5,-0.29581004449076376,0.29581004449076376,000742_2014-06-08_18-48-09_260595134347_rgbf000164-resize,-4.101458069859007,4.101458069859007,4.632,18.91549953899407
290930.0,2.5,-0.14580571426654887,0.14580571426654887,002758_2014-06-22_19-11-20_094959634447_rgbf000128-resize,-2.9642752032516246,2.9642752032516246,2.555,7.204478276142114
290930.0,2.5,-0.2845071010261881,0.2845071010261881,002549_2014-06-24_13-41-39_094959634447_rgbf000022-resize,-2.590138053296088,2.590138053296088,1.476,4.1736441355391865
290930.0,2.5,-0.04033912101330317,0.04033912101330317,002750_2014-06-22_19-08-03_094959634447_rgbf000094-resize,-2.763275203251625,2.763275203251625,2.354,8.789636111124727
290930.0,2.5,-0.13895320998808164,0.13895320998808164,001199_2014-06-17_16-03-48_260595134347_rgbf000077-resize,-3.376866636555316,3.376866636555316,3.4375,28.282249848901696
290930.0,2.5,-0.08074174628941988,0.08074174628941988,000502_2014-06-08_23-02-32_260595134347_rgbf000063-resize,-2.8402752032516245,2.8402752032516245,2.431,13.897287578908273
290930.0,2.5,-0.7078007840272559,0.7078007840272559,001806_2014-06-26_20-50-20_260595134347_rgbf000091-resize,-3.609683769947933,3.609683769947933,2.7305,13.909869710567438
290930.0,2.5,-0.6164700632623602,0.6164700632623602,001449_2014-06-19_17-01-27_260595134347_rgbf000116-resize,-3.861275203251624,3.861275203251624,3.452,8.994872108877228
290930.0,2.5,-0.2520593716485412,0.2520593716485412,002600_2014-06-24_14-27-04_094959634447_rgbf000074-resize,-3.1667752032516243,3.1667752032516243,2.7575,44.47386082434929
290930.0,2.5,-0.7776184186061608,0.7776184186061608,003228_2014-05-14_13-42-35_094959634447_rgbf000101-resize,-3.317092336644242,3.317092336644242,1.9680000000000002,14.40337638638131
290930.0,2.5,-0.34455504769194234,0.34455504769194234,000368_2014-06-09_15-53-01_260595134347_rgbf000155-resize,-3.1302294865997786,3.1302294865997786,2.4859999999999998,21.090700959072958
290930.0,2.5,-0.628469766206987,0.628469766206987,002763_2014-06-22_19-13-10_094959634447_rgbf000075-resize,-3.0328423366442423,3.0328423366442423,1.68375,5.5919783591245595
290930.0,2.5,-0.5893632735641683,0.5893632735641683,002209_2014-06-28_18-36-10_260595134347_rgbf000051-resize,-3.171138053296088,3.171138053296088,2.057,12.962068825921264
290930.0,2.5,-0.35352808059950724,0.35352808059950724,002467_2014-06-28_20-38-07_260595134347_rgbf000026-resize,-4.211458069859007,4.211458069859007,4.742,15.331046216195933
290930.0,2.5,-0.35746340124329323,0.35746340124329323,002663_2014-06-13_15-50-26_094959634447_rgbf000075-resize,-4.218958069859007,4.218958069859007,4.7495,16.725954086732166
290930.0,2.5,-0.2942671980625095,0.2942671980625095,000409_2014-06-04_19-23-33_260595134347_rgbf000067-resize,-3.672866636555316,3.672866636555316,3.7335,12.696549983566419
290930.0,2.5,-0.3377338252427351,0.3377338252427351,001011_2014-06-08_23-18-54_260595134347_rgbf000044-resize,-3.1172294865997787,3.1172294865997787,2.4730000000000003,11.624075606213012
290930.0,2.5,-0.5424017805484198,0.5424017805484198,002875_2014-06-01_15-19-00_094959634447_rgbf000151-resize,-3.081638053296088,3.081638053296088,1.9675,11.625680938349673
290930.0,2.5,-0.6883865355179439,0.6883865355179439,001092_2014-06-15_17-34-58_260595134347_rgbf000171-resize,-3.572683769947933,3.572683769947933,2.6935,9.164038324933468
290930.0,2.5,-0.28278615449926114,0.28278615449926114,002545_2014-06-24_13-38-53_094959634447_rgbf000080-resize,-2.7996837699479333,2.7996837699479333,1.9205,12.083824048628237
290930.0,2.5,-0.7159650618536461,0.7159650618536461,001167_2014-06-17_15-38-07_260595134347_rgbf000108-resize,-3.1995923366442423,3.1995923366442423,1.8505,12.019050657019696
290930.0,2.5,-0.6919752468412237,0.6919752468412237,003587_2014-05-23_16-48-02_094959634447_rgbf002384-resize,-2.941046619992396,2.941046619992396,1.357,20.788172722830538
390494.0,2.5,-0.2781292210562663,0.2781292210562663,001029_2014-06-08_13-17-57_260595134347_rgbf000065-resize,-3.347789782009807,3.347789782009807,3.0835,18.209734661918688
390494.0,2.5,-0.5260544216142593,0.5260544216142593,000677_2014-06-08_23-10-32_260595134347_rgbf000158-resize,-3.8202897820098065,3.8202897820098065,3.556,19.65196273325612
390494.0,2.5,-0.6121034474218017,0.6121034474218017,001417_2014-06-19_16-25-36_260595134347_rgbf000115-resize,-4.41466208401465,4.41466208401465,4.6255,49.17091269608214
390494.0,2.5,-1.1090165431217145,1.1090165431217145,001650_2014-06-20_12-09-00_260595134347_rgbf000087-resize,-3.6401728759952765,3.6401728759952765,1.9505,47.6804595860539
390494.0,2.5,-0.4445982626926528,0.4445982626926528,001244_2014-06-17_16-47-45_260595134347_rgbf000030-resize,-3.019481329002542,3.019481329002542,2.0425,6.7629638807870815
390494.0,2.5,-0.5583838234952183,0.5583838234952183,003495_2014-05-21_16-01-51_094959634447_rgbf000100-resize,-2.9350707175991517,2.9350707175991517,1.6255,12.747278812179
390494.0,2.5,-0.5627807620197975,0.5627807620197975,001158_2014-06-17_15-32-16_260595134347_rgbf000138-resize,-4.320662084014651,4.320662084014651,4.5315,26.954451973303737
390494.0,2.5,-0.2503129839674463,0.2503129839674463,000556_2014-06-09_22-42-56_260595134347_rgbf000214-resize,-4.155534386019493,4.155534386019493,4.8415,23.88242025565649
390494.0,2.5,-0.3009507618537897,0.3009507618537897,001150_2014-06-17_15-27-34_260595134347_rgbf000108-resize,-3.82166208401465,3.82166208401465,4.0325,11.088139074292139
390494.0,2.5,-0.2642244214482524,0.2642244214482524,000665_2014-06-09_20-42-35_260595134347_rgbf000110-resize,-3.321289782009807,3.321289782009807,3.057,18.49880761375764
390494.0,2.5,-0.2930801205662279,0.2930801205662279,002375_2014-06-28_20-13-44_260595134347_rgbf000032-resize,-3.8066620840146506,3.8066620840146506,4.0175,48.76103649676905
390494.0,2.5,-0.004622776845511444,0.004622776845511444,002568_2014-06-24_13-59-21_094959634447_rgbf000062-resize,-3.041725933012229,3.041725933012229,3.015,29.63840999388049
390494.0,2.5,-0.09605837154054132,0.09605837154054132,000470_2014-06-09_19-42-40_260595134347_rgbf000094-resize,-2.5704174800049637,2.5704174800049637,1.831,22.486379427626872
390494.0,2.5,-0.3211620313010226,0.3211620313010226,000109_2014-05-14_23-41-52_260595134347_rgbf000035-resize,-2.5690451780001204,2.5690451780001204,1.3545,6.620498200896815
390494.0,2.5,-0.02364847169503548,0.02364847169503548,003338_2014-05-20_11-01-23_094959634447_rgbf000051-resize,-2.4324174800049634,2.4324174800049634,1.693,28.251495663089063
390494.0,2.5,-0.5573687214975628,0.5573687214975628,002784_2014-06-22_19-26-30_094959634447_rgbf000083-resize,-3.0192118446668204,3.0192118446668204,1.8046666666667,3.0422522474895675
390494.0,2.5,-1.2609199199715369,1.2609199199715369,001100_2014-06-15_17-46-26_260595134347_rgbf000225-resize,-3.929672875995277,3.929672875995277,2.24,9.548860596737413
390494.0,2.5,-0.4772630835042013,0.4772630835042013,000469_2014-06-09_19-42-10_260595134347_rgbf000081-resize,-2.86654517800012,2.86654517800012,1.652,25.13136208408983
390494.0,2.5,-0.3119796164655392,0.3119796164655392,000483_2014-06-09_20-41-45_260595134347_rgbf000116-resize,-2.5515451780001204,2.5515451780001204,1.337,29.232414989368262
390494.0,2.5,-1.1153927582455534,1.1153927582455534,002964_2014-06-08_17-46-11_094959634447_rgbf000091-resize,-3.523211185393824,3.523211185393824,1.6909999999999998,28.953812917975768
390494.0,2.5,-0.8748633053487407,0.8748633053487407,002136_2014-06-25_21-18-03_260595134347_rgbf000109-resize,-3.4091090269976982,3.4091090269976982,1.9569999999999999,13.297078442475444
390494.0,2.5,-0.5765560437412155,0.5765560437412155,002103_2014-06-25_20-00-40_260595134347_rgbf000049-resize,-4.131725933012229,4.131725933012229,4.105,11.598018874569219
390494.0,2.5,-0.364178246863816,0.364178246863816,000691_2014-06-08_13-08-50_260595134347_rgbf000132-resize,-3.942162084014651,3.942162084014651,4.1530000000000005,14.740846212587924
390494.0,2.5,-0.16505434122504942,0.16505434122504942,000929_2014-06-09_16-33-19_260595134347_rgbf000139-resize,-3.1322897820098072,3.1322897820098072,2.8680000000000003,19.501338012209015
390494.0,2.5,-1.4626673727061372,1.4626673727061372,001584_2014-06-20_11-07-43_260595134347_rgbf000002-resize,-4.74454517800012,4.74454517800012,3.53,17.602834139105468
390494.0,2.5,-0.3997809926066994,0.3997809926066994,002279_2014-06-28_18-55-32_260595134347_rgbf000040-resize,-2.7188785113334197,2.7188785113334197,1.5043333333333,15.963772282558683
390494.0,2.5,-0.4611266093965227,0.4611266093965227,000635_2014-06-08_16-38-42_260595134347_rgbf000106-resize,-3.050981329002542,3.050981329002542,2.074,10.796976226722654
390494.0,2.5,-0.2870526001185515,0.2870526001185515,002725_2014-06-22_11-47-51_094959634447_rgbf000070-resize,-2.9344174800049627,2.9344174800049627,2.195,3.938570017428758
390494.0,2.5,-0.9143493486095088,0.9143493486095088,002344_2014-06-28_20-06-29_260595134347_rgbf000030-resize,-3.2691728759952765,3.2691728759952765,1.5795,37.33165518125916
390494.0,2.5,-1.0515608617225611,1.0515608617225611,000549_2014-06-08_22-10-24_260595134347_rgbf000247-resize,-3.5306728759952763,3.5306728759952763,1.841,30.99307977870557
390494.0,2.5,-0.8953269726963873,0.8953269726963873,002199_2014-06-28_18-33-56_260595134347_rgbf000074-resize,-3.4481090269976984,3.4481090269976984,1.996,17.12852126070164
390494.0,2.5,-0.381756012406024,0.381756012406024,000917_2014-06-09_22-45-29_260595134347_rgbf000149-resize,-3.97566208401465,3.97566208401465,4.1865,9.740561609074897
390494.0,2.5,-0.5192929717670265,0.5192929717670265,002953_2014-06-08_17-32-18_094959634447_rgbf000059-resize,-2.8605707175991513,2.8605707175991513,1.551,13.905027931093345
390494.0,2.5,-0.6753408892410175,0.6753408892410175,002905_2014-06-03_18-04-43_094959634447_rgbf000151-resize,-3.2440451780001203,3.2440451780001203,2.0295,12.020604335789361
390494.0,2.5,-0.21122213223926245,0.21122213223926245,002988_2014-06-15_12-24-20_094959634447_rgbf000150-resize,-4.0810343860194935,4.0810343860194935,4.7669999999999995,14.460306569198616
390494.0,2.5,-0.5762936890316229,0.5762936890316229,001052_2014-06-08_18-24-54_260595134347_rgbf000130-resize,-4.131225933012228,4.131225933012228,4.1045,25.87613690895519
390494.0,2.5,-0.5260577405506573,0.5260577405506573,001214_2014-06-17_16-13-55_260595134347_rgbf000111-resize,-3.3899174800049634,3.3899174800049634,2.6505,18.479282579459067
390494.0,2.5,-0.2075624420506399,0.2075624420506399,002272_2014-06-28_18-53-56_260595134347_rgbf000067-resize,-2.35254517800012,2.35254517800012,1.138,10.409245808146235
390494.0,2.5,-0.5564942057989279,0.5564942057989279,000709_2014-06-08_13-51-55_260595134347_rgbf000068-resize,-3.01754517800012,3.01754517800012,1.8030000000000002,14.429351101546246
390494.0,2.5,-0.7451239230542782,0.7451239230542782,000854_2014-06-09_19-43-13_260595134347_rgbf000066-resize,-3.8074174800049634,3.8074174800049634,3.068,11.910827625938722
390494.0,2.5,-0.37048139776664224,0.37048139776664224,001164_2014-06-17_15-35-46_260595134347_rgbf000085-resize,-3.0934174800049634,3.0934174800049634,2.354,17.325668807481115
390494.0,2.5,-0.3517246954994975,0.3517246954994975,001136_2014-06-17_15-19-41_260595134347_rgbf000076-resize,-2.842481329002542,2.842481329002542,1.8655,18.667799879387072
390494.0,2.5,-0.03938311639735368,0.03938311639735368,000739_2014-06-08_18-45-58_260595134347_rgbf000068-resize,-3.3231620840146503,3.3231620840146503,3.534,8.164356963721069
390494.0,2.5,-0.8104469268045968,0.8104469268045968,000734_2014-06-08_17-39-11_260595134347_rgbf000128-resize,-4.362289782009807,4.362289782009807,4.098,16.052231618370055
390494.0,2.5,-0.37966381260212667,0.37966381260212667,000522_2014-06-08_13-35-06_260595134347_rgbf000244-resize,-3.1109174800049635,3.1109174800049635,2.3715,25.742609854068213
390494.0,2.5,-0.12780329140035107,0.12780329140035107,002949_2014-06-26_15-57-42_094959634447_rgbf000079-resize,-2.6309174800049635,2.6309174800049635,1.8915,17.99500168321199
390494.0,2.5,-0.4672936045399697,0.4672936045399697,001555_2014-06-20_17-12-10_260595134347_rgbf000065-resize,-2.8475451780001197,2.8475451780001197,1.633,7.608284543781994
390494.0,2.5,-0.5962426037692787,0.5962426037692787,003534_2014-05-22_15-06-10_094959634447_rgbf000102-resize,-2.8781090269976985,2.8781090269976985,1.426,12.376994007247625
390494.0,2.5,-0.31931227258834616,0.31931227258834616,000773_2014-06-08_22-24-54_260595134347_rgbf000093-resize,-4.287034386019494,4.287034386019494,4.973,21.45352631724976
390494.0,2.5,-0.4043251553031283,0.4043251553031283,001059_2014-06-08_21-53-27_260595134347_rgbf000061-resize,-3.1579174800049628,3.1579174800049628,2.4185,8.755513319222857
390494.0,2.5,-0.3772993012794586,0.3772993012794586,001032_2014-06-08_13-23-17_260595134347_rgbf000021-resize,-3.5367897820098064,3.5367897820098064,3.2725,15.984983178828962
390494.0,2.5,-0.3561764282214579,0.3561764282214579,001447_2014-06-19_17-00-32_260595134347_rgbf000082-resize,-3.92691208401465,3.92691208401465,4.13775,46.830399423560245
390494.0,2.5,-0.14038636065125054,0.14038636065125054,000742_2014-06-08_18-48-09_260595134347_rgbf000164-resize,-3.946034386019493,3.946034386019493,4.632,18.91549953899407
390494.0,2.5,-0.0008202930247312445,0.0008202930247312445,002758_2014-06-22_19-11-20_094959634447_rgbf000128-resize,-2.8192897820098066,2.8192897820098066,2.555,7.204478276142114
390494.0,2.5,-0.6224780747277987,0.6224780747277987,002549_2014-06-24_13-41-39_094959634447_rgbf000022-resize,-2.9281090269976984,2.9281090269976984,1.476,4.1736441355391865
390494.0,2.5,-0.6484478720403373,0.6484478720403373,000502_2014-06-08_23-02-32_260595134347_rgbf000063-resize,-3.407981329002542,3.407981329002542,2.431,13.897287578908273
390494.0,2.5,-0.8055983430818647,0.8055983430818647,001806_2014-06-26_20-50-20_260595134347_rgbf000091-resize,-3.7074813290025417,3.7074813290025417,2.7305,13.909869710567438
390494.0,2.5,-0.7897209047473628,0.7897209047473628,000506_2014-06-08_23-21-00_260595134347_rgbf000070-resize,-4.3227897820098065,4.3227897820098065,4.0585,16.716212007621664
390494.0,2.5,-0.17003908070716905,0.17003908070716905,003079_2014-06-15_15-18-20_094959634447_rgbf000152-resize,-3.141789782009807,3.141789782009807,2.8775,9.032134209869396
390494.0,2.5,-0.10707395040672356,0.10707395040672356,002600_2014-06-24_14-27-04_094959634447_rgbf000074-resize,-3.0217897820098067,3.0217897820098067,2.7575,44.47386082434929
390494.0,2.5,-0.4055074109644605,0.4055074109644605,003228_2014-05-14_13-42-35_094959634447_rgbf000101-resize,-2.944981329002542,2.944981329002542,1.9680000000000002,14.40337638638131
390494.0,2.5,-0.2563587585652868,0.2563587585652868,002763_2014-06-22_19-13-10_094959634447_rgbf000075-resize,-2.660731329002542,2.660731329002542,1.68375,5.5919783591245595
390494.0,2.5,-0.4522065492706224,0.4522065492706224,002209_2014-06-28_18-36-10_260595134347_rgbf000051-resize,-3.033981329002542,3.033981329002542,2.057,12.962068825921264
390494.0,2.5,-0.21647254536735705,0.21647254536735705,000009_2014-05-26_14-32-05_260595134347_rgbf000034-resize,-3.66066208401465,3.66066208401465,3.8715,34.796526826055185
390494.0,2.5,-0.033355595949684624,0.033355595949684624,001110_2014-06-15_17-25-28_260595134347_rgbf000150-resize,-2.450917480004964,2.450917480004964,1.7115,9.336195527413247
390494.0,2.5,-0.06562190629226744,0.06562190629226744,000927_2014-06-09_16-32-30_260595134347_rgbf000123-resize,-2.9427897820098066,2.9427897820098066,2.6785,11.715239650325241
390494.0,2.5,-0.4122489313198807,0.4122489313198807,001810_2014-06-26_20-51-35_260595134347_rgbf000040-resize,-3.086943019603994,3.086943019603994,2.2525,22.411391411207674
390494.0,2.5,-0.8567541925145792,0.8567541925145792,000409_2014-06-04_19-23-33_260595134347_rgbf000067-resize,-4.235353631007385,4.235353631007385,3.7335,12.696549983566419
390494.0,2.5,-0.7861840945725527,0.7861840945725527,001092_2014-06-15_17-34-58_260595134347_rgbf000171-resize,-3.6704813290025418,3.6704813290025418,2.6935,9.164038324933468
390494.0,2.5,-0.14301986455629134,0.14301986455629134,002545_2014-06-24_13-38-53_094959634447_rgbf000080-resize,-2.6599174800049634,2.6599174800049634,1.9205,12.083824048628237
390494.0,2.5,-0.10629020521436716,0.10629020521436716,001167_2014-06-17_15-38-07_260595134347_rgbf000108-resize,-2.589917480004964,2.589917480004964,1.8505,12.019050657019696
390494.0,2.5,-0.7976015028441041,0.7976015028441041,003587_2014-05-23_16-48-02_094959634447_rgbf002384-resize,-3.0466728759952764,3.0466728759952764,1.357,20.788172722830538
952931.0,2.5,-0.4245289672090176,0.4245289672090176,001808_2014-06-26_20-50-58_260595134347_rgbf000029-resize,-4.048140700119496,4.048140700119496,4.249,20.030651550568866
952931.0,2.5,-1.2981986269878598,1.2981986269878598,000677_2014-06-08_23-10-32_260595134347_rgbf000158-resize,-4.592433987383408,4.592433987383408,3.556,19.65196273325612
952931.0,2.5,-0.6220820635266471,0.6220820635266471,001417_2014-06-19_16-25-36_260595134347_rgbf000115-resize,-4.424640700119496,4.424640700119496,4.6255,49.17091269608214
952931.0,2.5,-0.8666108912901453,0.8666108912901453,003081_2014-06-15_15-19-16_094959634447_rgbf000150-resize,-4.3302873437514515,4.3302873437514515,3.9125,16.632991649560594
952931.0,2.5,-0.2429937466061609,0.2429937466061609,000682_2014-06-08_23-14-58_260595134347_rgbf000041-resize,-3.141787343751451,3.141787343751451,2.7239999999999998,8.707843071693064
952931.0,2.5,-1.0744242981418002,1.0744242981418002,001650_2014-06-20_12-09-00_260595134347_rgbf000087-resize,-3.6055806310153615,3.6055806310153615,1.9505,47.6804595860539
952931.0,2.5,-0.2852470932794746,0.2852470932794746,003495_2014-05-21_16-01-51_094959634447_rgbf000100-resize,-2.661933987383408,2.661933987383408,1.6255,12.747278812179
952931.0,2.5,-0.4177219831898973,0.4177219831898973,000665_2014-06-09_20-42-35_260595134347_rgbf000110-resize,-3.4747873437514514,3.4747873437514514,3.057,18.49880761375764
952931.0,2.5,-0.9217053803030292,0.9217053803030292,002375_2014-06-28_20-13-44_260595134347_rgbf000032-resize,-4.435287343751452,4.435287343751452,4.0175,48.76103649676905
952931.0,2.5,-0.5761842277793401,0.5761842277793401,000788_2014-06-08_22-34-36_260595134347_rgbf000131-resize,-3.7767873437514514,3.7767873437514514,3.359,21.46386213810664
952931.0,2.5,-0.7343841176592107,0.7343841176592107,001235_2014-06-17_16-37-36_260595134347_rgbf000084-resize,-4.078287343751452,4.078287343751452,3.6605,14.547706659434104
952931.0,2.5,-0.4080006205051359,0.4080006205051359,001094_2014-06-15_17-36-00_260595134347_rgbf000205-resize,-4.016640700119496,4.016640700119496,4.2175,17.196771274488466
952931.0,2.5,-0.14305084068430984,0.14305084068430984,000109_2014-05-14_23-41-52_260595134347_rgbf000035-resize,-2.3909339873834075,2.3909339873834075,1.3545,6.620498200896815
952931.0,2.5,-0.7365114321960871,0.7365114321960871,002509_2014-06-24_13-19-22_094959634447_rgbf000077-resize,-2.9615806310153627,2.9615806310153627,1.3065,40.21868783296904
952931.0,2.5,-0.32066497907347946,0.32066497907347946,003338_2014-05-20_11-01-23_094959634447_rgbf000051-resize,-2.7294339873834077,2.7294339873834077,1.693,28.251495663089063
952931.0,2.5,-1.2263276749916228,1.2263276749916228,001100_2014-06-15_17-46-26_260595134347_rgbf000225-resize,-3.8950806310153623,3.8950806310153623,2.24,9.548860596737413
952931.0,2.5,-0.29915189288748856,0.29915189288748856,000469_2014-06-09_19-42-10_260595134347_rgbf000081-resize,-2.6884339873834078,2.6884339873834078,1.652,25.13136208408983
952931.0,2.5,-0.3196155602351367,0.3196155602351367,002964_2014-06-08_17-46-11_094959634447_rgbf000091-resize,-2.7274339873834075,2.7274339873834075,1.6909999999999998,28.953812917975768
952931.0,2.5,-0.4591882657344497,0.4591882657344497,002136_2014-06-25_21-18-03_260595134347_rgbf000109-resize,-2.9934339873834075,2.9934339873834075,1.9569999999999999,13.297078442475444
952931.0,2.5,-1.1266044084890576,1.1266044084890576,002039_2014-06-24_20-22-38_260595134347_rgbf000084-resize,-4.825787343751452,4.825787343751452,4.408,15.524303639345458
952931.0,2.5,-0.3489708108484829,0.3489708108484829,002103_2014-06-25_20-00-40_260595134347_rgbf000049-resize,-3.904140700119497,3.904140700119497,4.105,11.598018874569219
952931.0,2.5,-0.3741568629686614,0.3741568629686614,000691_2014-06-08_13-08-50_260595134347_rgbf000132-resize,-3.9521407001194966,3.9521407001194966,4.1530000000000005,14.740846212587924
952931.0,2.5,-0.31855190296669433,0.31855190296669433,000929_2014-06-09_16-33-19_260595134347_rgbf000139-resize,-3.2857873437514513,3.2857873437514513,2.8680000000000003,19.501338012209015
952931.0,2.5,-1.3469966029707048,1.3469966029707048,000457_2014-06-08_16-52-43_260595134347_rgbf000199-resize,-4.685433987383408,4.685433987383408,3.6489999999999996,14.067279821032837
952931.0,2.5,-0.047262894825512984,0.047262894825512984,001584_2014-06-20_11-07-43_260595134347_rgbf000002-resize,-3.329140700119496,3.329140700119496,3.53,17.602834139105468
952931.0,2.5,-0.840316445621942,0.840316445621942,002279_2014-06-28_18-55-32_260595134347_rgbf000040-resize,-3.159413964348663,3.159413964348663,1.5043333333333,15.963772282558683
952931.0,2.5,-0.5205792677773882,0.5205792677773882,000635_2014-06-08_16-38-42_260595134347_rgbf000106-resize,-3.1104339873834075,3.1104339873834075,2.074,10.796976226722654
952931.0,2.5,-0.9243431658289808,0.9243431658289808,002043_2014-06-24_20-29-38_260595134347_rgbf000039-resize,-3.8799339873834073,3.8799339873834073,2.8435,8.475049543704081
952931.0,2.5,-0.2957128048026843,0.2957128048026843,003048_2014-06-15_13-49-43_094959634447_rgbf000150-resize,-3.802640700119496,3.802640700119496,4.0035,24.355606534500392
952931.0,2.5,-0.8797571036295946,0.8797571036295946,002344_2014-06-28_20-06-29_260595134347_rgbf000030-resize,-3.2345806310153633,3.2345806310153633,1.5795,37.33165518125916
952931.0,2.5,-1.016968616742647,1.016968616742647,000549_2014-06-08_22-10-24_260595134347_rgbf000247-resize,-3.4960806310153627,3.4960806310153627,1.841,30.99307977870557
952931.0,2.5,-0.03939225353795989,0.03939225353795989,000736_2014-06-08_18-24-15_260595134347_rgbf000206-resize,-3.314140700119496,3.314140700119496,3.515,33.408170606136416
952931.0,2.5,-0.18158850613313046,0.18158850613313046,000137_2014-05-20_17-04-49_260595134347_rgbf000120-resize,-3.585140700119496,3.585140700119496,3.786,14.89611111351161
952931.0,2.5,-0.3256354801254986,0.3256354801254986,000642_2014-06-08_16-59-25_260595134347_rgbf000098-resize,-3.2992873437514514,3.2992873437514514,2.8815,31.36214301237791
952931.0,2.5,-0.2393065422418713,0.2393065422418713,002425_2014-06-28_20-27-29_260595134347_rgbf000031-resize,-3.695140700119496,3.695140700119496,3.8960000000000004,8.40495801096819
952931.0,2.5,-0.4796519330820963,0.4796519330820963,002199_2014-06-28_18-33-56_260595134347_rgbf000074-resize,-3.0324339873834067,3.0324339873834067,1.996,17.12852126070164
952931.0,2.5,-1.0103812721428254,1.0103812721428254,000917_2014-06-09_22-45-29_260595134347_rgbf000149-resize,-4.604287343751452,4.604287343751452,4.1865,9.740561609074897
952931.0,2.5,-0.7713761317107166,0.7713761317107166,002323_2014-06-28_20-01-54_260595134347_rgbf000051-resize,-4.148787343751452,4.148787343751452,3.7310000000000003,18.09172628388976
952931.0,2.5,-0.4972296986243048,0.4972296986243048,002905_2014-06-03_18-04-43_094959634447_rgbf000151-resize,-3.0659339873834077,3.0659339873834077,2.0295,12.020604335789361
952931.0,2.5,-1.0851523643745915,1.0851523643745915,000414_2014-06-04_19-49-13_260595134347_rgbf000044-resize,-4.746787343751452,4.746787343751452,4.329,13.241348366125557
952931.0,2.5,-0.7821184363736189,0.7821184363736189,003129_2014-05-12_10-48-10_094959634447_rgbf000100-resize,-4.7296407001194956,4.7296407001194956,4.9305,17.9074543760639
952931.0,2.5,-0.6963284463392647,0.6963284463392647,002988_2014-06-15_12-24-20_094959634447_rgbf000150-resize,-4.5661407001194965,4.5661407001194965,4.7669999999999995,14.460306569198616
952931.0,2.5,-0.3487084561388903,0.3487084561388903,001052_2014-06-08_18-24-54_260595134347_rgbf000130-resize,-3.903640700119496,3.903640700119496,4.1045,25.87613690895519
952931.0,2.5,-0.2123124840147993,0.2123124840147993,000810_2014-06-08_17-20-01_260595134347_rgbf000105-resize,-2.5229339873834067,2.5229339873834067,1.4865,3.0958890116960642
952931.0,2.5,-0.8230742479291013,0.8230742479291013,001214_2014-06-17_16-13-55_260595134347_rgbf000111-resize,-3.686933987383408,3.686933987383408,2.6505,18.479282579459067
952931.0,2.5,-1.2667445386978384,1.2667445386978384,002272_2014-06-28_18-53-56_260595134347_rgbf000067-resize,-3.4117272746473186,3.4117272746473186,1.138,10.409245808146235
952931.0,2.5,-1.0269380957068863,1.0269380957068863,001571_2014-06-20_17-21-32_260595134347_rgbf000089-resize,-3.5150806310153633,3.5150806310153633,1.86,4.991960350191473
952931.0,2.5,-0.8264706207236121,0.8264706207236121,002995_2014-06-15_12-31-26_094959634447_rgbf000150-resize,-4.253787343751451,4.253787343751451,3.8360000000000003,27.231594395483473
952931.0,2.5,-0.4694200994082707,0.4694200994082707,000943_2014-06-09_19-31-07_260595134347_rgbf000128-resize,-3.012933987383408,3.012933987383408,1.9765,15.893099149291922
952931.0,2.5,-0.3783830151822153,0.3783830151822153,000709_2014-06-08_13-51-55_260595134347_rgbf000068-resize,-2.839433987383408,2.839433987383408,1.8030000000000002,14.429351101546246
952931.0,2.5,-0.6674979051450862,0.6674979051450862,001164_2014-06-17_15-35-46_260595134347_rgbf000085-resize,-3.390433987383408,3.390433987383408,2.354,17.325668807481115
952931.0,2.5,-1.295326963612526,1.295326963612526,000522_2014-06-08_13-35-06_260595134347_rgbf000244-resize,-4.026580631015364,4.026580631015364,2.3715,25.742609854068213
952931.0,2.5,-1.1195350697603572,1.1195350697603572,000866_2014-06-09_20-45-42_260595134347_rgbf000139-resize,-4.251933987383406,4.251933987383406,3.2155,8.082259189449621
952931.0,2.5,-0.2891824139232569,0.2891824139232569,001555_2014-06-20_17-12-10_260595134347_rgbf000065-resize,-2.669433987383408,2.669433987383408,1.633,7.608284543781994
952931.0,2.5,-0.18056756415498776,0.18056756415498776,003534_2014-05-22_15-06-10_094959634447_rgbf000102-resize,-2.462433987383408,2.462433987383408,1.426,12.376994007247625
952931.0,2.5,-0.18577194305639344,0.18577194305639344,000773_2014-06-08_22-24-54_260595134347_rgbf000093-resize,-4.153494056487541,4.153494056487541,4.973,21.45352631724976
952931.0,2.5,-0.7013416626815723,0.7013416626815723,001059_2014-06-08_21-53-27_260595134347_rgbf000061-resize,-3.4549339873834075,3.4549339873834075,2.4185,8.755513319222857
952931.0,2.5,-1.149443506653059,1.149443506653059,001032_2014-06-08_13-23-17_260595134347_rgbf000021-resize,-4.308933987383408,4.308933987383408,3.2725,15.984983178828962
952931.0,2.5,-0.021814487995754084,0.021814487995754084,003292_2014-05-14_21-53-49_094959634447_rgbf000100-resize,-3.280640700119496,3.280640700119496,3.4815,33.084282711345374
952931.0,2.5,-0.5389156205881458,0.5389156205881458,001570_2014-06-20_17-21-09_260595134347_rgbf000135-resize,-4.266140700119496,4.266140700119496,4.467,22.179510675592084
952931.0,2.5,-0.364712093423586,0.364712093423586,001392_2014-06-19_16-07-59_260595134347_rgbf000046-resize,-3.934140700119496,3.934140700119496,4.135,18.95235574822112
952931.0,2.5,-0.5452121336181974,0.5452121336181974,000447_2014-06-08_16-15-46_260595134347_rgbf000130-resize,-4.278140700119496,4.278140700119496,4.479,19.081432914605553
952931.0,2.5,-0.36615504432630336,0.36615504432630336,001447_2014-06-19_17-00-32_260595134347_rgbf000082-resize,-3.936890700119496,3.936890700119496,4.13775,46.830399423560245
952931.0,2.5,-0.006846031119297824,0.006846031119297824,000742_2014-06-08_18-48-09_260595134347_rgbf000164-resize,-3.812494056487541,3.812494056487541,4.632,18.91549953899407
952931.0,2.5,-1.391611142030287,1.391611142030287,002758_2014-06-22_19-11-20_094959634447_rgbf000128-resize,-4.210080631015363,4.210080631015363,2.555,7.204478276142114
952931.0,2.5,-0.20680303511350773,0.20680303511350773,002549_2014-06-24_13-41-39_094959634447_rgbf000022-resize,-2.512433987383408,2.512433987383408,1.476,4.1736441355391865
952931.0,2.5,-0.04885126151313046,0.04885126151313046,002750_2014-06-22_19-08-03_094959634447_rgbf000094-resize,-2.7717873437514515,2.7717873437514515,2.354,8.789636111124727
952931.0,2.5,-0.08925388678924717,0.08925388678924717,000502_2014-06-08_23-02-32_260595134347_rgbf000063-resize,-2.8487873437514515,2.8487873437514515,2.431,13.897287578908273
952931.0,2.5,-0.8650510014627302,0.8650510014627302,001806_2014-06-26_20-50-20_260595134347_rgbf000091-resize,-3.766933987383408,3.766933987383408,2.7305,13.909869710567438
952931.0,2.5,-0.8028586968609428,0.8028586968609428,001617_2014-06-20_11-35-32_260595134347_rgbf000066-resize,-4.208787343751451,4.208787343751451,3.7910000000000004,19.974169961071475
952931.0,2.5,-0.6186856907321436,0.6186856907321436,000493_2014-06-09_21-01-18_260595134347_rgbf000196-resize,-3.8577873437514514,3.8577873437514514,3.44,19.629285382994567
952931.0,2.5,-0.32457182285705183,0.32457182285705183,000506_2014-06-08_23-21-00_260595134347_rgbf000070-resize,-3.857640700119497,3.857640700119497,4.0585,16.716212007621664
952931.0,2.5,-0.464960069345326,0.464960069345326,003228_2014-05-14_13-42-35_094959634447_rgbf000101-resize,-3.004433987383408,3.004433987383408,1.9680000000000002,14.40337638638131
952931.0,2.5,-0.11811290484361515,0.11811290484361515,000368_2014-06-09_15-53-01_260595134347_rgbf000155-resize,-2.903787343751451,2.903787343751451,2.4859999999999998,21.090700959072958
952931.0,2.5,-0.3158114169461522,0.3158114169461522,002763_2014-06-22_19-13-10_094959634447_rgbf000075-resize,-2.7201839873834075,2.7201839873834075,1.68375,5.5919783591245595
952931.0,2.5,-0.5116592076514879,0.5116592076514879,002209_2014-06-28_18-36-10_260595134347_rgbf000051-resize,-3.0934339873834067,3.0934339873834067,2.057,12.962068825921264
952931.0,2.5,-0.108639658438361,0.108639658438361,001828_2014-06-26_21-40-03_260595134347_rgbf000024-resize,-4.006494056487542,4.006494056487542,4.8260000000000005,35.55232951340613
952931.0,2.5,-0.30858242400245617,0.30858242400245617,000906_2014-06-08_13-35-43_260595134347_rgbf000155-resize,-3.266787343751451,3.266787343751451,2.8489999999999998,16.12201726422563
952931.0,2.5,-0.3132905703448932,0.3132905703448932,002570_2014-06-24_13-59-54_094959634447_rgbf000059-resize,-3.836140700119496,3.836140700119496,4.037,41.596140375002705
952931.0,2.5,-0.6142398990992932,0.6142398990992932,001810_2014-06-26_20-51-35_260595134347_rgbf000040-resize,-3.2889339873834067,3.2889339873834067,2.2525,22.411391411207674
952931.0,2.5,-1.3057926751357385,1.3057926751357385,002663_2014-06-13_15-50-26_094959634447_rgbf000075-resize,-5.167287343751452,5.167287343751452,4.7495,16.725954086732166
952931.0,2.5,-0.22699010932146255,0.22699010932146255,001092_2014-06-15_17-34-58_260595134347_rgbf000171-resize,-3.111287343751452,3.111287343751452,2.6935,9.164038324933468
952931.0,2.5,-0.4033067125928112,0.4033067125928112,001167_2014-06-17_15-38-07_260595134347_rgbf000108-resize,-2.8869339873834075,2.8869339873834075,1.8505,12.019050657019696
952931.0,2.5,-0.7630092578641899,0.7630092578641899,003587_2014-05-23_16-48-02_094959634447_rgbf002384-resize,-3.0120806310153627,3.0120806310153627,1.357,20.788172722830538
337468.0,2.5,-0.2815086044538133,0.2815086044538133,001808_2014-06-26_20-50-58_260595134347_rgbf000029-resize,-3.9051203373642913,3.9051203373642913,4.249,20.030651550568866
337468.0,2.5,-0.20655621642365604,0.20655621642365604,001815_2014-06-26_20-52-55_260595134347_rgbf000020-resize,-3.4202298233685737,3.4202298233685737,3.3865,18.626322656731816
337468.0,2.5,-0.17343909108312813,0.17343909108312813,001029_2014-06-08_13-17-57_260595134347_rgbf000065-resize,-3.2430996520366686,3.2430996520366686,3.0835,18.209734661918688
337468.0,2.5,-0.4213642916411212,0.4213642916411212,000677_2014-06-08_23-10-32_260595134347_rgbf000158-resize,-3.7155996520366688,3.7155996520366688,3.556,19.65196273325612
337468.0,2.5,-0.7308013581076314,0.7308013581076314,001417_2014-06-19_16-25-36_260595134347_rgbf000115-resize,-4.533359994700481,4.533359994700481,4.6255,49.17091269608214
337468.0,2.5,-0.4825533709072679,0.4825533709072679,003081_2014-06-15_15-19-16_094959634447_rgbf000150-resize,-3.9462298233685744,3.9462298233685744,3.9125,16.632991649560594
337468.0,2.5,-0.0521295293651558,0.0521295293651558,001158_2014-06-17_15-32-16_260595134347_rgbf000138-resize,-3.810010851360009,3.810010851360009,4.5315,26.954451973303737
337468.0,2.5,-0.5923989353122443,0.5923989353122443,000556_2014-06-09_22-42-56_260595134347_rgbf000214-resize,-4.4976203373642925,4.4976203373642925,4.8415,23.88242025565649
337468.0,2.5,-0.6713883298758079,0.6713883298758079,001150_2014-06-17_15-27-34_260595134347_rgbf000108-resize,-4.192099652036669,4.192099652036669,4.0325,11.088139074292139
337468.0,2.5,-0.28540412014320843,0.28540412014320843,000665_2014-06-09_20-42-35_260595134347_rgbf000110-resize,-3.342469480704763,3.342469480704763,3.057,18.49880761375764
337468.0,2.5,-0.5376478599201521,0.5376478599201521,002375_2014-06-28_20-13-44_260595134347_rgbf000032-resize,-4.0512298233685735,4.0512298233685735,4.0175,48.76103649676905
337468.0,2.5,-0.1374964958699517,0.1374964958699517,002568_2014-06-24_13-59-21_094959634447_rgbf000062-resize,-3.174599652036669,3.174599652036669,3.015,29.63840999388049
337468.0,2.5,-0.06625687872836837,0.06625687872836837,000788_2014-06-08_22-34-36_260595134347_rgbf000131-resize,-3.26685999470048,3.26685999470048,3.359,21.46386213810664
337468.0,2.5,-0.3503265972763334,0.3503265972763334,001235_2014-06-17_16-37-36_260595134347_rgbf000084-resize,-3.6942298233685738,3.6942298233685738,3.6605,14.547706659434104
337468.0,2.5,-0.3505889519859142,0.3505889519859142,000692_2014-06-08_13-09-42_260595134347_rgbf000199-resize,-3.6947298233685744,3.6947298233685744,3.661,54.80046590295557
337468.0,2.5,-0.5167199150861201,0.5167199150861201,001094_2014-06-15_17-36-00_260595134347_rgbf000205-resize,-4.1253599947004815,4.1253599947004815,4.2175,17.196771274488466
337468.0,2.5,-0.4561970360831564,0.4561970360831564,000780_2014-06-08_22-28-29_260595134347_rgbf000126-resize,-3.667969480704763,3.667969480704763,3.3825,14.165390776882042
337468.0,2.5,-0.10845618201721174,0.10845618201721174,001100_2014-06-15_17-46-26_260595134347_rgbf000225-resize,-2.7772091380409516,2.7772091380409516,2.24,9.548860596737413
337468.0,2.5,-0.11319774476570887,0.11319774476570887,002039_2014-06-24_20-22-38_260595134347_rgbf000084-resize,-3.8123806800281033,3.8123806800281033,4.408,15.524303639345458
337468.0,2.5,-0.5835599340975615,0.5835599340975615,002103_2014-06-25_20-00-40_260595134347_rgbf000049-resize,-4.138729823368575,4.138729823368575,4.105,11.598018874569219
337468.0,2.5,-0.2311365002134571,0.2311365002134571,000691_2014-06-08_13-08-50_260595134347_rgbf000132-resize,-3.809120337364292,3.809120337364292,4.1530000000000005,14.740846212587924
337468.0,2.5,-0.060364211251911236,0.060364211251911236,000929_2014-06-09_16-33-19_260595134347_rgbf000139-resize,-3.0275996520366686,3.0275996520366686,2.8680000000000003,19.501338012209015
337468.0,2.5,-0.21842261028777754,0.21842261028777754,000457_2014-06-08_16-52-43_260595134347_rgbf000199-resize,-3.55685999470048,3.55685999470048,3.6489999999999996,14.067279821032837
337468.0,2.5,-0.1421982536640769,0.1421982536640769,003621_2014-05-23_18-06-08_094959634447_rgbf000101-resize,-3.639620337364292,3.639620337364292,3.9835,23.07176470133362
337468.0,2.5,-0.4105266896369209,0.4105266896369209,001175_2014-06-17_15-45-55_260595134347_rgbf000129-resize,-4.0369901660323855,4.0369901660323855,4.255,15.34903910495583
337468.0,2.5,-0.3419312465696025,0.3419312465696025,003490_2014-05-21_15-50-11_094959634447_rgbf000101-resize,-3.6782298233685737,3.6782298233685737,3.6445,19.999457360175192
337468.0,2.5,-0.2785622707155744,0.2785622707155744,003048_2014-06-15_13-49-43_094959634447_rgbf000150-resize,-3.7854901660323863,3.7854901660323863,4.0035,24.355606534500392
337468.0,2.5,-0.2739813767870385,0.2739813767870385,000736_2014-06-08_18-24-15_260595134347_rgbf000206-resize,-3.5487298233685745,3.5487298233685745,3.515,33.408170606136416
337468.0,2.5,-0.6679172867183976,0.6679172867183976,000137_2014-05-20_17-04-49_260595134347_rgbf000120-resize,-4.071469480704763,4.071469480704763,3.786,14.89611111351161
337468.0,2.5,-0.4738956654909498,0.4738956654909498,002425_2014-06-28_20-27-29_260595134347_rgbf000031-resize,-3.9297298233685742,3.9297298233685742,3.8960000000000004,8.40495801096819
337468.0,2.5,-0.7521935804280423,0.7521935804280423,000917_2014-06-09_22-45-29_260595134347_rgbf000149-resize,-4.346099652036669,4.346099652036669,4.1865,9.740561609074897
337468.0,2.5,-0.3873186113278393,0.3873186113278393,002323_2014-06-28_20-01-54_260595134347_rgbf000051-resize,-3.7647298233685738,3.7647298233685738,3.7310000000000003,18.09172628388976
337468.0,2.5,-0.3234853579874315,0.3234853579874315,000414_2014-06-04_19-49-13_260595134347_rgbf000044-resize,-3.9851203373642914,3.9851203373642914,4.329,13.241348366125557
337468.0,2.5,-0.5132282449503203,0.5132282449503203,003129_2014-05-12_10-48-10_094959634447_rgbf000100-resize,-4.460750508696197,4.460750508696197,4.9305,17.9074543760639
337468.0,2.5,-0.0498287689116832,0.0498287689116832,002988_2014-06-15_12-24-20_094959634447_rgbf000150-resize,-3.9196410226919145,3.9196410226919145,4.7669999999999995,14.460306569198616
337468.0,2.5,-0.20568809338368602,0.20568809338368602,001052_2014-06-08_18-24-54_260595134347_rgbf000130-resize,-3.760620337364292,3.760620337364292,4.1045,25.87613690895519
337468.0,2.5,-0.07210974125045694,0.07210974125045694,001214_2014-06-17_16-13-55_260595134347_rgbf000111-resize,-2.935969480704763,2.935969480704763,2.6505,18.479282579459067
337468.0,2.5,-0.3768037959660129,0.3768037959660129,002748_2014-06-22_19-07-22_094959634447_rgbf000078-resize,-4.2007505086961965,4.2007505086961965,4.6705,35.71435075733748
337468.0,2.5,-0.19067344300454625,0.19067344300454625,002995_2014-06-15_12-31-26_094959634447_rgbf000150-resize,-3.6179901660323863,3.6179901660323863,3.8360000000000003,27.231594395483473
337468.0,2.5,-0.18784797313189736,0.18784797313189736,000436_2014-06-09_22-25-11_260595134347_rgbf000137-resize,-3.726620337364292,3.726620337364292,4.0705,20.69156545677159
337468.0,2.5,-0.4808377518057552,0.4808377518057552,002444_2014-06-28_20-32-08_260595134347_rgbf000027-resize,-4.170990166032384,4.170990166032384,4.388999999999999,17.102760279009576
337468.0,2.5,-0.2618320012349176,0.2618320012349176,001133_2014-06-17_14-49-16_260595134347_rgbf000100-resize,-3.867620337364292,3.867620337364292,4.2115,26.759918254713728
337468.0,2.5,-0.2729923898814921,0.2729923898814921,001132_2014-06-17_14-48-54_260595134347_rgbf000100-resize,-3.66085999470048,3.66085999470048,3.753,14.398279213278778
337468.0,2.5,-0.4170457524221721,0.4170457524221721,000854_2014-06-09_19-43-13_260595134347_rgbf000066-resize,-3.479339309372857,3.479339309372857,3.068,11.910827625938722
337468.0,2.5,-0.4318584800245345,0.4318584800245345,002660_2014-06-13_15-44-18_094959634447_rgbf001878-resize,-3.7355996520366688,3.7355996520366688,3.576,15.11997681444361
337468.0,2.5,-0.28395085575127776,0.28395085575127776,000739_2014-06-08_18-45-58_260595134347_rgbf000068-resize,-3.5677298233685737,3.5677298233685737,3.534,8.164356963721069
337468.0,2.5,-0.5798869681633645,0.5798869681633645,000734_2014-06-08_17-39-11_260595134347_rgbf000128-resize,-4.131729823368574,4.131729823368574,4.098,16.052231618370055
337468.0,2.5,-0.17745547063811495,0.17745547063811495,000522_2014-06-08_13-35-06_260595134347_rgbf000244-resize,-2.9087091380409515,2.9087091380409515,2.3715,25.742609854068213
337468.0,2.5,-0.2544860693665294,0.2544860693665294,002989_2014-06-15_12-25-03_094959634447_rgbf000150-resize,-3.853620337364291,3.853620337364291,4.1975,27.906783421951957
337468.0,2.5,-0.3685705630817128,0.3685705630817128,000866_2014-06-09_20-45-42_260595134347_rgbf000139-resize,-3.500969480704763,3.500969480704763,3.2155,8.082259189449621
337468.0,2.5,-0.4096585665969557,0.4096585665969557,000773_2014-06-08_22-24-54_260595134347_rgbf000093-resize,-4.377380680028103,4.377380680028103,4.973,21.45352631724976
337468.0,2.5,-0.07624698467102214,0.07624698467102214,001059_2014-06-08_21-53-27_260595134347_rgbf000061-resize,-2.8298393093728573,2.8298393093728573,2.4185,8.755513319222857
337468.0,2.5,-0.27260917130632045,0.27260917130632045,001032_2014-06-08_13-23-17_260595134347_rgbf000021-resize,-3.4320996520366687,3.4320996520366687,3.2725,15.984983178828962
337468.0,2.5,-0.38227343991292695,0.38227343991292695,003292_2014-05-14_21-53-49_094959634447_rgbf000100-resize,-3.6410996520366687,3.6410996520366687,3.4815,33.084282711345374
337468.0,2.5,-0.1705325622992806,0.1705325622992806,002639_2014-06-24_14-51-37_094959634447_rgbf000074-resize,-3.6936203373642913,3.6936203373642913,4.0375,16.521406794569987
337468.0,2.5,-0.6476349151691301,0.6476349151691301,001570_2014-06-20_17-21-09_260595134347_rgbf000135-resize,-4.37485999470048,4.37485999470048,4.467,22.179510675592084
337468.0,2.5,-0.34756155933647603,0.34756155933647603,001392_2014-06-19_16-07-59_260595134347_rgbf000046-resize,-3.9169901660323863,3.9169901660323863,4.135,18.95235574822112
337468.0,2.5,-0.2763219421948988,0.2763219421948988,000447_2014-06-08_16-15-46_260595134347_rgbf000130-resize,-4.009250508696199,4.009250508696199,4.479,19.081432914605553
337468.0,2.5,-0.6007441675753821,0.6007441675753821,001447_2014-06-19_17-00-32_260595134347_rgbf000082-resize,-4.171479823368574,4.171479823368574,4.13775,46.830399423560245
337468.0,2.5,-0.8600817980003315,0.8600817980003315,000742_2014-06-08_18-48-09_260595134347_rgbf000164-resize,-4.665729823368574,4.665729823368574,4.632,18.91549953899407
337468.0,2.5,-0.008740765396426625,0.008740765396426625,002630_2014-06-24_14-47-50_094959634447_rgbf000055-resize,-3.0432298233685744,3.0432298233685744,3.0095,10.661401196716628
337468.0,2.5,-0.2333163968013403,0.2333163968013403,001199_2014-06-17_16-03-48_260595134347_rgbf000077-resize,-3.4712298233685743,3.4712298233685743,3.4375,28.282249848901696
337468.0,2.5,-0.22457763247381468,0.22457763247381468,003083_2014-06-15_15-21-03_094959634447_rgbf000063-resize,-3.796620337364292,3.796620337364292,4.1405,19.172834459547143
337468.0,2.5,-0.5446710051461597,0.5446710051461597,001617_2014-06-20_11-35-32_260595134347_rgbf000066-resize,-3.9505996520366686,3.9505996520366686,3.7910000000000004,19.974169961071475
337468.0,2.5,-0.6850307747742247,0.6850307747742247,000506_2014-06-08_23-21-00_260595134347_rgbf000070-resize,-4.21809965203667,4.21809965203667,4.0585,16.716212007621664
337468.0,2.5,-0.06534895073403088,0.06534895073403088,003079_2014-06-15_15-18-20_094959634447_rgbf000152-resize,-3.0370996520366687,3.0370996520366687,2.8775,9.032134209869396
337468.0,2.5,-0.4926643407154986,0.4926643407154986,001449_2014-06-19_17-01-27_260595134347_rgbf000116-resize,-3.737469480704763,3.737469480704763,3.452,8.994872108877228
337468.0,2.5,-0.28232268821964324,0.28232268821964324,001450_2014-06-19_17-02-03_260595134347_rgbf000203-resize,-3.7926568326990866,3.7926568326990866,4.0106666666667,12.34882649363641
337468.0,2.5,-0.12825364910167966,0.12825364910167966,002600_2014-06-24_14-27-04_094959634447_rgbf000074-resize,-3.042969480704763,3.042969480704763,2.7575,44.47386082434929
337468.0,2.5,-0.33517045605318674,0.33517045605318674,000009_2014-05-26_14-32-05_260595134347_rgbf000034-resize,-3.77935999470048,3.77935999470048,3.8715,34.796526826055185
337468.0,2.5,-1.2136150826555832,1.2136150826555832,001828_2014-06-26_21-40-03_260595134347_rgbf000024-resize,-5.111469480704764,5.111469480704764,4.8260000000000005,35.55232951340613
337468.0,2.5,-0.42200986492587744,0.42200986492587744,002570_2014-06-24_13-59-54_094959634447_rgbf000059-resize,-3.9448599947004803,3.9448599947004803,4.037,41.596140375002705
337468.0,2.5,-0.917799834109075,0.917799834109075,002467_2014-06-28_20-38-07_260595134347_rgbf000026-resize,-4.775729823368574,4.775729823368574,4.742,15.331046216195933
337468.0,2.5,-0.06593409208599252,0.06593409208599252,003010_2014-06-15_12-54-35_094959634447_rgbf000112-resize,-3.1522298233685744,3.1522298233685744,3.1185,6.696951333567531
337468.0,2.5,-0.6699954974166724,0.6699954974166724,002663_2014-06-13_15-50-26_094959634447_rgbf000075-resize,-4.531490166032387,4.531490166032387,4.7495,16.725954086732166
337468.0,2.5,-0.3886303848757682,0.3886303848757682,000409_2014-06-04_19-23-33_260595134347_rgbf000067-resize,-3.7672298233685737,3.7672298233685737,3.7335,12.696549983566419
807165.0,2.5,-0.05037315445613163,0.05037315445613163,001029_2014-06-08_13-17-57_260595134347_rgbf000065-resize,-3.120033715409672,3.120033715409672,3.0835,18.209734661918688
807165.0,2.5,-0.8609175723230551,0.8609175723230551,000677_2014-06-08_23-10-32_260595134347_rgbf000158-resize,-4.155152932718603,4.155152932718603,3.556,19.65196273325612
807165.0,2.5,-0.4730256768048738,0.4730256768048738,001516_2014-06-20_16-25-09_260595134347_rgbf000076-resize,-2.906272150027533,2.906272150027533,1.7445,3.8622659094666254
807165.0,2.5,-0.4243593355733117,0.4243593355733117,000682_2014-06-08_23-14-58_260595134347_rgbf000041-resize,-3.323152932718603,3.323152932718603,2.7239999999999998,8.707843071693064
807165.0,2.5,-0.5811158171539705,0.5811158171539705,001650_2014-06-20_12-09-00_260595134347_rgbf000087-resize,-3.112272150027533,3.112272150027533,1.9505,47.6804595860539
807165.0,2.5,-1.192008301026575,1.192008301026575,001244_2014-06-17_16-47-45_260595134347_rgbf000030-resize,-3.766891367336464,3.766891367336464,2.0425,6.7629638807870815
807165.0,2.5,-0.4105852559236003,0.4105852559236003,003495_2014-05-21_16-01-51_094959634447_rgbf000100-resize,-2.7872721500275333,2.7872721500275333,1.6255,12.747278812179
807165.0,2.5,-0.24753317610588846,0.24753317610588846,001158_2014-06-17_15-32-16_260595134347_rgbf000138-resize,-4.005414498100741,4.005414498100741,4.5315,26.954451973303737
807165.0,2.5,-1.5354315306665554,1.5354315306665554,000556_2014-06-09_22-42-56_260595134347_rgbf000214-resize,-5.440652932718604,5.440652932718604,4.8415,23.88242025565649
807165.0,2.5,-0.03646835484811769,0.03646835484811769,000665_2014-06-09_20-42-35_260595134347_rgbf000110-resize,-3.0935337154096723,3.0935337154096723,3.057,18.49880761375764
807165.0,2.5,-1.6656901865791105,1.6656901865791105,002375_2014-06-28_20-13-44_260595134347_rgbf000032-resize,-5.179272150027534,5.179272150027534,4.0175,48.76103649676905
807165.0,2.5,-0.014430559242955188,0.014430559242955188,002568_2014-06-24_13-59-21_094959634447_rgbf000062-resize,-3.0515337154096724,3.0515337154096724,3.015,29.63840999388049
807165.0,2.5,-0.08277441848638134,0.08277441848638134,001094_2014-06-15_17-36-00_260595134347_rgbf000205-resize,-3.6914144981007415,3.6914144981007415,4.2175,17.196771274488466
807165.0,2.5,-0.5184130415631111,0.5184130415631111,000470_2014-06-09_19-42-40_260595134347_rgbf000094-resize,-2.992772150027533,2.992772150027533,1.831,22.486379427626872
807165.0,2.5,-0.2683890033284355,0.2683890033284355,000109_2014-05-14_23-41-52_260595134347_rgbf000035-resize,-2.5162721500275333,2.5162721500275333,1.3545,6.620498200896815
807165.0,2.5,-0.8058221685171885,0.8058221685171885,002509_2014-06-24_13-19-22_094959634447_rgbf000077-resize,-3.030891367336464,3.030891367336464,1.3065,40.21868783296904
807165.0,2.5,-0.5045956935249757,0.5045956935249757,002784_2014-06-22_19-26-30_094959634447_rgbf000083-resize,-2.9664388166942333,2.9664388166942333,1.8046666666667,3.0422522474895675
807165.0,2.5,-0.17039997669486273,0.17039997669486273,001100_2014-06-15_17-46-26_260595134347_rgbf000225-resize,-2.839152932718603,2.839152932718603,2.24,9.548860596737413
807165.0,2.5,-0.42449005553161423,0.42449005553161423,000469_2014-06-09_19-42-10_260595134347_rgbf000081-resize,-2.8137721500275332,2.8137721500275332,1.652,25.13136208408983
807165.0,2.5,-1.0075729401881934,1.0075729401881934,002964_2014-06-08_17-46-11_094959634447_rgbf000091-resize,-3.415391367336464,3.415391367336464,1.6909999999999998,28.953812917975768
807165.0,2.5,-0.021907211069644997,0.021907211069644997,002136_2014-06-25_21-18-03_260595134347_rgbf000109-resize,-2.5561529327186028,2.5561529327186028,1.9569999999999999,13.297078442475444
807165.0,2.5,-0.18273156283834716,0.18273156283834716,002039_2014-06-24_20-22-38_260595134347_rgbf000084-resize,-3.8819144981007416,3.8819144981007416,4.408,15.524303639345458
807165.0,2.5,-0.023744608829728286,0.023744608829728286,002103_2014-06-25_20-00-40_260595134347_rgbf000049-resize,-3.5789144981007417,3.5789144981007417,4.105,11.598018874569219
807165.0,2.5,-0.3470963309969696,0.3470963309969696,000457_2014-06-08_16-52-43_260595134347_rgbf000199-resize,-3.685533715409672,3.685533715409672,3.6489999999999996,14.067279821032837
807165.0,2.5,-0.8472751274246197,0.8472751274246197,001584_2014-06-20_11-07-43_260595134347_rgbf000002-resize,-4.129152932718601,4.129152932718601,3.53,17.602834139105468
807165.0,2.5,-0.1024510217052762,0.1024510217052762,001175_2014-06-17_15-45-55_260595134347_rgbf000129-resize,-3.7289144981007416,3.7289144981007416,4.255,15.34903910495583
807165.0,2.5,-0.9073543559196308,0.9073543559196308,003490_2014-05-21_15-50-11_094959634447_rgbf000101-resize,-4.243652932718603,4.243652932718603,3.6445,19.999457360175192
807165.0,2.5,-0.3470079646341123,0.3470079646341123,002279_2014-06-28_18-55-32_260595134347_rgbf000040-resize,-2.666105483360833,2.666105483360833,1.5043333333333,15.963772282558683
807165.0,2.5,-0.08329821311258345,0.08329821311258345,000635_2014-06-08_16-38-42_260595134347_rgbf000106-resize,-2.6731529327186028,2.6731529327186028,2.074,10.796976226722654
807165.0,2.5,-0.5331058200928607,0.5331058200928607,003048_2014-06-15_13-49-43_094959634447_rgbf000150-resize,-4.040033715409671,4.040033715409671,4.0035,24.355606534500392
807165.0,2.5,-0.38644862264176494,0.38644862264176494,002344_2014-06-28_20-06-29_260595134347_rgbf000030-resize,-2.741272150027533,2.741272150027533,1.5795,37.33165518125916
807165.0,2.5,-0.269570056918055,0.269570056918055,001055_2014-06-08_18-45-35_260595134347_rgbf000111-resize,-3.028152932718603,3.028152932718603,2.4290000000000003,8.406298609581565
807165.0,2.5,-1.0862793530637485,1.0862793530637485,000549_2014-06-08_22-10-24_260595134347_rgbf000247-resize,-3.5653913673364643,3.5653913673364643,1.841,30.99307977870557
807165.0,2.5,-1.1676093130351533,1.1676093130351533,002199_2014-06-28_18-33-56_260595134347_rgbf000074-resize,-3.720391367336464,3.720391367336464,1.996,17.12852126070164
807165.0,2.5,-1.1917468611099762,1.1917468611099762,000917_2014-06-09_22-45-29_260595134347_rgbf000149-resize,-4.7856529327186035,4.7856529327186035,4.1865,9.740561609074897
807165.0,2.5,-0.09274298265764737,0.09274298265764737,000878_2014-06-08_22-52-45_260595134347_rgbf000045-resize,-2.6911529327186026,2.6911529327186026,2.092,5.576511521775202
807165.0,2.5,-0.9341136215043396,0.9341136215043396,002953_2014-06-08_17-32-18_094959634447_rgbf000059-resize,-3.2753913673364643,3.2753913673364643,1.551,13.905027931093345
807165.0,2.5,-1.0195114516637953,1.0195114516637953,003129_2014-05-12_10-48-10_094959634447_rgbf000100-resize,-4.967033715409673,4.967033715409673,4.9305,17.9074543760639
807165.0,2.5,-0.3857931932642966,0.3857931932642966,001214_2014-06-17_16-13-55_260595134347_rgbf000111-resize,-3.249652932718603,3.249652932718603,2.6505,18.479282579459067
807165.0,2.5,-0.7174086313869839,0.7174086313869839,002272_2014-06-28_18-53-56_260595134347_rgbf000067-resize,-2.862391367336464,2.862391367336464,1.138,10.409245808146235
807165.0,2.5,-0.4452169923818325,0.4452169923818325,002995_2014-06-15_12-31-26_094959634447_rgbf000150-resize,-3.8725337154096717,3.8725337154096717,3.8360000000000003,27.231594395483473
807165.0,2.5,-0.5947582620523963,0.5947582620523963,000943_2014-06-09_19-31-07_260595134347_rgbf000128-resize,-3.138272150027533,3.138272150027533,1.9765,15.893099149291922
807165.0,2.5,-0.20647420665930544,0.20647420665930544,000758_2014-06-08_22-05-08_260595134347_rgbf000085-resize,-3.4175337154096717,3.4175337154096717,3.3810000000000002,11.91317737826679
807165.0,2.5,-1.167478593076848,1.167478593076848,000854_2014-06-09_19-43-13_260595134347_rgbf000066-resize,-4.229772150027533,4.229772150027533,3.068,11.910827625938722
807165.0,2.5,-0.2302168504802815,0.2302168504802815,001164_2014-06-17_15-35-46_260595134347_rgbf000085-resize,-2.953152932718603,2.953152932718603,2.354,17.325668807481115
807165.0,2.5,-0.5365155165244886,0.5365155165244886,001136_2014-06-17_15-19-41_260595134347_rgbf000076-resize,-3.027272150027533,3.027272150027533,1.8655,18.667799879387072
807165.0,2.5,-0.30879254339753803,0.30879254339753803,002660_2014-06-13_15-44-18_094959634447_rgbf001878-resize,-3.612533715409672,3.612533715409672,3.576,15.11997681444361
807165.0,2.5,-0.2867547477923755,0.2867547477923755,000739_2014-06-08_18-45-58_260595134347_rgbf000068-resize,-3.5705337154096717,3.5705337154096717,3.534,8.164356963721069
807165.0,2.5,-1.1453100775133926,1.1453100775133926,000734_2014-06-08_17-39-11_260595134347_rgbf000128-resize,-4.697152932718604,4.697152932718604,4.098,16.052231618370055
807165.0,2.5,-1.3646376999336274,1.3646376999336274,000522_2014-06-08_13-35-06_260595134347_rgbf000244-resize,-4.095891367336464,4.095891367336464,2.3715,25.742609854068213
807165.0,2.5,-0.5501579614229207,0.5501579614229207,002949_2014-06-26_15-57-42_094959634447_rgbf000079-resize,-3.0532721500275333,3.0532721500275333,1.8915,17.99500168321199
807165.0,2.5,-0.11963479778662207,0.11963479778662207,000866_2014-06-09_20-45-42_260595134347_rgbf000139-resize,-3.2520337154096723,3.2520337154096723,3.2155,8.082259189449621
807165.0,2.5,-0.4145205765673826,0.4145205765673826,001555_2014-06-20_17-12-10_260595134347_rgbf000065-resize,-2.794772150027533,2.794772150027533,1.633,7.608284543781994
807165.0,2.5,-0.30590572679911343,0.30590572679911343,003534_2014-05-22_15-06-10_094959634447_rgbf000102-resize,-2.5877721500275332,2.5877721500275332,1.426,12.376994007247625
807165.0,2.5,-0.29291962607114,0.29291962607114,002340_2014-06-28_20-05-46_260595134347_rgbf000113-resize,-3.0726529327186025,3.0726529327186025,2.4735,7.91768620575396
807165.0,2.5,-0.7121624519882543,0.7121624519882543,001032_2014-06-08_13-23-17_260595134347_rgbf000021-resize,-3.871652932718603,3.871652932718603,3.2725,15.984983178828962
807165.0,2.5,-0.2592075032859304,0.2592075032859304,003292_2014-05-14_21-53-49_094959634447_rgbf000100-resize,-3.5180337154096724,3.5180337154096724,3.4815,33.084282711345374
807165.0,2.5,-0.21368941856939128,0.21368941856939128,001570_2014-06-20_17-21-09_260595134347_rgbf000135-resize,-3.9409144981007413,3.9409144981007413,4.467,22.179510675592084
807165.0,2.5,-0.03948589140483138,0.03948589140483138,001392_2014-06-19_16-07-59_260595134347_rgbf000046-resize,-3.6089144981007415,3.6089144981007415,4.135,18.95235574822112
807165.0,2.5,-0.3002664727324983,0.3002664727324983,000742_2014-06-08_18-48-09_260595134347_rgbf000164-resize,-4.105914498100741,4.105914498100741,4.632,18.91549953899407
807165.0,2.5,-0.335683443733527,0.335683443733527,002758_2014-06-22_19-11-20_094959634447_rgbf000128-resize,-3.154152932718602,3.154152932718602,2.555,7.204478276142114
807165.0,2.5,-0.3321411977576334,0.3321411977576334,002549_2014-06-24_13-41-39_094959634447_rgbf000022-resize,-2.637772150027533,2.637772150027533,1.476,4.1736441355391865
807165.0,2.5,-0.23743206239036405,0.23743206239036405,000493_2014-06-09_21-01-18_260595134347_rgbf000196-resize,-3.4765337154096723,3.4765337154096723,3.44,19.629285382994567
807165.0,2.5,-0.2437285754204079,0.2437285754204079,001449_2014-06-19_17-01-27_260595134347_rgbf000116-resize,-3.4885337154096723,3.4885337154096723,3.452,8.994872108877228
807165.0,2.5,-0.4419371011155193,0.4419371011155193,002600_2014-06-24_14-27-04_094959634447_rgbf000074-resize,-3.3566529327186023,3.3566529327186023,2.7575,44.47386082434929
807165.0,2.5,-1.1529174492983827,1.1529174492983827,003228_2014-05-14_13-42-35_094959634447_rgbf000101-resize,-3.692391367336464,3.692391367336464,1.9680000000000002,14.40337638638131
807165.0,2.5,-0.299478493810766,0.299478493810766,000368_2014-06-09_15-53-01_260595134347_rgbf000155-resize,-3.0851529327186027,3.0851529327186027,2.4859999999999998,21.090700959072958
807165.0,2.5,-0.4411495795902779,0.4411495795902779,002763_2014-06-22_19-13-10_094959634447_rgbf000075-resize,-2.8455221500275334,2.8455221500275334,1.68375,5.5919783591245595
807165.0,2.5,-0.07437815298668315,0.07437815298668315,002209_2014-06-28_18-36-10_260595134347_rgbf000051-resize,-2.6561529327186024,2.6561529327186024,2.057,12.962068825921264
807165.0,2.5,-0.9646793173604924,0.9646793173604924,001828_2014-06-26_21-40-03_260595134347_rgbf000024-resize,-4.862533715409673,4.862533715409673,4.8260000000000005,35.55232951340613
807165.0,2.5,-0.08211807431593908,0.08211807431593908,002805_2014-06-22_19-54-03_094959634447_rgbf000079-resize,-3.1805337154096724,3.1805337154096724,3.1439999999999997,7.377848172936663
807165.0,2.5,-0.4004850570010632,0.4004850570010632,000927_2014-06-09_16-32-30_260595134347_rgbf000123-resize,-3.2776529327186026,3.2776529327186026,2.6785,11.715239650325241
807165.0,2.5,-1.113302802944,1.113302802944,002570_2014-06-24_13-59-54_094959634447_rgbf000059-resize,-4.636152932718604,4.636152932718604,4.037,41.596140375002705
807165.0,2.5,-0.3579845088412418,0.3579845088412418,002467_2014-06-28_20-38-07_260595134347_rgbf000026-resize,-4.215914498100742,4.215914498100742,4.742,15.331046216195933
807165.0,2.5,-0.1769588444344885,0.1769588444344885,001810_2014-06-26_20-51-35_260595134347_rgbf000040-resize,-2.8516529327186024,2.8516529327186024,2.2525,22.411391411207674
807165.0,2.5,-0.2926572713615587,0.2926572713615587,001011_2014-06-08_23-18-54_260595134347_rgbf000044-resize,-3.0721529327186032,3.0721529327186032,2.4730000000000003,11.624075606213012
807165.0,2.5,-0.5900358772798651,0.5900358772798651,002875_2014-06-01_15-19-00_094959634447_rgbf000151-resize,-3.1292721500275333,3.1292721500275333,1.9675,11.625680938349673
807165.0,2.5,-0.0027553172699306128,0.0027553172699306128,002545_2014-06-24_13-38-53_094959634447_rgbf000080-resize,-2.5196529327186026,2.5196529327186026,1.9205,12.083824048628237
807165.0,2.5,-0.5286448752369368,0.5286448752369368,001167_2014-06-17_15-38-07_260595134347_rgbf000108-resize,-3.0122721500275333,3.0122721500275333,1.8505,12.019050657019696
807165.0,2.5,-0.8323199941852915,0.8323199941852915,003587_2014-05-23_16-48-02_094959634447_rgbf002384-resize,-3.0813913673364643,3.0813913673364643,1.357,20.788172722830538
124747.0,2.5,-0.15693633306864274,0.15693633306864274,001808_2014-06-26_20-50-58_260595134347_rgbf000029-resize,-3.7805480659791213,3.7805480659791213,4.249,20.030651550568866
124747.0,2.5,-0.7657244760043436,0.7657244760043436,001029_2014-06-08_13-17-57_260595134347_rgbf000065-resize,-3.835385036957885,3.835385036957885,3.0835,18.209734661918688
124747.0,2.5,-1.0136496765623366,1.0136496765623366,000677_2014-06-08_23-10-32_260595134347_rgbf000158-resize,-4.3078850369578845,4.3078850369578845,3.556,19.65196273325612
124747.0,2.5,-0.35448942938627226,0.35448942938627226,001417_2014-06-19_16-25-36_260595134347_rgbf000115-resize,-4.1570480659791205,4.1570480659791205,4.6255,49.17091269608214
124747.0,2.5,-0.5905400990071964,0.5905400990071964,003081_2014-06-15_15-19-16_094959634447_rgbf000150-resize,-4.054216551468503,4.054216551468503,3.9125,16.632991649560594
124747.0,2.5,-1.1872599253019744,1.1872599253019744,000682_2014-06-08_23-14-58_260595134347_rgbf000041-resize,-4.086053522447266,4.086053522447266,2.7239999999999998,8.707843071693064
124747.0,2.5,-1.3915656750630845,1.3915656750630845,001650_2014-06-20_12-09-00_260595134347_rgbf000087-resize,-3.922722007936647,3.922722007936647,1.9505,47.6804595860539
124747.0,2.5,-0.21950197064799504,0.21950197064799504,001244_2014-06-17_16-47-45_260595134347_rgbf000030-resize,-2.7943850369578844,2.7943850369578844,2.0425,6.7629638807870815
124747.0,2.5,-1.2210351138327142,1.2210351138327142,003495_2014-05-21_16-01-51_094959634447_rgbf000100-resize,-3.597722007936647,3.597722007936647,1.6255,12.747278812179
124747.0,2.5,-0.4678266639270737,0.4678266639270737,000556_2014-06-09_22-42-56_260595134347_rgbf000214-resize,-4.3730480659791215,4.3730480659791215,4.8415,23.88242025565649
124747.0,2.5,-0.6535052293076421,0.6535052293076421,001150_2014-06-17_15-27-34_260595134347_rgbf000108-resize,-4.1742165514685015,4.1742165514685015,4.0325,11.088139074292139
124747.0,2.5,-0.7518196763963296,0.7518196763963296,000665_2014-06-09_20-42-35_260595134347_rgbf000110-resize,-3.808885036957884,3.808885036957884,3.057,18.49880761375764
124747.0,2.5,-0.6456345880200803,0.6456345880200803,002375_2014-06-28_20-13-44_260595134347_rgbf000032-resize,-4.159216551468503,4.159216551468503,4.0175,48.76103649676905
124747.0,2.5,-1.3399503662805483,1.3399503662805483,002568_2014-06-24_13-59-21_094959634447_rgbf000062-resize,-4.377053522447266,4.377053522447266,3.015,29.63840999388049
124747.0,2.5,-0.9102819209857724,0.9102819209857724,000788_2014-06-08_22-34-36_260595134347_rgbf000131-resize,-4.1108850369578835,4.1108850369578835,3.359,21.46386213810664
124747.0,2.5,-0.4583133253762618,0.4583133253762618,001235_2014-06-17_16-37-36_260595134347_rgbf000084-resize,-3.802216551468503,3.802216551468503,3.6605,14.547706659434104
124747.0,2.5,-0.14040798636476104,0.14040798636476104,001094_2014-06-15_17-36-00_260595134347_rgbf000205-resize,-3.7490480659791214,3.7490480659791214,4.2175,17.196771274488466
124747.0,2.5,-0.9226125923362776,0.9226125923362776,000780_2014-06-08_22-28-29_260595134347_rgbf000126-resize,-4.134385036957884,4.134385036957884,3.3825,14.165390776882042
124747.0,2.5,-0.1085259284934621,0.1085259284934621,000470_2014-06-09_19-42-40_260595134347_rgbf000094-resize,-2.582885036957884,2.582885036957884,1.831,22.486379427626872
124747.0,2.5,-0.4686703757481678,0.4686703757481678,000109_2014-05-14_23-41-52_260595134347_rgbf000035-resize,-2.716553522447265,2.716553522447265,1.3545,6.620498200896815
124747.0,2.5,-1.0536528091173714,1.0536528091173714,002509_2014-06-24_13-19-22_094959634447_rgbf000077-resize,-3.278722007936647,3.278722007936647,1.3065,40.21868783296904
124747.0,2.5,-1.256452999626719,1.256452999626719,003338_2014-05-20_11-01-23_094959634447_rgbf000051-resize,-3.665222007936647,3.665222007936647,1.693,28.251495663089063
124747.0,2.5,-0.704877065944708,0.704877065944708,002784_2014-06-22_19-26-30_094959634447_rgbf000083-resize,-3.166720189113965,3.166720189113965,1.8046666666667,3.0422522474895675
124747.0,2.5,-0.32313208093414425,0.32313208093414425,001100_2014-06-15_17-46-26_260595134347_rgbf000225-resize,-2.9918850369578847,2.9918850369578847,2.24,9.548860596737413
124747.0,2.5,-0.6452350952989947,0.6452350952989947,002964_2014-06-08_17-46-11_094959634447_rgbf000091-resize,-3.053053522447265,3.053053522447265,1.6909999999999998,28.953812917975768
124747.0,2.5,-0.1746393153089265,0.1746393153089265,002136_2014-06-25_21-18-03_260595134347_rgbf000109-resize,-2.7088850369578843,2.7088850369578843,1.9569999999999999,13.297078442475444
124747.0,2.5,-0.08137817670810799,0.08137817670810799,002103_2014-06-25_20-00-40_260595134347_rgbf000049-resize,-3.6365480659791216,3.6365480659791216,4.105,11.598018874569219
124747.0,2.5,-0.7167327143176684,0.7167327143176684,000691_2014-06-08_13-08-50_260595134347_rgbf000132-resize,-4.294716551468503,4.294716551468503,4.1530000000000005,14.740846212587924
124747.0,2.5,-0.6526495961731267,0.6526495961731267,000929_2014-06-09_16-33-19_260595134347_rgbf000139-resize,-3.6198850369578848,3.6198850369578848,2.8680000000000003,19.501338012209015
124747.0,2.5,-0.4522791670558003,0.4522791670558003,000457_2014-06-08_16-52-43_260595134347_rgbf000199-resize,-3.790716551468503,3.790716551468503,3.6489999999999996,14.067279821032837
124747.0,2.5,-0.017625982278906327,0.017625982278906327,003621_2014-05-23_18-06-08_094959634447_rgbf000101-resize,-3.5150480659791214,3.5150480659791214,3.9835,23.07176470133362
124747.0,2.5,-0.38983874617452,0.38983874617452,001584_2014-06-20_11-07-43_260595134347_rgbf000002-resize,-3.671716551468503,3.671716551468503,3.53,17.602834139105468
124747.0,2.5,-0.4499179746695309,0.4499179746695309,003490_2014-05-21_15-50-11_094959634447_rgbf000101-resize,-3.786216551468503,3.786216551468503,3.6445,19.999457360175192
124747.0,2.5,-0.5472893370538446,0.5472893370538446,002279_2014-06-28_18-55-32_260595134347_rgbf000040-resize,-2.8663868557805654,2.8663868557805654,1.5043333333333,15.963772282558683
124747.0,2.5,-0.2995201570714723,0.2995201570714723,002725_2014-06-22_11-47-51_094959634447_rgbf000070-resize,-2.946885036957884,2.946885036957884,2.195,3.938570017428758
124747.0,2.5,-0.5867299950614973,0.5867299950614973,002344_2014-06-28_20-06-29_260595134347_rgbf000030-resize,-2.9415535224472653,2.9415535224472653,1.5795,37.33165518125916
124747.0,2.5,-0.11377302268516852,0.11377302268516852,000549_2014-06-08_22-10-24_260595134347_rgbf000247-resize,-2.592885036957884,2.592885036957884,1.841,30.99307977870557
124747.0,2.5,-0.3819681048869669,0.3819681048869669,000736_2014-06-08_18-24-15_260595134347_rgbf000206-resize,-3.6567165514685027,3.6567165514685027,3.515,33.408170606136416
124747.0,2.5,-0.6597331733319309,0.6597331733319309,000642_2014-06-08_16-59-25_260595134347_rgbf000098-resize,-3.633385036957885,3.633385036957885,2.8815,31.36214301237791
124747.0,2.5,-0.1951029826565731,0.1951029826565731,002199_2014-06-28_18-33-56_260595134347_rgbf000074-resize,-2.7478850369578844,2.7478850369578844,1.996,17.12852126070164
124747.0,2.5,-0.5379320190786573,0.5379320190786573,000810_2014-06-08_17-20-01_260595134347_rgbf000105-resize,-2.8485535224472653,2.8485535224472653,1.4865,3.0958890116960642
124747.0,2.5,-0.5385252975035781,0.5385252975035781,001214_2014-06-17_16-13-55_260595134347_rgbf000111-resize,-3.4023850369578845,3.4023850369578845,2.6505,18.479282579459067
124747.0,2.5,-0.1237425016494077,0.1237425016494077,001571_2014-06-20_17-21-32_260595134347_rgbf000089-resize,-2.6118850369578843,2.6118850369578843,1.86,4.991960350191473
124747.0,2.5,-0.23039565175249024,0.23039565175249024,002444_2014-06-28_20-32-08_260595134347_rgbf000027-resize,-3.92054806597912,3.92054806597912,4.388999999999999,17.102760279009576
124747.0,2.5,-0.137259729849747,0.137259729849747,001133_2014-06-17_14-49-16_260595134347_rgbf000100-resize,-3.743048065979121,3.743048065979121,4.2115,26.759918254713728
124747.0,2.5,-0.08104725299277246,0.08104725299277246,003070_2014-06-15_14-58-27_094959634447_rgbf000150-resize,-3.083216551468503,3.083216551468503,2.9415,10.664823740812926
124747.0,2.5,-0.7950396344721287,0.7950396344721287,000943_2014-06-09_19-31-07_260595134347_rgbf000128-resize,-3.3385535224472656,3.3385535224472656,1.9765,15.893099149291922
124747.0,2.5,-0.09383406475669208,0.09383406475669208,000709_2014-06-08_13-51-55_260595134347_rgbf000068-resize,-2.5548850369578844,2.5548850369578844,1.8030000000000002,14.429351101546246
124747.0,2.5,-0.9931174402089442,0.9931174402089442,001164_2014-06-17_15-35-46_260595134347_rgbf000085-resize,-3.7160535224472655,3.7160535224472655,2.354,17.325668807481115
124747.0,2.5,-1.3469653744336023,1.3469653744336023,001136_2014-06-17_15-19-41_260595134347_rgbf000076-resize,-3.8377220079366468,3.8377220079366468,1.8655,18.667799879387072
124747.0,2.5,-0.07770521077391103,0.07770521077391103,000734_2014-06-08_17-39-11_260595134347_rgbf000128-resize,-3.6295480659791215,3.6295480659791215,4.098,16.052231618370055
124747.0,2.5,-1.0022998550444286,1.0022998550444286,000522_2014-06-08_13-35-06_260595134347_rgbf000244-resize,-3.7335535224472656,3.7335535224472656,2.3715,25.742609854068213
124747.0,2.5,-0.7504393338426529,0.7504393338426529,002949_2014-06-26_15-57-42_094959634447_rgbf000079-resize,-3.2535535224472656,3.2535535224472656,1.8915,17.99500168321199
124747.0,2.5,-0.2248176338454527,0.2248176338454527,000866_2014-06-09_20-45-42_260595134347_rgbf000139-resize,-3.357216551468503,3.357216551468503,3.2155,8.082259189449621
124747.0,2.5,-0.6148019489871149,0.6148019489871149,001555_2014-06-20_17-12-10_260595134347_rgbf000065-resize,-2.9950535224472654,2.9950535224472654,1.633,7.608284543781994
124747.0,2.5,-0.01696413484823311,0.01696413484823311,001016_2014-06-09_16-16-10_260595134347_rgbf000112-resize,-2.4083850369578843,2.4083850369578843,1.6565,7.049977084494088
124747.0,2.5,-0.25472607073815456,0.25472607073815456,001032_2014-06-08_13-23-17_260595134347_rgbf000021-resize,-3.414216551468503,3.414216551468503,3.2725,15.984983178828962
124747.0,2.5,-0.27132298644777103,0.27132298644777103,001570_2014-06-20_17-21-09_260595134347_rgbf000135-resize,-3.9985480659791213,3.9985480659791213,4.467,22.179510675592084
124747.0,2.5,-0.09711945928321107,0.09711945928321107,001392_2014-06-19_16-07-59_260595134347_rgbf000046-resize,-3.6665480659791214,3.6665480659791214,4.135,18.95235574822112
124747.0,2.5,-0.2776194994778226,0.2776194994778226,000447_2014-06-08_16-15-46_260595134347_rgbf000130-resize,-4.010548065979122,4.010548065979122,4.479,19.081432914605553
124747.0,2.5,-1.3188993811646916,1.3188993811646916,001447_2014-06-19_17-00-32_260595134347_rgbf000082-resize,-4.889635036957884,4.889635036957884,4.13775,46.830399423560245
124747.0,2.5,-0.116727493496355,0.116727493496355,002630_2014-06-24_14-47-50_094959634447_rgbf000055-resize,-3.1512165514685027,3.1512165514685027,3.0095,10.661401196716628
124747.0,2.5,-0.4884155479728085,0.4884155479728085,002758_2014-06-22_19-11-20_094959634447_rgbf000128-resize,-3.3068850369578837,3.3068850369578837,2.555,7.204478276142114
124747.0,2.5,-0.5324225701773657,0.5324225701773657,002549_2014-06-24_13-41-39_094959634447_rgbf000022-resize,-2.8380535224472654,2.8380535224472654,1.476,4.1736441355391865
124747.0,2.5,-0.1000053610886441,0.1000053610886441,003083_2014-06-15_15-21-03_094959634447_rgbf000063-resize,-3.6720480659791215,3.6720480659791215,4.1405,19.172834459547143
124747.0,2.5,-0.03188058816637829,0.03188058816637829,001450_2014-06-19_17-02-03_260595134347_rgbf000203-resize,-3.5422147326458213,3.5422147326458213,4.0106666666667,12.34882649363641
124747.0,2.5,-0.1804111189198028,0.1804111189198028,003228_2014-05-14_13-42-35_094959634447_rgbf000101-resize,-2.7198850369578844,2.7198850369578844,1.9680000000000002,14.40337638638131
124747.0,2.5,-0.2932236440414291,0.2932236440414291,002678_2014-06-13_16-15-32_094959634447_rgbf000151-resize,-2.9348850369578843,2.9348850369578843,2.1830000000000003,32.96558503300821
124747.0,2.5,-0.03126246652062903,0.03126246652062903,002763_2014-06-22_19-13-10_094959634447_rgbf000075-resize,-2.4356350369578843,2.4356350369578843,1.68375,5.5919783591245595
124747.0,2.5,-0.8372787427153459,0.8372787427153459,002209_2014-06-28_18-36-10_260595134347_rgbf000051-resize,-3.4190535224472653,3.4190535224472653,2.057,12.962068825921264
124747.0,2.5,-0.6559916383919866,0.6559916383919866,001110_2014-06-15_17-25-28_260595134347_rgbf000150-resize,-3.073553522447265,3.073553522447265,1.7115,9.336195527413247
124747.0,2.5,-0.5532171612403447,0.5532171612403447,000927_2014-06-09_16-32-30_260595134347_rgbf000123-resize,-3.4303850369578837,3.4303850369578837,2.6785,11.715239650325241
124747.0,2.5,-1.2660349071832817,1.2660349071832817,002570_2014-06-24_13-59-54_094959634447_rgbf000059-resize,-4.7888850369578835,4.7888850369578835,4.037,41.596140375002705
124747.0,2.5,-1.0257865622090032,1.0257865622090032,002467_2014-06-28_20-38-07_260595134347_rgbf000026-resize,-4.883716551468503,4.883716551468503,4.742,15.331046216195933
124747.0,2.5,-0.41955339736340747,0.41955339736340747,002663_2014-06-13_15-50-26_094959634447_rgbf000075-resize,-4.281048065979121,4.281048065979121,4.7495,16.725954086732166
124747.0,2.5,-0.4966171129756966,0.4966171129756966,000409_2014-06-04_19-23-33_260595134347_rgbf000067-resize,-3.875216551468503,3.875216551468503,3.7335,12.696549983566419
124747.0,2.5,-0.1801487642102162,0.1801487642102162,002875_2014-06-01_15-19-00_094959634447_rgbf000151-resize,-2.719385036957884,2.719385036957884,1.9675,11.625680938349673
124747.0,2.5,-1.1712562880172759,1.1712562880172759,001092_2014-06-15_17-34-58_260595134347_rgbf000171-resize,-4.055553522447266,4.055553522447266,2.6935,9.164038324933468
124747.0,2.5,-0.15548742150921213,0.15548742150921213,002545_2014-06-24_13-38-53_094959634447_rgbf000080-resize,-2.672385036957884,2.672385036957884,1.9205,12.083824048628237
124747.0,2.5,-1.3390947331460508,1.3390947331460508,001167_2014-06-17_15-38-07_260595134347_rgbf000108-resize,-3.822722007936647,3.822722007936647,1.8505,12.019050657019696
124747.0,2.5,-1.0801506347854744,1.0801506347854744,003587_2014-05-23_16-48-02_094959634447_rgbf002384-resize,-3.329222007936647,3.329222007936647,1.357,20.788172722830538
542545.0,2.5,-0.17261289027398866,0.17261289027398866,001029_2014-06-08_13-17-57_260595134347_rgbf000065-resize,-3.242273451227529,3.242273451227529,3.0835,18.209734661918688
542545.0,2.5,-0.08476521224478784,0.08476521224478784,001516_2014-06-20_16-25-09_260595134347_rgbf000076-resize,-2.518011685467447,2.518011685467447,1.7445,3.8622659094666254
542545.0,2.5,-0.8075935868338024,0.8075935868338024,001650_2014-06-20_12-09-00_260595134347_rgbf000087-resize,-3.338749919707365,3.338749919707365,1.9505,47.6804595860539
542545.0,2.5,-0.2411286191575579,0.2411286191575579,001244_2014-06-17_16-47-45_260595134347_rgbf000030-resize,-2.816011685467447,2.816011685467447,2.0425,6.7629638807870815
542545.0,2.5,-1.2518012598433501,1.2518012598433501,003495_2014-05-21_16-01-51_094959634447_rgbf000100-resize,-3.6284881539472815,3.6284881539472815,1.6255,12.747278812179
542545.0,2.5,-0.3176538949927585,0.3176538949927585,001158_2014-06-17_15-32-16_260595134347_rgbf000138-resize,-4.075535216987611,4.075535216987611,4.5315,26.954451973303737
542545.0,2.5,-0.05582389482675065,0.05582389482675065,001150_2014-06-17_15-27-34_260595134347_rgbf000108-resize,-3.5765352169876112,3.5765352169876112,4.0325,11.088139074292139
542545.0,2.5,-0.6626914877791067,0.6626914877791067,002375_2014-06-28_20-13-44_260595134347_rgbf000032-resize,-4.176273451227529,4.176273451227529,4.0175,48.76103649676905
542545.0,2.5,-0.1366702950608122,0.1366702950608122,002568_2014-06-24_13-59-21_094959634447_rgbf000062-resize,-3.1737734512275293,3.1737734512275293,3.015,29.63840999388049
542545.0,2.5,-0.7448908112429429,0.7448908112429429,000470_2014-06-09_19-42-40_260595134347_rgbf000094-resize,-3.219249919707365,3.219249919707365,1.831,22.486379427626872
542545.0,2.5,-0.4948667730082674,0.4948667730082674,000109_2014-05-14_23-41-52_260595134347_rgbf000035-resize,-2.7427499197073653,2.7427499197073653,1.3545,6.620498200896815
542545.0,2.5,-0.4696807208880893,0.4696807208880893,002509_2014-06-24_13-19-22_094959634447_rgbf000077-resize,-2.694749919707365,2.694749919707365,1.3065,40.21868783296904
542545.0,2.5,-1.2872191456373547,1.2872191456373547,003338_2014-05-20_11-01-23_094959634447_rgbf000051-resize,-3.6959881539472823,3.6959881539472823,1.693,28.251495663089063
542545.0,2.5,-0.7310734632048076,0.7310734632048076,002784_2014-06-22_19-26-30_094959634447_rgbf000083-resize,-3.1929165863740647,3.1929165863740647,1.8046666666667,3.0422522474895675
542545.0,2.5,-0.959496963683625,0.959496963683625,001100_2014-06-15_17-46-26_260595134347_rgbf000225-resize,-3.628249919707365,3.628249919707365,2.24,9.548860596737413
542545.0,2.5,-0.6509678252114461,0.6509678252114461,000469_2014-06-09_19-42-10_260595134347_rgbf000081-resize,-3.0402499197073647,3.0402499197073647,1.652,25.13136208408983
542545.0,2.5,-0.056693258319176376,0.056693258319176376,002964_2014-06-08_17-46-11_094959634447_rgbf000091-resize,-2.4645116854674467,2.4645116854674467,1.6909999999999998,28.953812917975768
542545.0,2.5,-0.19626596381848935,0.19626596381848935,002136_2014-06-25_21-18-03_260595134347_rgbf000109-resize,-2.730511685467447,2.730511685467447,1.9569999999999999,13.297078442475444
542545.0,2.5,-0.7337896140766947,0.7337896140766947,000691_2014-06-08_13-08-50_260595134347_rgbf000132-resize,-4.31177345122753,4.31177345122753,4.1530000000000005,14.740846212587924
542545.0,2.5,-0.6742762446826895,0.6742762446826895,000929_2014-06-09_16-33-19_260595134347_rgbf000139-resize,-3.641511685467448,3.641511685467448,2.8680000000000003,19.501338012209015
542545.0,2.5,-0.4693360668148266,0.4693360668148266,000457_2014-06-08_16-52-43_260595134347_rgbf000199-resize,-3.807773451227529,3.807773451227529,3.6489999999999996,14.067279821032837
542545.0,2.5,-0.4068956459335463,0.4068956459335463,001584_2014-06-20_11-07-43_260595134347_rgbf000002-resize,-3.688773451227529,3.688773451227529,3.53,17.602834139105468
542545.0,2.5,-0.5734857343139442,0.5734857343139442,002279_2014-06-28_18-55-32_260595134347_rgbf000040-resize,-2.892583253040665,2.892583253040665,1.5043333333333,15.963772282558683
542545.0,2.5,-0.04668262967310277,0.04668262967310277,002043_2014-06-24_20-29-38_260595134347_rgbf000039-resize,-3.0022734512275293,3.0022734512275293,2.8435,8.475049543704081
542545.0,2.5,-0.040607321670799834,0.040607321670799834,003048_2014-06-15_13-49-43_094959634447_rgbf000150-resize,-3.5475352169876118,3.5475352169876118,4.0035,24.355606534500392
542545.0,2.5,-0.32114680558103514,0.32114680558103514,002725_2014-06-22_11-47-51_094959634447_rgbf000070-resize,-2.9685116854674467,2.9685116854674467,2.195,3.938570017428758
542545.0,2.5,-1.2276646265615143,1.2276646265615143,002344_2014-06-28_20-06-29_260595134347_rgbf000030-resize,-3.5824881539472826,3.5824881539472826,1.5795,37.33165518125916
542545.0,2.5,-0.7501379054346493,0.7501379054346493,000549_2014-06-08_22-10-24_260595134347_rgbf000247-resize,-3.2292499197073647,3.2292499197073647,1.841,30.99307977870557
542545.0,2.5,-1.013763238885911,1.013763238885911,000736_2014-06-08_18-24-15_260595134347_rgbf000206-resize,-4.288511685467447,4.288511685467447,3.515,33.408170606136416
542545.0,2.5,-0.5664484590431855,0.5664484590431855,001056_2014-06-08_18-46-44_260595134347_rgbf000068-resize,-3.436011685467447,3.436011685467447,2.6625,11.38594592369452
542545.0,2.5,-0.8314678654060539,0.8314678654060539,002199_2014-06-28_18-33-56_260595134347_rgbf000074-resize,-3.384249919707365,3.384249919707365,1.996,17.12852126070164
542545.0,2.5,-0.7513673796189028,0.7513673796189028,000917_2014-06-09_22-45-29_260595134347_rgbf000149-resize,-4.345273451227529,4.345273451227529,4.1865,9.740561609074897
542545.0,2.5,-0.512362239186794,0.512362239186794,002323_2014-06-28_20-01-54_260595134347_rgbf000051-resize,-3.889773451227529,3.889773451227529,3.7310000000000003,18.09172628388976
542545.0,2.5,-0.23430739670834444,0.23430739670834444,002905_2014-06-03_18-04-43_094959634447_rgbf000151-resize,-2.803011685467447,2.803011685467447,2.0295,12.020604335789361
542545.0,2.5,-0.21140023761075133,0.21140023761075133,000414_2014-06-04_19-49-13_260595134347_rgbf000044-resize,-3.873035216987611,3.873035216987611,4.329,13.241348366125557
542545.0,2.5,-0.09360297300700582,0.09360297300700582,001052_2014-06-08_18-24-54_260595134347_rgbf000130-resize,-3.6485352169876113,3.6485352169876113,4.1045,25.87613690895519
542545.0,2.5,-0.560151946013141,0.560151946013141,001214_2014-06-17_16-13-55_260595134347_rgbf000111-resize,-3.4240116854674474,3.4240116854674474,2.6505,18.479282579459067
542545.0,2.5,-0.14536915015897056,0.14536915015897056,001571_2014-06-20_17-21-32_260595134347_rgbf000089-resize,-2.6335116854674467,2.6335116854674467,1.86,4.991960350191473
542545.0,2.5,-0.1497468808582374,0.1497468808582374,001133_2014-06-17_14-49-16_260595134347_rgbf000100-resize,-3.755535216987612,3.755535216987612,4.2115,26.759918254713728
542545.0,2.5,-0.5239058464085412,0.5239058464085412,001132_2014-06-17_14-48-54_260595134347_rgbf000100-resize,-3.911773451227529,3.911773451227529,3.753,14.398279213278778
542545.0,2.5,-0.09810415275179883,0.09810415275179883,003070_2014-06-15_14-58-27_094959634447_rgbf000150-resize,-3.100273451227529,3.100273451227529,2.9415,10.664823740812926
542545.0,2.5,-0.20649779749231034,0.20649779749231034,000943_2014-06-09_19-31-07_260595134347_rgbf000128-resize,-2.750011685467447,2.750011685467447,1.9765,15.893099149291922
542545.0,2.5,-0.11546071326625496,0.11546071326625496,000709_2014-06-08_13-51-55_260595134347_rgbf000068-resize,-2.5765116854674472,2.5765116854674472,1.8030000000000002,14.429351101546246
542545.0,2.5,-0.3287139424771625,0.3287139424771625,000758_2014-06-08_22-05-08_260595134347_rgbf000085-resize,-3.539773451227529,3.539773451227529,3.3810000000000002,11.91317737826679
542545.0,2.5,-0.7792181285167619,0.7792181285167619,000854_2014-06-09_19-43-13_260595134347_rgbf000066-resize,-3.841511685467447,3.841511685467447,3.068,11.910827625938722
542545.0,2.5,-0.14825505196440258,0.14825505196440258,001136_2014-06-17_15-19-41_260595134347_rgbf000076-resize,-2.6390116854674472,2.6390116854674472,1.8655,18.667799879387072
542545.0,2.5,-0.4838067255238488,0.4838067255238488,002153_2014-06-25_21-27-18_260595134347_rgbf000038-resize,-3.278511685467447,3.278511685467447,2.505,17.28886317575377
542545.0,2.5,-0.431032279215395,0.431032279215395,002660_2014-06-13_15-44-18_094959634447_rgbf001878-resize,-3.734773451227529,3.734773451227529,3.576,15.11997681444361
542545.0,2.5,-1.0284962523045282,1.0284962523045282,000522_2014-06-08_13-35-06_260595134347_rgbf000244-resize,-3.759749919707365,3.759749919707365,2.3715,25.742609854068213
542545.0,2.5,-0.16189749686283472,0.16189749686283472,002949_2014-06-26_15-57-42_094959634447_rgbf000079-resize,-2.6650116854674466,2.6650116854674466,1.8915,17.99500168321199
542545.0,2.5,-0.8566127678443969,0.8566127678443969,000866_2014-06-09_20-45-42_260595134347_rgbf000139-resize,-3.989011685467447,3.989011685467447,3.2155,8.082259189449621
542545.0,2.5,-0.6409983462472145,0.6409983462472145,001555_2014-06-20_17-12-10_260595134347_rgbf000065-resize,-3.021249919707365,3.021249919707365,1.633,7.608284543781994
542545.0,2.5,-0.5323834964789453,0.5323834964789453,003534_2014-05-22_15-06-10_094959634447_rgbf000102-resize,-2.8142499197073647,2.8142499197073647,1.426,12.376994007247625
542545.0,2.5,-0.2164672764565494,0.2164672764565494,002637_2014-06-24_14-51-13_094959634447_rgbf000066-resize,-2.769011685467447,2.769011685467447,1.9955,10.972027795242447
542545.0,2.5,-0.8865212047370987,0.8865212047370987,001032_2014-06-08_13-23-17_260595134347_rgbf000021-resize,-4.046011685467447,4.046011685467447,3.2725,15.984983178828962
542545.0,2.5,-0.2838101374562614,0.2838101374562614,001570_2014-06-20_17-21-09_260595134347_rgbf000135-resize,-4.011035216987612,4.011035216987612,4.467,22.179510675592084
542545.0,2.5,-0.290106650486313,0.290106650486313,000447_2014-06-08_16-15-46_260595134347_rgbf000130-resize,-4.023035216987612,4.023035216987612,4.479,19.081432914605553
542545.0,2.5,-0.7257877954343367,0.7257877954343367,001447_2014-06-19_17-00-32_260595134347_rgbf000082-resize,-4.296523451227529,4.296523451227529,4.13775,46.830399423560245
542545.0,2.5,-0.3703871916193684,0.3703871916193684,000742_2014-06-08_18-48-09_260595134347_rgbf000164-resize,-4.176035216987611,4.176035216987611,4.632,18.91549953899407
542545.0,2.5,-0.5586189674374653,0.5586189674374653,002549_2014-06-24_13-41-39_094959634447_rgbf000022-resize,-2.864249919707365,2.864249919707365,1.476,4.1736441355391865
542545.0,2.5,-0.35836002466029504,0.35836002466029504,001199_2014-06-17_16-03-48_260595134347_rgbf000077-resize,-3.596273451227529,3.596273451227529,3.4375,28.282249848901696
542545.0,2.5,-0.4449782285052424,0.4449782285052424,000502_2014-06-08_23-02-32_260595134347_rgbf000063-resize,-3.204511685467448,3.204511685467448,2.431,13.897287578908273
542545.0,2.5,-1.2168669337866878,1.2168669337866878,001806_2014-06-26_20-50-20_260595134347_rgbf000091-resize,-4.1187499197073665,4.1187499197073665,2.7305,13.909869710567438
542545.0,2.5,-0.5438448043370202,0.5438448043370202,001617_2014-06-20_11-35-32_260595134347_rgbf000066-resize,-3.949773451227529,3.949773451227529,3.7910000000000004,19.974169961071475
542545.0,2.5,-0.6842045739650852,0.6842045739650852,000506_2014-06-08_23-21-00_260595134347_rgbf000070-resize,-4.21727345122753,4.21727345122753,4.0585,16.716212007621664
542545.0,2.5,-0.3659683112382649,0.3659683112382649,001449_2014-06-19_17-01-27_260595134347_rgbf000116-resize,-3.610773451227529,3.610773451227529,3.452,8.994872108877228
542545.0,2.5,-0.044367739174868685,0.044367739174868685,001450_2014-06-19_17-02-03_260595134347_rgbf000203-resize,-3.554701883654312,3.554701883654312,4.0106666666667,12.34882649363641
542545.0,2.5,-0.001557619624445894,0.001557619624445894,002600_2014-06-24_14-27-04_094959634447_rgbf000074-resize,-2.916273451227529,2.916273451227529,2.7575,44.47386082434929
542545.0,2.5,-0.8167760016692835,0.8167760016692835,003228_2014-05-14_13-42-35_094959634447_rgbf000101-resize,-3.356249919707365,3.356249919707365,1.9680000000000002,14.40337638638131
542545.0,2.5,-0.4738372465596104,0.4738372465596104,000368_2014-06-09_15-53-01_260595134347_rgbf000155-resize,-3.259511685467447,3.259511685467447,2.4859999999999998,21.090700959072958
542545.0,2.5,-0.24873690573552756,0.24873690573552756,002209_2014-06-28_18-36-10_260595134347_rgbf000051-resize,-2.8305116854674472,2.8305116854674472,2.057,12.962068825921264
542545.0,2.5,-0.049568531478533566,0.049568531478533566,000906_2014-06-08_13-35-43_260595134347_rgbf000155-resize,-3.0077734512275294,3.0077734512275294,2.8489999999999998,16.12201726422563
542545.0,2.5,-0.06744980141216828,0.06744980141216828,001110_2014-06-15_17-25-28_260595134347_rgbf000150-resize,-2.4850116854674478,2.4850116854674478,1.7115,9.336195527413247
542545.0,2.5,-0.6729233214529265,0.6729233214529265,002570_2014-06-24_13-59-54_094959634447_rgbf000059-resize,-4.195773451227529,4.195773451227529,4.037,41.596140375002705
542545.0,2.5,-0.4281052277281119,0.4281052277281119,002467_2014-06-28_20-38-07_260595134347_rgbf000026-resize,-4.286035216987612,4.286035216987612,4.742,15.331046216195933
542545.0,2.5,-0.9660558314232508,0.9660558314232508,001810_2014-06-26_20-51-35_260595134347_rgbf000040-resize,-3.640749919707365,3.640749919707365,2.2525,22.411391411207674
542545.0,2.5,-0.43204054837189787,0.43204054837189787,002663_2014-06-13_15-50-26_094959634447_rgbf000075-resize,-4.293535216987611,4.293535216987611,4.7495,16.725954086732166
542545.0,2.5,-1.1974526852773757,1.1974526852773757,001092_2014-06-15_17-34-58_260595134347_rgbf000171-resize,-4.081749919707365,4.081749919707365,2.6935,9.164038324933468
542545.0,2.5,-0.17711407001877497,0.17711407001877497,002545_2014-06-24_13-38-53_094959634447_rgbf000080-resize,-2.694011685467447,2.694011685467447,1.9205,12.083824048628237
542545.0,2.5,-0.7551226449167687,0.7551226449167687,001167_2014-06-17_15-38-07_260595134347_rgbf000108-resize,-3.2387499197073653,3.2387499197073653,1.8505,12.019050657019696
542545.0,2.5,-1.11091678079611,1.11091678079611,003587_2014-05-23_16-48-02_094959634447_rgbf002384-resize,-3.359988153947283,3.359988153947283,1.357,20.788172722830538
127930.0,2.5,-0.08072698367252695,0.08072698367252695,001808_2014-06-26_20-50-58_260595134347_rgbf000029-resize,-3.7043387165830044,3.7043387165830044,4.249,20.030651550568866
127930.0,2.5,-0.022884345620285296,0.022884345620285296,001815_2014-06-26_20-52-55_260595134347_rgbf000020-resize,-3.2365579525652035,3.2365579525652035,3.3865,18.626322656731816
127930.0,2.5,-1.6597974059278509,1.6597974059278509,001417_2014-06-19_16-25-36_260595134347_rgbf000115-resize,-5.4623560425207005,5.4623560425207005,4.6255,49.17091269608214
127930.0,2.5,-0.34394489980903065,0.34394489980903065,001244_2014-06-17_16-47-45_260595134347_rgbf000030-resize,-2.91882796611892,2.91882796611892,2.0425,6.7629638807870815
127930.0,2.5,-0.0856691484167671,0.0856691484167671,003495_2014-05-21_16-01-51_094959634447_rgbf000100-resize,-2.4623560425207,2.4623560425207,1.6255,12.747278812179
127930.0,2.5,-1.2552274081418684,1.2552274081418684,001158_2014-06-17_15-32-16_260595134347_rgbf000138-resize,-5.013108730136722,5.013108730136722,4.5315,26.954451973303737
127930.0,2.5,-1.5757750224775533,1.5757750224775533,000556_2014-06-09_22-42-56_260595134347_rgbf000214-resize,-5.480996424529601,5.480996424529601,4.8415,23.88242025565649
127930.0,2.5,-1.388116643958059,1.388116643958059,001150_2014-06-17_15-27-34_260595134347_rgbf000108-resize,-4.90882796611892,4.90882796611892,4.0325,11.088139074292139
127930.0,2.5,-0.8367906819591453,0.8367906819591453,000665_2014-06-09_20-42-35_260595134347_rgbf000110-resize,-3.8938560425207003,3.8938560425207003,3.057,18.49880761375764
127930.0,2.5,-0.5513356071078804,0.5513356071078804,002375_2014-06-28_20-13-44_260595134347_rgbf000032-resize,-4.064917570556303,4.064917570556303,4.0175,48.76103649676905
127930.0,2.5,-0.008454836593091986,0.008454836593091986,000788_2014-06-08_22-34-36_260595134347_rgbf000131-resize,-3.209057952565204,3.209057952565204,3.359,21.46386213810664
127930.0,2.5,-0.3640143444640619,0.3640143444640619,001235_2014-06-17_16-37-36_260595134347_rgbf000084-resize,-3.707917570556303,3.707917570556303,3.6605,14.547706659434104
127930.0,2.5,-1.3273001921116805,1.3273001921116805,001094_2014-06-15_17-36-00_260595134347_rgbf000205-resize,-4.93594027172604,4.93594027172604,4.2175,17.196771274488466
127930.0,2.5,-0.7707520563097743,0.7707520563097743,000780_2014-06-08_22-28-29_260595134347_rgbf000126-resize,-3.982524500931381,3.982524500931381,3.3825,14.165390776882042
127930.0,2.5,-0.2329688576544977,0.2329688576544977,000470_2014-06-09_19-42-40_260595134347_rgbf000094-resize,-2.70732796611892,2.70732796611892,1.831,22.486379427626872
127930.0,2.5,-0.09957394802478103,0.09957394802478103,000469_2014-06-09_19-42-10_260595134347_rgbf000081-resize,-2.4888560425207,2.4888560425207,1.652,25.13136208408983
127930.0,2.5,-0.22013839727352247,0.22013839727352247,002136_2014-06-25_21-18-03_260595134347_rgbf000109-resize,-2.7543841189224803,2.7543841189224803,1.9569999999999999,13.297078442475444
127930.0,2.5,-1.5456731072583056,1.5456731072583056,002039_2014-06-24_20-22-38_260595134347_rgbf000084-resize,-5.2448560425207,5.2448560425207,4.408,15.524303639345458
127930.0,2.5,-1.4261580768479067,1.4261580768479067,002103_2014-06-25_20-00-40_260595134347_rgbf000049-resize,-4.98132796611892,4.98132796611892,4.105,11.598018874569219
127930.0,2.5,-1.0137863141573993,1.0137863141573993,002213_2014-06-28_18-37-58_260595134347_rgbf000055-resize,-4.33844027172604,4.33844027172604,3.62,11.387296889913552
127930.0,2.5,-1.293456434575206,1.293456434575206,000691_2014-06-08_13-08-50_260595134347_rgbf000132-resize,-4.8714402717260405,4.8714402717260405,4.1530000000000005,14.740846212587924
127930.0,2.5,-0.14554174776264475,0.14554174776264475,000929_2014-06-09_16-33-19_260595134347_rgbf000139-resize,-3.1127771885474025,3.1127771885474025,2.8680000000000003,19.501338012209015
127930.0,2.5,-0.950059040116898,0.950059040116898,000457_2014-06-08_16-52-43_260595134347_rgbf000199-resize,-4.288496424529601,4.288496424529601,3.6489999999999996,14.067279821032837
127930.0,2.5,-0.9676866464365066,0.9676866464365066,003621_2014-05-23_18-06-08_094959634447_rgbf000101-resize,-4.465108730136722,4.465108730136722,3.9835,23.07176470133362
127930.0,2.5,-0.7692028484409582,0.7692028484409582,001584_2014-06-20_11-07-43_260595134347_rgbf000002-resize,-4.0510806537349415,4.0510806537349415,3.53,17.602834139105468
127930.0,2.5,-0.5575383233661784,0.5575383233661784,001175_2014-06-17_15-45-55_260595134347_rgbf000129-resize,-4.184001799761643,4.184001799761643,4.255,15.34903910495583
127930.0,2.5,-0.35561899375733097,0.35561899375733097,003490_2014-05-21_15-50-11_094959634447_rgbf000101-resize,-3.691917570556303,3.691917570556303,3.6445,19.999457360175192
127930.0,2.5,-0.06156378072549906,0.06156378072549906,002279_2014-06-28_18-55-32_260595134347_rgbf000040-resize,-2.3806612994522203,2.3806612994522203,1.5043333333333,15.963772282558683
127930.0,2.5,-0.32100132291468064,0.32100132291468064,000635_2014-06-08_16-38-42_260595134347_rgbf000106-resize,-2.9108560425207,2.9108560425207,2.074,10.796976226722654
127930.0,2.5,-0.7247652209662734,0.7247652209662734,002043_2014-06-24_20-29-38_260595134347_rgbf000039-resize,-3.6803560425207,3.6803560425207,2.8435,8.475049543704081
127930.0,2.5,-1.0965966056145693,1.0965966056145693,003048_2014-06-15_13-49-43_094959634447_rgbf000150-resize,-4.603524500931381,4.603524500931381,4.0035,24.355606534500392
127930.0,2.5,-0.4298653765699375,0.4298653765699375,000137_2014-05-20_17-04-49_260595134347_rgbf000120-resize,-3.8334175705563034,3.8334175705563034,3.786,14.89611111351161
127930.0,2.5,-0.38945686651076794,0.38945686651076794,000642_2014-06-08_16-59-25_260595134347_rgbf000098-resize,-3.3631087301367213,3.3631087301367213,2.8815,31.36214301237791
127930.0,2.5,-0.8823026486608768,0.8823026486608768,002425_2014-06-28_20-27-29_260595134347_rgbf000031-resize,-4.338136806538501,4.338136806538501,3.8960000000000004,8.40495801096819
127930.0,2.5,-0.03771396212314074,0.03771396212314074,001056_2014-06-08_18-46-44_260595134347_rgbf000068-resize,-2.9072771885474022,2.9072771885474022,2.6625,11.38594592369452
127930.0,2.5,-1.3899780473138537,1.3899780473138537,000917_2014-06-09_22-45-29_260595134347_rgbf000149-resize,-4.9838841189224805,4.9838841189224805,4.1865,9.740561609074897
127930.0,2.5,-1.1904448304799646,1.1904448304799646,002323_2014-06-28_20-01-54_260595134347_rgbf000051-resize,-4.5678560425207,4.5678560425207,3.7310000000000003,18.09172628388976
127930.0,2.5,-0.3699180160579645,0.3699180160579645,000878_2014-06-08_22-52-45_260595134347_rgbf000045-resize,-2.96832796611892,2.96832796611892,2.092,5.576511521775202
127930.0,2.5,-0.15516684481167464,0.15516684481167464,002988_2014-06-15_12-24-20_094959634447_rgbf000150-resize,-4.024979098591906,4.024979098591906,4.7669999999999995,14.460306569198616
127930.0,2.5,-0.5050805322717343,0.5050805322717343,001214_2014-06-17_16-13-55_260595134347_rgbf000111-resize,-3.3689402717260406,3.3689402717260406,2.6505,18.479282579459067
127930.0,2.5,-0.1361599698175685,0.1361599698175685,002788_2014-06-22_19-36-03_094959634447_rgbf000088-resize,-2.52282796611892,2.52282796611892,1.6465,21.7158464010581
127930.0,2.5,-0.8939708578261186,0.8939708578261186,002748_2014-06-22_19-07-22_094959634447_rgbf000078-resize,-4.717917570556303,4.717917570556303,4.6705,35.71435075733748
127930.0,2.5,-0.17979738234092432,0.17979738234092432,002995_2014-06-15_12-31-26_094959634447_rgbf000150-resize,-3.6071141053687636,3.6071141053687636,3.8360000000000003,27.231594395483473
127930.0,2.5,-1.2501679074936465,1.2501679074936465,000436_2014-06-09_22-25-11_260595134347_rgbf000137-resize,-4.78894027172604,4.78894027172604,4.0705,20.69156545677159
127930.0,2.5,-1.4567597810976296,1.4567597810976296,002444_2014-06-28_20-32-08_260595134347_rgbf000027-resize,-5.1469121953242585,5.1469121953242585,4.388999999999999,17.102760279009576
127930.0,2.5,-1.0873203940073473,1.0873203940073473,001133_2014-06-17_14-49-16_260595134347_rgbf000100-resize,-4.693108730136721,4.693108730136721,4.2115,26.759918254713728
127930.0,2.5,-0.8072692017195134,0.8072692017195134,001132_2014-06-17_14-48-54_260595134347_rgbf000100-resize,-4.1951368065385015,4.1951368065385015,3.753,14.398279213278778
127930.0,2.5,-0.8290387578320288,0.8290387578320288,002057_2014-06-24_21-00-13_260595134347_rgbf000120-resize,-3.84332796611892,3.84332796611892,2.967,10.990036854719376
127930.0,2.5,-0.8883807629756736,0.8883807629756736,000758_2014-06-08_22-05-08_260595134347_rgbf000085-resize,-4.09944027172604,4.09944027172604,3.3810000000000002,11.91317737826679
127930.0,2.5,-0.8425624855700147,0.8425624855700147,000854_2014-06-09_19-43-13_260595134347_rgbf000066-resize,-3.9048560425207,3.9048560425207,3.068,11.910827625938722
127930.0,2.5,-0.3495041894877192,0.3495041894877192,001164_2014-06-17_15-35-46_260595134347_rgbf000085-resize,-3.0724402717260406,3.0724402717260406,2.354,17.325668807481115
127930.0,2.5,-0.09318363822299593,0.09318363822299593,001136_2014-06-17_15-19-41_260595134347_rgbf000076-resize,-2.5839402717260405,2.5839402717260405,1.8655,18.667799879387072
127930.0,2.5,-0.4287353117824421,0.4287353117824421,002153_2014-06-25_21-27-18_260595134347_rgbf000038-resize,-3.2234402717260404,3.2234402717260404,2.505,17.28886317575377
127930.0,2.5,-0.9512271761156864,0.9512271761156864,002660_2014-06-13_15-44-18_094959634447_rgbf001878-resize,-4.254968348127821,4.254968348127821,3.576,15.11997681444361
127930.0,2.5,-0.20079890993032434,0.20079890993032434,000522_2014-06-08_13-35-06_260595134347_rgbf000244-resize,-2.9320525773331614,2.9320525773331614,2.3715,25.742609854068213
127930.0,2.5,-0.9594290484958696,0.9594290484958696,000866_2014-06-09_20-45-42_260595134347_rgbf000139-resize,-4.091827966118919,4.091827966118919,3.2155,8.082259189449621
127930.0,2.5,-0.12907639265876936,0.12907639265876936,001555_2014-06-20_17-12-10_260595134347_rgbf000065-resize,-2.50932796611892,2.50932796611892,1.633,7.608284543781994
127930.0,2.5,-0.16139586271514272,0.16139586271514272,002637_2014-06-24_14-51-13_094959634447_rgbf000066-resize,-2.7139402717260404,2.7139402717260404,1.9955,10.972027795242447
127930.0,2.5,-0.022991293214609243,0.022991293214609243,001016_2014-06-09_16-16-10_260595134347_rgbf000112-resize,-2.4144121953242603,2.4144121953242603,1.6565,7.049977084494088
127930.0,2.5,-0.5700946594714571,0.5700946594714571,002340_2014-06-28_20-05-46_260595134347_rgbf000113-resize,-3.34982796611892,3.34982796611892,2.4735,7.91768620575396
127930.0,2.5,-0.16042708982595466,0.16042708982595466,001032_2014-06-08_13-23-17_260595134347_rgbf000021-resize,-3.3199175705563033,3.3199175705563033,3.2725,15.984983178828962
127930.0,2.5,-0.2700913584325612,0.2700913584325612,003292_2014-05-14_21-53-49_094959634447_rgbf000100-resize,-3.5289175705563034,3.5289175705563034,3.4815,33.084282711345374
127930.0,2.5,-1.40242743582479,1.40242743582479,001392_2014-06-19_16-07-59_260595134347_rgbf000046-resize,-4.9718560425207,4.9718560425207,4.135,18.95235574822112
127930.0,2.5,-1.0091511507453088,1.0091511507453088,001447_2014-06-19_17-00-32_260595134347_rgbf000082-resize,-4.579886806538501,4.579886806538501,4.13775,46.830399423560245
127930.0,2.5,-0.2181392411516456,0.2181392411516456,002758_2014-06-22_19-11-20_094959634447_rgbf000128-resize,-3.036608730136721,3.036608730136721,2.555,7.204478276142114
127930.0,2.5,-1.405313337630223,1.405313337630223,003083_2014-06-15_15-21-03_094959634447_rgbf000063-resize,-4.9773560425207,4.9773560425207,4.1405,19.172834459547143
127930.0,2.5,-0.6654730566000226,0.6654730566000226,001806_2014-06-26_20-50-20_260595134347_rgbf000091-resize,-3.5673560425207,3.5673560425207,2.7305,13.909869710567438
127930.0,2.5,-0.985095854040872,0.985095854040872,001617_2014-06-20_11-35-32_260595134347_rgbf000066-resize,-4.3910245009313815,4.3910245009313815,3.7910000000000004,19.974169961071475
127930.0,2.5,-0.8798666951085123,0.8798666951085123,000493_2014-06-09_21-01-18_260595134347_rgbf000196-resize,-4.1189683481278205,4.1189683481278205,3.44,19.629285382994567
127930.0,2.5,-1.1079716548984797,1.1079716548984797,000191_2014-05-12_17-07-38_260595134347_rgbf000199-resize,-4.51794027172604,4.51794027172604,3.7995,12.340757267219296
127930.0,2.5,-1.2438713944635964,1.2438713944635964,000506_2014-06-08_23-21-00_260595134347_rgbf000070-resize,-4.7769402717260405,4.7769402717260405,4.0585,16.716212007621664
127930.0,2.5,-0.6636614940216224,0.6636614940216224,003079_2014-06-15_15-18-20_094959634447_rgbf000152-resize,-3.635412195324261,3.635412195324261,2.8775,9.032134209869396
127930.0,2.5,-0.25461243056703864,0.25461243056703864,001449_2014-06-19_17-01-27_260595134347_rgbf000116-resize,-3.4994175705563033,3.4994175705563033,3.452,8.994872108877228
127930.0,2.5,-0.2849209749354181,0.2849209749354181,002600_2014-06-24_14-27-04_094959634447_rgbf000074-resize,-3.199636806538501,3.199636806538501,2.7575,44.47386082434929
127930.0,2.5,-0.06802250649151931,0.06802250649151931,003228_2014-05-14_13-42-35_094959634447_rgbf000101-resize,-2.6074964245296006,2.6074964245296006,1.9680000000000002,14.40337638638131
127930.0,2.5,-0.5371816036128632,0.5371816036128632,000368_2014-06-09_15-53-01_260595134347_rgbf000155-resize,-3.3228560425207,3.3228560425207,2.4859999999999998,21.090700959072958
127930.0,2.5,-0.8694472678912081,0.8694472678912081,000009_2014-05-26_14-32-05_260595134347_rgbf000034-resize,-4.313636806538502,4.313636806538502,3.8715,34.796526826055185
127930.0,2.5,-0.5413720129267048,0.5413720129267048,001828_2014-06-26_21-40-03_260595134347_rgbf000024-resize,-4.439226410975885,4.439226410975885,4.8260000000000005,35.55232951340613
127930.0,2.5,-0.243468930820962,0.243468930820962,000927_2014-06-09_16-32-30_260595134347_rgbf000123-resize,-3.120636806538501,3.120636806538501,2.6785,11.715239650325241
127930.0,2.5,-1.0747024475585585,1.0747024475585585,002570_2014-06-24_13-59-54_094959634447_rgbf000059-resize,-4.597552577333161,4.597552577333161,4.037,41.596140375002705
127930.0,2.5,-1.4446225880736616,1.4446225880736616,002467_2014-06-28_20-38-07_260595134347_rgbf000026-resize,-5.302552577333161,5.302552577333161,4.742,15.331046216195933
127930.0,2.5,-0.5927568460505791,0.5927568460505791,003010_2014-06-15_12-54-35_094959634447_rgbf000112-resize,-3.679052577333161,3.679052577333161,3.1185,6.696951333567531
127930.0,2.5,-0.1459844299761922,0.1459844299761922,002663_2014-06-13_15-50-26_094959634447_rgbf000075-resize,-4.007479098591906,4.007479098591906,4.7495,16.725954086732166
127930.0,2.5,-0.007598896081298102,0.007598896081298102,000409_2014-06-04_19-23-33_260595134347_rgbf000067-resize,-3.386198334574104,3.386198334574104,3.7335,12.696549983566419
127930.0,2.5,-0.5698323047618759,0.5698323047618759,001011_2014-06-08_23-18-54_260595134347_rgbf000044-resize,-3.3493279661189197,3.3493279661189197,2.4730000000000003,11.624075606213012
127930.0,2.5,-0.2256478461748121,0.2256478461748121,002875_2014-06-01_15-19-00_094959634447_rgbf000151-resize,-2.7648841189224798,2.7648841189224798,1.9675,11.625680938349673
127930.0,2.5,-0.2037287677301036,0.2037287677301036,001167_2014-06-17_15-38-07_260595134347_rgbf000108-resize,-2.6873560425207,2.6873560425207,1.8505,12.019050657019696
127930.0,2.5,-0.06320044016418691,0.06320044016418691,003587_2014-05-23_16-48-02_094959634447_rgbf002384-resize,-2.3122718133153595,2.3122718133153595,1.357,20.788172722830538
910402.0,2.5,-0.07727941268569571,0.07727941268569571,001808_2014-06-26_20-50-58_260595134347_rgbf000029-resize,-3.7008911455961737,3.7008911455961737,4.249,20.030651550568866
910402.0,2.5,-0.27483250900332523,0.27483250900332523,001417_2014-06-19_16-25-36_260595134347_rgbf000115-resize,-4.077391145596174,4.077391145596174,4.6255,49.17091269608214
910402.0,2.5,-1.8483742255386453,1.8483742255386453,003081_2014-06-15_15-19-16_094959634447_rgbf000150-resize,-5.312050677999952,5.312050677999952,3.9125,16.632991649560594
910402.0,2.5,-0.3900458526816133,0.3900458526816133,000682_2014-06-08_23-14-58_260595134347_rgbf000041-resize,-3.2888394498269045,3.2888394498269045,2.7239999999999998,8.707843071693064
910402.0,2.5,-1.375368497241754,1.375368497241754,001650_2014-06-20_12-09-00_260595134347_rgbf000087-resize,-3.9065248301153166,3.9065248301153166,1.9505,47.6804595860539
910402.0,2.5,-0.3701267078383368,0.3701267078383368,003495_2014-05-21_16-01-51_094959634447_rgbf000100-resize,-2.7468136019422698,2.7468136019422698,1.6255,12.747278812179
910402.0,2.5,-0.3881697435441267,0.3881697435441267,000556_2014-06-09_22-42-56_260595134347_rgbf000214-resize,-4.293391145596174,4.293391145596174,4.8415,23.88242025565649
910402.0,2.5,-0.1667621817394274,0.1667621817394274,000788_2014-06-08_22-34-36_260595134347_rgbf000131-resize,-3.36736529771154,3.36736529771154,3.359,21.46386213810664
910402.0,2.5,-0.06075106598181401,0.06075106598181401,001094_2014-06-15_17-36-00_260595134347_rgbf000205-resize,-3.6693911455961743,3.6693911455961743,4.2175,17.196771274488466
910402.0,2.5,-0.7561915695355299,0.7561915695355299,000470_2014-06-09_19-42-40_260595134347_rgbf000094-resize,-3.2305506779999518,3.2305506779999518,1.831,22.486379427626872
910402.0,2.5,-1.0626416834162191,1.0626416834162191,000109_2014-05-14_23-41-52_260595134347_rgbf000035-resize,-3.310524830115317,3.310524830115317,1.3545,6.620498200896815
910402.0,2.5,-1.0374556312960408,1.0374556312960408,002509_2014-06-24_13-19-22_094959634447_rgbf000077-resize,-3.262524830115317,3.262524830115317,1.3065,40.21868783296904
910402.0,2.5,-0.6837816696900241,0.6837816696900241,003338_2014-05-20_11-01-23_094959634447_rgbf000051-resize,-3.0925506779999523,3.0925506779999523,1.693,28.251495663089063
910402.0,2.5,-1.2490347980338952,1.2490347980338952,001100_2014-06-15_17-46-26_260595134347_rgbf000225-resize,-3.917787754057636,3.917787754057636,2.24,9.548860596737413
910402.0,2.5,-0.6622685835040332,0.6622685835040332,000469_2014-06-09_19-42-10_260595134347_rgbf000081-resize,-3.051550677999952,3.051550677999952,1.652,25.13136208408983
910402.0,2.5,-0.7752221925230541,0.7752221925230541,000483_2014-06-09_20-41-45_260595134347_rgbf000116-resize,-3.0147877540576347,3.0147877540576347,1.337,29.232414989368262
910402.0,2.5,-0.6827322508516813,0.6827322508516813,002964_2014-06-08_17-46-11_094959634447_rgbf000091-resize,-3.090550677999952,3.090550677999952,1.6909999999999998,28.953812917975768
910402.0,2.5,-0.5440678802933119,0.5440678802933119,002136_2014-06-25_21-18-03_260595134347_rgbf000109-resize,-3.07831360194227,3.07831360194227,1.9569999999999999,13.297078442475444
910402.0,2.5,-0.001721256325160958,0.001721256325160958,002103_2014-06-25_20-00-40_260595134347_rgbf000049-resize,-3.5568911455961745,3.5568911455961745,4.105,11.598018874569219
910402.0,2.5,-1.022078161157512,1.022078161157512,000929_2014-06-09_16-33-19_260595134347_rgbf000139-resize,-3.98931360194227,3.98931360194227,2.8680000000000003,19.501338012209015
910402.0,2.5,-0.8754020654142016,0.8754020654142016,000457_2014-06-08_16-52-43_260595134347_rgbf000199-resize,-4.213839449826905,4.213839449826905,3.6489999999999996,14.067279821032837
910402.0,2.5,-0.8129616445329213,0.8129616445329213,001584_2014-06-20_11-07-43_260595134347_rgbf000002-resize,-4.094839449826904,4.094839449826904,3.53,17.602834139105468
910402.0,2.5,-0.028312340491166262,0.028312340491166262,002279_2014-06-28_18-55-32_260595134347_rgbf000040-resize,-2.3474098592178865,2.3474098592178865,1.5043333333333,15.963772282558683
910402.0,2.5,-0.4527486282724778,0.4527486282724778,002043_2014-06-24_20-29-38_260595134347_rgbf000039-resize,-3.4083394498269044,3.4083394498269044,2.8435,8.475049543704081
910402.0,2.5,-0.5049374023947275,0.5049374023947275,003048_2014-06-15_13-49-43_094959634447_rgbf000150-resize,-4.011865297711538,4.011865297711538,4.0035,24.355606534500392
910402.0,2.5,-1.1807013027295483,1.1807013027295483,002344_2014-06-28_20-06-29_260595134347_rgbf000030-resize,-3.5355248301153166,3.5355248301153166,1.5795,37.33165518125916
910402.0,2.5,-0.7614386637272363,0.7614386637272363,000549_2014-06-08_22-10-24_260595134347_rgbf000247-resize,-3.240550677999952,3.240550677999952,1.841,30.99307977870557
910402.0,2.5,-1.0833280793030509,1.0833280793030509,000736_2014-06-08_18-24-15_260595134347_rgbf000206-resize,-4.358076525884587,4.358076525884587,3.515,33.408170606136416
910402.0,2.5,-0.11257602766749086,0.11257602766749086,000137_2014-05-20_17-04-49_260595134347_rgbf000120-resize,-3.5161282216538563,3.5161282216538563,3.786,14.89611111351161
910402.0,2.5,-0.7509246622586337,0.7509246622586337,000642_2014-06-08_16-59-25_260595134347_rgbf000098-resize,-3.7245765258845873,3.7245765258845873,2.8815,31.36214301237791
910402.0,2.5,-0.4485311398339145,0.4485311398339145,002425_2014-06-28_20-27-29_260595134347_rgbf000031-resize,-3.9043652977115393,3.9043652977115393,3.8960000000000004,8.40495801096819
910402.0,2.5,-0.3577762234026427,0.3577762234026427,001056_2014-06-08_18-46-44_260595134347_rgbf000068-resize,-3.2273394498269043,3.2273394498269043,2.6625,11.38594592369452
910402.0,2.5,-1.121005699756324,1.121005699756324,002199_2014-06-28_18-33-56_260595134347_rgbf000074-resize,-3.6737877540576345,3.6737877540576345,1.996,17.12852126070164
910402.0,2.5,-0.04448507398754753,0.04448507398754753,000917_2014-06-09_22-45-29_260595134347_rgbf000149-resize,-3.6383911455961737,3.6383911455961737,4.1865,9.740561609074897
910402.0,2.5,-0.6092729321678274,0.6092729321678274,002953_2014-06-08_17-32-18_094959634447_rgbf000059-resize,-2.950550677999952,2.950550677999952,1.551,13.905027931093345
910402.0,2.5,-0.8603463892408494,0.8603463892408494,002905_2014-06-03_18-04-43_094959634447_rgbf000151-resize,-3.4290506779999523,3.4290506779999523,2.0295,12.020604335789361
910402.0,2.5,-0.3917412517513198,0.3917412517513198,003423_2014-05-21_10-23-26_094959634447_rgbf002665-resize,-3.544102373769222,3.544102373769222,3.2575,35.43119222475438
910402.0,2.5,-0.43486888185029693,0.43486888185029693,003129_2014-05-12_10-48-10_094959634447_rgbf000100-resize,-4.382391145596174,4.382391145596174,4.9305,17.9074543760639
910402.0,2.5,-0.0014589016155683865,0.0014589016155683865,001052_2014-06-08_18-24-54_260595134347_rgbf000130-resize,-3.556391145596174,3.556391145596174,4.1045,25.87613690895519
910402.0,2.5,-0.6297167864302811,0.6297167864302811,001214_2014-06-17_16-13-55_260595134347_rgbf000111-resize,-3.493576525884587,3.493576525884587,2.6505,18.479282579459067
910402.0,2.5,-0.1507387313695432,0.1507387313695432,002444_2014-06-28_20-32-08_260595134347_rgbf000027-resize,-3.840891145596173,3.840891145596173,4.388999999999999,17.102760279009576
910402.0,2.5,-0.6140769615821651,0.6140769615821651,001133_2014-06-17_14-49-16_260595134347_rgbf000100-resize,-4.2198652977115385,4.2198652977115385,4.2115,26.759918254713728
910402.0,2.5,-0.0952606168348683,0.0952606168348683,001132_2014-06-17_14-48-54_260595134347_rgbf000100-resize,-3.4831282216538564,3.4831282216538564,3.753,14.398279213278778
910402.0,2.5,-0.2760626379094503,0.2760626379094503,000943_2014-06-09_19-31-07_260595134347_rgbf000128-resize,-2.819576525884587,2.819576525884587,1.9765,15.893099149291922
910402.0,2.5,-0.570545892876219,0.570545892876219,000854_2014-06-09_19-43-13_260595134347_rgbf000066-resize,-3.632839449826904,3.632839449826904,3.068,11.910827625938722
910402.0,2.5,-0.2751344898833059,0.2751344898833059,002153_2014-06-25_21-27-18_260595134347_rgbf000038-resize,-3.069839449826904,3.069839449826904,2.505,17.28886317575377
910402.0,2.5,-1.5962711627124802,1.5962711627124802,000522_2014-06-08_13-35-06_260595134347_rgbf000244-resize,-4.327524830115317,4.327524830115317,2.3715,25.742609854068213
910402.0,2.5,-0.2314623372799747,0.2314623372799747,002949_2014-06-26_15-57-42_094959634447_rgbf000079-resize,-2.734576525884587,2.734576525884587,1.8915,17.99500168321199
910402.0,2.5,-0.3740620284821191,0.3740620284821191,001555_2014-06-20_17-12-10_260595134347_rgbf000065-resize,-2.7543136019422696,2.7543136019422696,1.633,7.608284543781994
910402.0,2.5,-1.100158406886897,1.100158406886897,003534_2014-05-22_15-06-10_094959634447_rgbf000102-resize,-3.3820248301153164,3.3820248301153164,1.426,12.376994007247625
910402.0,2.5,-0.00779504081600657,0.00779504081600657,002637_2014-06-24_14-51-13_094959634447_rgbf000066-resize,-2.5603394498269045,2.5603394498269045,1.9955,10.972027795242447
910402.0,2.5,-0.5079842011827519,0.5079842011827519,001059_2014-06-08_21-53-27_260595134347_rgbf000061-resize,-3.2615765258845872,3.2615765258845872,2.4185,8.755513319222857
910402.0,2.5,-0.9560860451542388,0.9560860451542388,001032_2014-06-08_13-23-17_260595134347_rgbf000021-resize,-4.115576525884587,4.115576525884587,3.2725,15.984983178828962
910402.0,2.5,-0.19166606606482395,0.19166606606482395,001570_2014-06-20_17-21-09_260595134347_rgbf000135-resize,-3.9188911455961737,3.9188911455961737,4.467,22.179510675592084
910402.0,2.5,-0.5739366910156292,0.5739366910156292,001392_2014-06-19_16-07-59_260595134347_rgbf000046-resize,-4.143365297711538,4.143365297711538,4.135,18.95235574822112
910402.0,2.5,-0.018905489802981457,0.018905489802981457,001447_2014-06-19_17-00-32_260595134347_rgbf000082-resize,-3.5896411455961736,3.5896411455961736,4.13775,46.830399423560245
910402.0,2.5,-0.27824312022793096,0.27824312022793096,000742_2014-06-08_18-48-09_260595134347_rgbf000164-resize,-4.083891145596174,4.083891145596174,4.632,18.91549953899407
910402.0,2.5,-0.023132884784146213,0.023132884784146213,002758_2014-06-22_19-11-20_094959634447_rgbf000128-resize,-2.8416023737692218,2.8416023737692218,2.555,7.204478276142114
910402.0,2.5,-0.2916826496723699,0.2916826496723699,002549_2014-06-24_13-41-39_094959634447_rgbf000022-resize,-2.5973136019422696,2.5973136019422696,1.476,4.1736441355391865
910402.0,2.5,-0.7927801449800649,0.7927801449800649,000502_2014-06-08_23-02-32_260595134347_rgbf000063-resize,-3.5523136019422696,3.5523136019422696,2.431,13.897287578908273
910402.0,2.5,-0.39345646390622707,0.39345646390622707,001806_2014-06-26_20-50-20_260595134347_rgbf000091-resize,-3.2953394498269044,3.2953394498269044,2.7305,13.909869710567438
910402.0,2.5,-0.3934366508210301,0.3934366508210301,001617_2014-06-20_11-35-32_260595134347_rgbf000066-resize,-3.7993652977115393,3.7993652977115393,3.7910000000000004,19.974169961071475
910402.0,2.5,-1.043974872865279,1.043974872865279,000493_2014-06-09_21-01-18_260595134347_rgbf000196-resize,-4.283076525884587,4.283076525884587,3.44,19.629285382994567
910402.0,2.5,-0.3978966808839784,0.3978966808839784,000191_2014-05-12_17-07-38_260595134347_rgbf000199-resize,-3.80786529771154,3.80786529771154,3.7995,12.340757267219296
910402.0,2.5,-0.12938654216613854,0.12938654216613854,002600_2014-06-24_14-27-04_094959634447_rgbf000074-resize,-3.044102373769222,3.044102373769222,2.7575,44.47386082434929
910402.0,2.5,-0.2716026078465056,0.2716026078465056,003228_2014-05-14_13-42-35_094959634447_rgbf000101-resize,-2.8110765258845873,2.8110765258845873,1.9680000000000002,14.40337638638131
910402.0,2.5,-0.2651650109190675,0.2651650109190675,000368_2014-06-09_15-53-01_260595134347_rgbf000155-resize,-3.0508394498269045,3.0508394498269045,2.4859999999999998,21.090700959072958
910402.0,2.5,-0.12245395544733186,0.12245395544733186,002763_2014-06-22_19-13-10_094959634447_rgbf000075-resize,-2.5268265258845872,2.5268265258845872,1.68375,5.5919783591245595
910402.0,2.5,-0.5965388222103499,0.5965388222103499,002209_2014-06-28_18-36-10_260595134347_rgbf000051-resize,-3.178313601942269,3.178313601942269,2.057,12.962068825921264
910402.0,2.5,-0.3800367475469941,0.3800367475469941,001828_2014-06-26_21-40-03_260595134347_rgbf000024-resize,-4.277891145596175,4.277891145596175,4.8260000000000005,35.55232951340613
910402.0,2.5,-0.4152517178869908,0.4152517178869908,001110_2014-06-15_17-25-28_260595134347_rgbf000150-resize,-2.8328136019422696,2.8328136019422696,1.7115,9.336195527413247
910402.0,2.5,-0.08793449805168241,0.08793449805168241,000927_2014-06-09_16-32-30_260595134347_rgbf000123-resize,-2.9651023737692217,2.9651023737692217,2.6785,11.715239650325241
910402.0,2.5,-0.8007522439946192,0.8007522439946192,002570_2014-06-24_13-59-54_094959634447_rgbf000059-resize,-4.323602373769222,4.323602373769222,4.037,41.596140375002705
910402.0,2.5,-0.9773565897158378,0.9773565897158378,001810_2014-06-26_20-51-35_260595134347_rgbf000040-resize,-3.6520506779999518,3.6520506779999518,2.2525,22.411391411207674
910402.0,2.5,-0.8963706290958255,0.8963706290958255,002663_2014-06-13_15-50-26_094959634447_rgbf000075-resize,-4.75786529771154,4.75786529771154,4.7495,16.725954086732166
910402.0,2.5,-0.919740011334098,0.919740011334098,000409_2014-06-04_19-23-33_260595134347_rgbf000067-resize,-4.298339449826904,4.298339449826904,3.7335,12.696549983566419
910402.0,2.5,-0.37404221539691496,0.37404221539691496,001092_2014-06-15_17-34-58_260595134347_rgbf000171-resize,-3.258339449826904,3.258339449826904,2.6935,9.164038324933468
910402.0,2.5,-0.5074793048487793,0.5074793048487793,003587_2014-05-23_16-48-02_094959634447_rgbf002384-resize,-2.756550677999952,2.756550677999952,1.357,20.788172722830538
322668.0,2.5,-0.02272301537137056,0.02272301537137056,001808_2014-06-26_20-50-58_260595134347_rgbf000029-resize,-3.646334748281848,3.646334748281848,4.249,20.030651550568866
322668.0,2.5,-0.3453053274914443,0.3453053274914443,001029_2014-06-08_13-17-57_260595134347_rgbf000065-resize,-3.4149658884449847,3.4149658884449847,3.0835,18.209734661918688
322668.0,2.5,-0.5932305280494374,0.5932305280494374,000677_2014-06-08_23-10-32_260595134347_rgbf000158-resize,-3.8874658884449853,3.8874658884449853,3.556,19.65196273325612
322668.0,2.5,-0.22027611168900008,0.22027611168900008,001417_2014-06-19_16-25-36_260595134347_rgbf000115-resize,-4.0228347482818485,4.0228347482818485,4.6255,49.17091269608214
322668.0,2.5,-0.6237378613812621,0.6237378613812621,000682_2014-06-08_23-14-58_260595134347_rgbf000041-resize,-3.5225314585265535,3.5225314585265535,2.7239999999999998,8.707843071693064
322668.0,2.5,-1.1520062658161268,1.1520062658161268,001650_2014-06-20_12-09-00_260595134347_rgbf000087-resize,-3.683162598689689,3.683162598689689,1.9505,47.6804595860539
322668.0,2.5,-0.2661483922166637,0.2661483922166637,001244_2014-06-17_16-47-45_260595134347_rgbf000030-resize,-2.8410314585265537,2.8410314585265537,2.0425,6.7629638807870815
322668.0,2.5,-0.9814757045857564,0.9814757045857564,003495_2014-05-21_16-01-51_094959634447_rgbf000100-resize,-3.358162598689689,3.358162598689689,1.6255,12.747278812179
322668.0,2.5,-0.33361334622980154,0.33361334622980154,000556_2014-06-09_22-42-56_260595134347_rgbf000214-resize,-4.238834748281849,4.238834748281849,4.8415,23.88242025565649
322668.0,2.5,-0.7984660979649983,0.7984660979649983,000665_2014-06-09_20-42-35_260595134347_rgbf000110-resize,-3.8555314585265528,3.8555314585265528,3.057,18.49880761375764
322668.0,2.5,-0.8353839249965624,0.8353839249965624,002375_2014-06-28_20-13-44_260595134347_rgbf000032-resize,-4.348965888444985,4.348965888444985,4.0175,48.76103649676905
322668.0,2.5,-0.4898627724728732,0.4898627724728732,000788_2014-06-08_22-34-36_260595134347_rgbf000131-resize,-3.6904658884449852,3.6904658884449852,3.359,21.46386213810664
322668.0,2.5,-0.18099709227117544,0.18099709227117544,001235_2014-06-17_16-37-36_260595134347_rgbf000084-resize,-3.524900318363416,3.524900318363416,3.6605,14.547706659434104
322668.0,2.5,-0.035127873741809916,0.035127873741809916,000780_2014-06-08_22-28-29_260595134347_rgbf000126-resize,-3.2469003183634166,3.2469003183634166,3.3825,14.165390776882042
322668.0,2.5,-0.6222379201436987,0.6222379201436987,000470_2014-06-09_19-42-40_260595134347_rgbf000094-resize,-3.0965970286081212,3.0965970286081212,1.831,22.486379427626872
322668.0,2.5,-0.3722138819090233,0.3722138819090233,000109_2014-05-14_23-41-52_260595134347_rgbf000035-resize,-2.6200970286081207,2.6200970286081207,1.3545,6.620498200896815
322668.0,2.5,-1.2811589699519816,1.2811589699519816,002509_2014-06-24_13-19-22_094959634447_rgbf000077-resize,-3.506228168771257,3.506228168771257,1.3065,40.21868783296904
322668.0,2.5,-1.0168935903797611,1.0168935903797611,003338_2014-05-20_11-01-23_094959634447_rgbf000051-resize,-3.4256625986896894,3.4256625986896894,1.693,28.251495663089063
322668.0,2.5,-0.14135500202399556,0.14135500202399556,002784_2014-06-22_19-26-30_094959634447_rgbf000083-resize,-2.603198125193253,2.603198125193253,1.8046666666667,3.0422522474895675
322668.0,2.5,-1.303909642665949,1.303909642665949,001100_2014-06-15_17-46-26_260595134347_rgbf000225-resize,-3.9726625986896895,3.9726625986896895,2.24,9.548860596737413
322668.0,2.5,-0.9953805041937704,0.9953805041937704,000469_2014-06-09_19-42-10_260595134347_rgbf000081-resize,-3.384662598689689,3.384662598689689,1.652,25.13136208408983
322668.0,2.5,-0.36303146707353984,0.36303146707353984,000483_2014-06-09_20-41-45_260595134347_rgbf000116-resize,-2.6025970286081206,2.6025970286081206,1.337,29.232414989368262
322668.0,2.5,-0.08171303137828223,0.08171303137828223,002964_2014-06-08_17-46-11_094959634447_rgbf000091-resize,-2.4895314585265527,2.4895314585265527,1.6909999999999998,28.953812917975768
322668.0,2.5,-0.6883513069591631,0.6883513069591631,002136_2014-06-25_21-18-03_260595134347_rgbf000109-resize,-3.2225970286081207,3.2225970286081207,1.9569999999999999,13.297078442475444
322668.0,2.5,-0.5732173831010223,0.5732173831010223,002039_2014-06-24_20-22-38_260595134347_rgbf000084-resize,-4.272400318363417,4.272400318363417,4.408,15.524303639345458
322668.0,2.5,-0.8812959991739721,0.8812959991739721,002103_2014-06-25_20-00-40_260595134347_rgbf000049-resize,-4.436465888444985,4.436465888444985,4.105,11.598018874569219
322668.0,2.5,-0.23223044766022746,0.23223044766022746,000929_2014-06-09_16-33-19_260595134347_rgbf000139-resize,-3.199465888444985,3.199465888444985,2.8680000000000003,19.501338012209015
322668.0,2.5,-0.17496293395071394,0.17496293395071394,000457_2014-06-08_16-52-43_260595134347_rgbf000199-resize,-3.5134003183634164,3.5134003183634164,3.6489999999999996,14.067279821032837
322668.0,2.5,-0.17260174156444452,0.17260174156444452,003490_2014-05-21_15-50-11_094959634447_rgbf000101-resize,-3.508900318363416,3.508900318363416,3.6445,19.999457360175192
322668.0,2.5,-0.9573390713039212,0.9573390713039212,002344_2014-06-28_20-06-29_260595134347_rgbf000030-resize,-3.312162598689689,3.312162598689689,1.5795,37.33165518125916
322668.0,2.5,-0.6274850143354052,0.6274850143354052,000549_2014-06-08_22-10-24_260595134347_rgbf000247-resize,-3.1065970286081215,3.1065970286081215,1.841,30.99307977870557
322668.0,2.5,-1.0387830119450172,1.0387830119450172,000736_2014-06-08_18-24-15_260595134347_rgbf000206-resize,-4.313531458526554,4.313531458526554,3.515,33.408170606136416
322668.0,2.5,-0.2393140248190317,0.2393140248190317,000642_2014-06-08_16-59-25_260595134347_rgbf000098-resize,-3.2129658884449848,3.2129658884449848,2.8815,31.36214301237791
322668.0,2.5,-0.12440266202072342,0.12440266202072342,001056_2014-06-08_18-46-44_260595134347_rgbf000068-resize,-2.9939658884449853,2.9939658884449853,2.6625,11.38594592369452
322668.0,2.5,-0.7088149743068097,0.7088149743068097,002199_2014-06-28_18-33-56_260595134347_rgbf000074-resize,-3.2615970286081213,3.2615970286081213,1.996,17.12852126070164
322668.0,2.5,-0.4753192827759962,0.4753192827759962,002953_2014-06-08_17-32-18_094959634447_rgbf000059-resize,-2.8165970286081214,2.8165970286081214,1.551,13.905027931093345
322668.0,2.5,-0.2593271697674503,0.2593271697674503,002905_2014-06-03_18-04-43_094959634447_rgbf000151-resize,-2.8280314585265534,2.8280314585265534,2.0295,12.020604335789361
322668.0,2.5,-0.5851717190722469,0.5851717190722469,001214_2014-06-17_16-13-55_260595134347_rgbf000111-resize,-3.4490314585265534,3.4490314585265534,2.6505,18.479282579459067
322668.0,2.5,-0.17038892321807642,0.17038892321807642,001571_2014-06-20_17-21-32_260595134347_rgbf000089-resize,-2.658531458526553,2.658531458526553,1.86,4.991960350191473
322668.0,2.5,-0.5632479041367857,0.5632479041367857,002444_2014-06-28_20-32-08_260595134347_rgbf000027-resize,-4.253400318363415,4.253400318363415,4.388999999999999,17.102760279009576
322668.0,2.5,-0.1404804863253608,0.1404804863253608,000709_2014-06-08_13-51-55_260595134347_rgbf000068-resize,-2.6015314585265528,2.6015314585265528,1.8030000000000002,14.429351101546246
322668.0,2.5,-0.03434080961304975,0.03434080961304975,000758_2014-06-08_22-05-08_260595134347_rgbf000085-resize,-3.2454003183634166,3.2454003183634166,3.3810000000000002,11.91317737826679
322668.0,2.5,-0.8042379015758677,0.8042379015758677,000854_2014-06-09_19-43-13_260595134347_rgbf000066-resize,-3.8665314585265533,3.8665314585265533,3.068,11.910827625938722
322668.0,2.5,-0.17327482502350844,0.17327482502350844,001136_2014-06-17_15-19-41_260595134347_rgbf000076-resize,-2.6640314585265528,2.6640314585265528,1.8655,18.667799879387072
322668.0,2.5,-0.04176092850138663,0.04176092850138663,002153_2014-06-25_21-27-18_260595134347_rgbf000038-resize,-2.8364658884449847,2.8364658884449847,2.505,17.28886317575377
322668.0,2.5,-0.4105574631582065,0.4105574631582065,000734_2014-06-08_17-39-11_260595134347_rgbf000128-resize,-3.962400318363416,3.962400318363416,4.098,16.052231618370055
322668.0,2.5,-1.3729089312868523,1.3729089312868523,000522_2014-06-08_13-35-06_260595134347_rgbf000244-resize,-4.1041625986896895,4.1041625986896895,2.3715,25.742609854068213
322668.0,2.5,-0.18691726992194055,0.18691726992194055,002949_2014-06-26_15-57-42_094959634447_rgbf000079-resize,-2.6900314585265535,2.6900314585265535,1.8915,17.99500168321199
322668.0,2.5,-0.5183454551479704,0.5183454551479704,001555_2014-06-20_17-12-10_260595134347_rgbf000065-resize,-2.8985970286081213,2.8985970286081213,1.633,7.608284543781994
322668.0,2.5,-0.8767961754612696,0.8767961754612696,003534_2014-05-22_15-06-10_094959634447_rgbf000102-resize,-3.158662598689689,3.158662598689689,1.426,12.376994007247625
322668.0,2.5,-0.082539889156792,0.082539889156792,002414_2014-06-28_20-24-58_260595134347_rgbf000067-resize,-3.7603347482818483,3.7603347482818483,4.363,31.720662178139435
322668.0,2.5,-0.9115409777962046,0.9115409777962046,001032_2014-06-08_13-23-17_260595134347_rgbf000021-resize,-4.071031458526553,4.071031458526553,3.2725,15.984983178828962
322668.0,2.5,-0.5541396763212432,0.5541396763212432,003292_2014-05-14_21-53-49_094959634447_rgbf000100-resize,-3.8129658884449853,3.8129658884449853,3.4815,33.084282711345374
322668.0,2.5,-0.6104717518621181,0.6104717518621181,000447_2014-06-08_16-15-46_260595134347_rgbf000130-resize,-4.343400318363416,4.343400318363416,4.479,19.081432914605553
322668.0,2.5,-0.43141466257022404,0.43141466257022404,001447_2014-06-19_17-00-32_260595134347_rgbf000082-resize,-4.002150318363416,4.002150318363416,4.13775,46.830399423560245
322668.0,2.5,-0.2236867229136058,0.2236867229136058,000742_2014-06-08_18-48-09_260595134347_rgbf000164-resize,-4.0293347482818485,4.0293347482818485,4.632,18.91549953899407
322668.0,2.5,-0.06799639945990926,0.06799639945990926,002758_2014-06-22_19-11-20_094959634447_rgbf000128-resize,-2.886465888444985,2.886465888444985,2.555,7.204478276142114
322668.0,2.5,-0.4359660763382212,0.4359660763382212,002549_2014-06-24_13-41-39_094959634447_rgbf000022-resize,-2.7415970286081213,2.7415970286081213,1.476,4.1736441355391865
322668.0,2.5,-0.06398689179618232,0.06398689179618232,001199_2014-06-17_16-03-48_260595134347_rgbf000077-resize,-3.3019003183634164,3.3019003183634164,3.4375,28.282249848901696
322668.0,2.5,-0.002932431482780273,0.002932431482780273,000502_2014-06-08_23-02-32_260595134347_rgbf000063-resize,-2.7624658884449853,2.7624658884449853,2.431,13.897287578908273
322668.0,2.5,-1.0942140426874436,1.0942140426874436,001806_2014-06-26_20-50-20_260595134347_rgbf000091-resize,-3.9960970286081214,3.9960970286081214,2.7305,13.909869710567438
322668.0,2.5,-0.5323642354256768,0.5323642354256768,000493_2014-06-09_21-01-18_260595134347_rgbf000196-resize,-3.7714658884449848,3.7714658884449848,3.44,19.629285382994567
322668.0,2.5,-1.0057263185372889,1.0057263185372889,001449_2014-06-19_17-01-27_260595134347_rgbf000116-resize,-4.250531458526553,4.250531458526553,3.452,8.994872108877228
322668.0,2.5,-0.8317984106322422,0.8317984106322422,001450_2014-06-19_17-02-03_260595134347_rgbf000203-resize,-4.342132555111685,4.342132555111685,4.0106666666667,12.34882649363641
322668.0,2.5,-0.6413156269234696,0.6413156269234696,002600_2014-06-24_14-27-04_094959634447_rgbf000074-resize,-3.5560314585265527,3.5560314585265527,2.7575,44.47386082434929
322668.0,2.5,-1.161188680651608,1.161188680651608,003228_2014-05-14_13-42-35_094959634447_rgbf000101-resize,-3.700662598689689,3.700662598689689,1.9680000000000002,14.40337638638131
322668.0,2.5,-0.965922589700284,0.965922589700284,000368_2014-06-09_15-53-01_260595134347_rgbf000155-resize,-3.7515970286081215,3.7515970286081215,2.4859999999999998,21.090700959072958
322668.0,2.5,-0.2737566787946334,0.2737566787946334,002209_2014-06-28_18-36-10_260595134347_rgbf000051-resize,-2.8555314585265528,2.8555314585265528,2.057,12.962068825921264
322668.0,2.5,-0.7925459203142367,0.7925459203142367,001828_2014-06-26_21-40-03_260595134347_rgbf000024-resize,-4.690400318363417,4.690400318363417,4.8260000000000005,35.55232951340613
322668.0,2.5,-0.559535144552842,0.559535144552842,001110_2014-06-15_17-25-28_260595134347_rgbf000150-resize,-2.9770970286081213,2.9770970286081213,1.7115,9.336195527413247
322668.0,2.5,-0.8456157586703823,0.8456157586703823,002570_2014-06-24_13-59-54_094959634447_rgbf000059-resize,-4.368465888444985,4.368465888444985,4.037,41.596140375002705
322668.0,2.5,-0.2814047590223493,0.2814047590223493,002467_2014-06-28_20-38-07_260595134347_rgbf000026-resize,-4.139334748281849,4.139334748281849,4.742,15.331046216195933
322668.0,2.5,-0.8434029403240066,0.8434029403240066,001810_2014-06-26_20-51-35_260595134347_rgbf000040-resize,-3.5180970286081212,3.5180970286081212,2.2525,22.411391411207674
322668.0,2.5,-0.2853400796661353,0.2853400796661353,002663_2014-06-13_15-50-26_094959634447_rgbf000075-resize,-4.146834748281848,4.146834748281848,4.7495,16.725954086732166
322668.0,2.5,-0.2193008798706102,0.2193008798706102,000409_2014-06-04_19-23-33_260595134347_rgbf000067-resize,-3.5979003183634166,3.5979003183634166,3.7335,12.696549983566419
322668.0,2.5,-0.024970227087941003,0.024970227087941003,001011_2014-06-08_23-18-54_260595134347_rgbf000044-resize,-2.804465888444985,2.804465888444985,2.4730000000000003,11.624075606213012
322668.0,2.5,-0.6938607558604528,0.6938607558604528,002875_2014-06-01_15-19-00_094959634447_rgbf000151-resize,-3.233097028608121,3.233097028608121,1.9675,11.625680938349673
322668.0,2.5,-1.0747997941781315,1.0747997941781315,001092_2014-06-15_17-34-58_260595134347_rgbf000171-resize,-3.9590970286081206,3.9590970286081206,2.6935,9.164038324933468
322668.0,2.5,-0.6324697538175246,0.6324697538175246,001167_2014-06-17_15-38-07_260595134347_rgbf000108-resize,-3.116097028608121,3.116097028608121,1.8505,12.019050657019696
322668.0,2.5,-0.8405912255385166,0.8405912255385166,003587_2014-05-23_16-48-02_094959634447_rgbf002384-resize,-3.089662598689689,3.089662598689689,1.357,20.788172722830538
216496.0,2.5,-0.7286919633139027,0.7286919633139027,001808_2014-06-26_20-50-58_260595134347_rgbf000029-resize,-4.35230369622438,4.35230369622438,4.249,20.030651550568866
216496.0,2.5,-0.8068973560874841,0.8068973560874841,001815_2014-06-26_20-52-55_260595134347_rgbf000020-resize,-4.0205709630324025,4.0205709630324025,3.3865,18.626322656731816
216496.0,2.5,-0.6479104020788621,0.6479104020788621,001029_2014-06-08_13-17-57_260595134347_rgbf000065-resize,-3.7175709630324025,3.7175709630324025,3.0835,18.209734661918688
216496.0,2.5,-0.8958356026368549,0.8958356026368549,000677_2014-06-08_23-10-32_260595134347_rgbf000158-resize,-4.190070963032404,4.190070963032404,3.556,19.65196273325612
216496.0,2.5,-0.4592773658871117,0.4592773658871117,000682_2014-06-08_23-14-58_260595134347_rgbf000041-resize,-3.3580709630324037,3.3580709630324037,2.7239999999999998,8.707843071693064
216496.0,2.5,-0.5841818969668621,0.5841818969668621,001650_2014-06-20_12-09-00_260595134347_rgbf000087-resize,-3.1153382298404244,3.1153382298404244,1.9505,47.6804595860539
216496.0,2.5,-0.6324551635305353,0.6324551635305353,001244_2014-06-17_16-47-45_260595134347_rgbf000030-resize,-3.2073382298404245,3.2073382298404245,2.0425,6.7629638807870815
216496.0,2.5,-0.5088150273643122,0.5088150273643122,000556_2014-06-09_22-42-56_260595134347_rgbf000214-resize,-4.4140364294163605,4.4140364294163605,4.8415,23.88242025565649
216496.0,2.5,-0.08432510725549869,0.08432510725549869,001150_2014-06-17_15-27-34_260595134347_rgbf000108-resize,-3.60503642941636,3.60503642941636,4.0325,11.088139074292139
216496.0,2.5,-0.10323833566282647,0.10323833566282647,000665_2014-06-09_20-42-35_260595134347_rgbf000110-resize,-3.160303696224381,3.160303696224381,3.057,18.49880761375764
216496.0,2.5,-0.07645446596793692,0.07645446596793692,002375_2014-06-28_20-13-44_260595134347_rgbf000032-resize,-3.59003642941636,3.59003642941636,4.0175,48.76103649676905
216496.0,2.5,-0.6119678068656855,0.6119678068656855,002568_2014-06-24_13-59-21_094959634447_rgbf000062-resize,-3.6490709630324023,3.6490709630324023,3.015,29.63840999388049
216496.0,2.5,-0.7924678470602908,0.7924678470602908,000788_2014-06-08_22-34-36_260595134347_rgbf000131-resize,-3.9930709630324026,3.9930709630324026,3.359,21.46386213810664
216496.0,2.5,-0.9506677369401616,0.9506677369401616,001235_2014-06-17_16-37-36_260595134347_rgbf000084-resize,-4.2945709630324025,4.2945709630324025,3.6605,14.547706659434104
216496.0,2.5,-0.712163616610021,0.712163616610021,001094_2014-06-15_17-36-00_260595134347_rgbf000205-resize,-4.320803696224381,4.320803696224381,4.2175,17.196771274488466
216496.0,2.5,-0.5214791213760024,0.5214791213760024,000470_2014-06-09_19-42-40_260595134347_rgbf000094-resize,-2.9958382298404245,2.9958382298404245,1.831,22.486379427626872
216496.0,2.5,-0.2714550831413269,0.2714550831413269,000109_2014-05-14_23-41-52_260595134347_rgbf000035-resize,-2.5193382298404243,2.5193382298404243,1.3545,6.620498200896815
216496.0,2.5,-0.7770362978291705,0.7770362978291705,002509_2014-06-24_13-19-22_094959634447_rgbf000077-resize,-3.002105496648446,3.002105496648446,1.3065,40.21868783296904
216496.0,2.5,-0.44906922153049655,0.44906922153049655,003338_2014-05-20_11-01-23_094959634447_rgbf000051-resize,-2.857838229840425,2.857838229840425,1.693,28.251495663089063
216496.0,2.5,-1.0384290401458889,1.0384290401458889,002784_2014-06-22_19-26-30_094959634447_rgbf000083-resize,-3.5002721633151466,3.5002721633151466,1.8046666666667,3.0422522474895675
216496.0,2.5,-0.7360852738166845,0.7360852738166845,001100_2014-06-15_17-46-26_260595134347_rgbf000225-resize,-3.4048382298404247,3.4048382298404247,2.24,9.548860596737413
216496.0,2.5,-0.9583234021525272,0.9583234021525272,000469_2014-06-09_19-42-10_260595134347_rgbf000081-resize,-3.3476054966484465,3.3476054966484465,1.652,25.13136208408983
216496.0,2.5,-0.2622726683058435,0.2622726683058435,000483_2014-06-09_20-41-45_260595134347_rgbf000116-resize,-2.5018382298404243,2.5018382298404243,1.337,29.232414989368262
216496.0,2.5,-0.9787870695001756,0.9787870695001756,002964_2014-06-08_17-46-11_094959634447_rgbf000091-resize,-3.3866054966484462,3.3866054966484462,1.6909999999999998,28.953812917975768
216496.0,2.5,-0.5875925081914668,0.5875925081914668,002136_2014-06-25_21-18-03_260595134347_rgbf000109-resize,-3.1218382298404244,3.1218382298404244,1.9569999999999999,13.297078442475444
216496.0,2.5,-0.6531338069533679,0.6531338069533679,002103_2014-06-25_20-00-40_260595134347_rgbf000049-resize,-4.208303696224381,4.208303696224381,4.105,11.598018874569219
216496.0,2.5,-0.004068255439623525,0.004068255439623525,000929_2014-06-09_16-33-19_260595134347_rgbf000139-resize,-2.971303696224381,2.971303696224381,2.8680000000000003,19.501338012209015
216496.0,2.5,-0.9446335786196999,0.9446335786196999,000457_2014-06-08_16-52-43_260595134347_rgbf000199-resize,-4.2830709630324035,4.2830709630324035,3.6489999999999996,14.067279821032837
216496.0,2.5,-0.3500740444470037,0.3500740444470037,002279_2014-06-28_18-55-32_260595134347_rgbf000040-resize,-2.6691715631737245,2.6691715631737245,1.5043333333333,15.963772282558683
216496.0,2.5,-0.11821624342638334,0.11821624342638334,000635_2014-06-08_16-38-42_260595134347_rgbf000106-resize,-2.7080709630324025,2.7080709630324025,2.074,10.796976226722654
216496.0,2.5,-0.7124733499540126,0.7124733499540126,002725_2014-06-22_11-47-51_094959634447_rgbf000070-resize,-3.3598382298404244,3.3598382298404244,2.195,3.938570017428758
216496.0,2.5,-0.920281969262678,0.920281969262678,002344_2014-06-28_20-06-29_260595134347_rgbf000030-resize,-3.2751054966484463,3.2751054966484463,1.5795,37.33165518125916
216496.0,2.5,-0.3044880872318549,0.3044880872318549,001055_2014-06-08_18-45-35_260595134347_rgbf000111-resize,-3.063070963032404,3.063070963032404,2.4290000000000003,8.406298609581565
216496.0,2.5,-0.5267262155677088,0.5267262155677088,000549_2014-06-08_22-10-24_260595134347_rgbf000247-resize,-3.0058382298404247,3.0058382298404247,1.841,30.99307977870557
216496.0,2.5,-0.8743225164508666,0.8743225164508666,000736_2014-06-08_18-24-15_260595134347_rgbf000206-resize,-4.149070963032401,4.149070963032401,3.515,33.408170606136416
216496.0,2.5,-0.4857515022380156,0.4857515022380156,000137_2014-05-20_17-04-49_260595134347_rgbf000120-resize,-3.889303696224381,3.889303696224381,3.786,14.89611111351161
216496.0,2.5,-1.0726863662144712,1.0726863662144712,000642_2014-06-08_16-59-25_260595134347_rgbf000098-resize,-4.0463382298404245,4.0463382298404245,2.8815,31.36214301237791
216496.0,2.5,-0.5434695383467564,0.5434695383467564,002425_2014-06-28_20-27-29_260595134347_rgbf000031-resize,-3.9993036962243815,3.9993036962243815,3.8960000000000004,8.40495801096819
216496.0,2.5,-0.42700773660814106,0.42700773660814106,001056_2014-06-08_18-46-44_260595134347_rgbf000068-resize,-3.2965709630324027,3.2965709630324027,2.6625,11.38594592369452
216496.0,2.5,-0.6080561755391134,0.6080561755391134,002199_2014-06-28_18-33-56_260595134347_rgbf000074-resize,-3.1608382298404245,3.1608382298404245,1.996,17.12852126070164
216496.0,2.5,-0.3745604840082999,0.3745604840082999,002953_2014-06-08_17-32-18_094959634447_rgbf000059-resize,-2.7158382298404247,2.7158382298404247,1.551,13.905027931093345
216496.0,2.5,-0.09486667427329998,0.09486667427329998,002905_2014-06-03_18-04-43_094959634447_rgbf000151-resize,-2.6635709630324027,2.6635709630324027,2.0295,12.020604335789361
216496.0,2.5,-0.6528714522437754,0.6528714522437754,001052_2014-06-08_18-24-54_260595134347_rgbf000130-resize,-4.2078036962243806,4.2078036962243806,4.1045,25.87613690895519
216496.0,2.5,-0.15785549389094422,0.15785549389094422,002272_2014-06-28_18-53-56_260595134347_rgbf000067-resize,-2.3028382298404244,2.3028382298404244,1.138,10.409245808146235
216496.0,2.5,-0.0059284277239261,0.0059284277239261,001571_2014-06-20_17-21-32_260595134347_rgbf000089-resize,-2.4940709630324034,2.4940709630324034,1.86,4.991960350191473
216496.0,2.5,-0.04263439774865063,0.04263439774865063,003070_2014-06-15_14-58-27_094959634447_rgbf000150-resize,-3.044803696224381,3.044803696224381,2.9415,10.664823740812926
216496.0,2.5,-0.06705707505726588,0.06705707505726588,000943_2014-06-09_19-31-07_260595134347_rgbf000128-resize,-2.6105709630324023,2.6105709630324023,1.9765,15.893099149291922
216496.0,2.5,-0.5067872576392324,0.5067872576392324,000709_2014-06-08_13-51-55_260595134347_rgbf000068-resize,-2.9678382298404244,2.9678382298404244,1.8030000000000002,14.429351101546246
216496.0,2.5,-0.10901013927369584,0.10901013927369584,000854_2014-06-09_19-43-13_260595134347_rgbf000066-resize,-3.171303696224381,3.171303696224381,3.068,11.910827625938722
216496.0,2.5,-0.8751332698968262,0.8751332698968262,002153_2014-06-25_21-27-18_260595134347_rgbf000038-resize,-3.669838229840424,3.669838229840424,2.505,17.28886317575377
216496.0,2.5,-0.3755625242122468,0.3755625242122468,002660_2014-06-13_15-44-18_094959634447_rgbf001878-resize,-3.679303696224381,3.679303696224381,3.576,15.11997681444361
216496.0,2.5,-0.18640477860133087,0.18640477860133087,000866_2014-06-09_20-45-42_260595134347_rgbf000139-resize,-3.318803696224381,3.318803696224381,3.2155,8.082259189449621
216496.0,2.5,-0.417586656380274,0.417586656380274,001555_2014-06-20_17-12-10_260595134347_rgbf000065-resize,-2.7978382298404245,2.7978382298404245,1.633,7.608284543781994
216496.0,2.5,-0.30897180661200485,0.30897180661200485,003534_2014-05-22_15-06-10_094959634447_rgbf000102-resize,-2.5908382298404247,2.5908382298404247,1.426,12.376994007247625
216496.0,2.5,-0.07702655402150492,0.07702655402150492,002637_2014-06-24_14-51-13_094959634447_rgbf000066-resize,-2.6295709630324025,2.6295709630324025,1.9955,10.972027795242447
216496.0,2.5,-0.4299173277307734,0.4299173277307734,001016_2014-06-09_16-16-10_260595134347_rgbf000112-resize,-2.821338229840425,2.821338229840425,1.6565,7.049977084494088
216496.0,2.5,-0.3278376563849399,0.3278376563849399,002340_2014-06-28_20-05-46_260595134347_rgbf000113-resize,-3.1075709630324027,3.1075709630324027,2.4735,7.91768620575396
216496.0,2.5,-0.047047049177190166,0.047047049177190166,000773_2014-06-08_22-24-54_260595134347_rgbf000093-resize,-4.014769162608338,4.014769162608338,4.973,21.45352631724976
216496.0,2.5,-0.2577415702913026,0.2577415702913026,002414_2014-06-28_20-24-58_260595134347_rgbf000067-resize,-3.9355364294163597,3.9355364294163597,4.363,31.720662178139435
216496.0,2.5,-0.7470804823020543,0.7470804823020543,001032_2014-06-08_13-23-17_260595134347_rgbf000021-resize,-3.9065709630324026,3.9065709630324026,3.2725,15.984983178828962
216496.0,2.5,-0.3259774841006392,0.3259774841006392,003292_2014-05-14_21-53-49_094959634447_rgbf000100-resize,-3.584803696224381,3.584803696224381,3.4815,33.084282711345374
216496.0,2.5,-0.3123113498850094,0.3123113498850094,001570_2014-06-20_17-21-09_260595134347_rgbf000135-resize,-4.039536429416359,4.039536429416359,4.467,22.179510675592084
216496.0,2.5,-0.13810782272044952,0.13810782272044952,001392_2014-06-19_16-07-59_260595134347_rgbf000046-resize,-3.70753642941636,3.70753642941636,4.135,18.95235574822112
216496.0,2.5,-0.8493751297230826,0.8493751297230826,000447_2014-06-08_16-15-46_260595134347_rgbf000130-resize,-4.582303696224381,4.582303696224381,4.479,19.081432914605553
216496.0,2.5,-0.9013687408553488,0.9013687408553488,002758_2014-06-22_19-11-20_094959634447_rgbf000128-resize,-3.7198382298404247,3.7198382298404247,2.555,7.204478276142114
216496.0,2.5,-0.3352072775705248,0.3352072775705248,002549_2014-06-24_13-41-39_094959634447_rgbf000022-resize,-2.6408382298404245,2.6408382298404245,1.476,4.1736441355391865
216496.0,2.5,-0.7959021476021031,0.7959021476021031,002750_2014-06-22_19-08-03_094959634447_rgbf000094-resize,-3.5188382298404246,3.5188382298404246,2.354,8.789636111124727
216496.0,2.5,-0.3055375060701979,0.3055375060701979,000502_2014-06-08_23-02-32_260595134347_rgbf000063-resize,-3.0650709630324027,3.0650709630324027,2.431,13.897287578908273
216496.0,2.5,-0.488375049333872,0.488375049333872,001617_2014-06-20_11-35-32_260595134347_rgbf000066-resize,-3.894303696224381,3.894303696224381,3.7910000000000004,19.974169961071475
216496.0,2.5,-0.3042020432050728,0.3042020432050728,000493_2014-06-09_21-01-18_260595134347_rgbf000196-resize,-3.543303696224381,3.543303696224381,3.44,19.629285382994567
216496.0,2.5,-0.4928350793968202,0.4928350793968202,000191_2014-05-12_17-07-38_260595134347_rgbf000199-resize,-3.902803696224381,3.902803696224381,3.7995,12.340757267219296
216496.0,2.5,-0.628734818961937,0.628734818961937,000506_2014-06-08_23-21-00_260595134347_rgbf000070-resize,-4.161803696224381,4.161803696224381,4.0585,16.716212007621664
216496.0,2.5,-0.009052994921743164,0.009052994921743164,003079_2014-06-15_15-18-20_094959634447_rgbf000152-resize,-2.980803696224381,2.980803696224381,2.8775,9.032134209869396
216496.0,2.5,-1.1241315786103647,1.1241315786103647,003228_2014-05-14_13-42-35_094959634447_rgbf000101-resize,-3.6636054966484464,3.6636054966484464,1.9680000000000002,14.40337638638131
216496.0,2.5,-0.8651637909325878,0.8651637909325878,000368_2014-06-09_15-53-01_260595134347_rgbf000155-resize,-3.6508382298404247,3.6508382298404247,2.4859999999999998,21.090700959072958
216496.0,2.5,-0.1754095701159475,0.1754095701159475,002678_2014-06-13_16-15-32_094959634447_rgbf000151-resize,-2.817070963032404,2.817070963032404,2.1830000000000003,32.96558503300821
216496.0,2.5,-0.14888805513064785,0.14888805513064785,002805_2014-06-22_19-54-03_094959634447_rgbf000079-resize,-3.2473036962243813,3.2473036962243813,3.1439999999999997,7.377848172936663
216496.0,2.5,-0.08668629964175678,0.08668629964175678,002570_2014-06-24_13-59-54_094959634447_rgbf000059-resize,-3.60953642941636,3.60953642941636,4.037,41.596140375002705
216496.0,2.5,-0.4566064401568599,0.4566064401568599,002467_2014-06-28_20-38-07_260595134347_rgbf000026-resize,-4.31453642941636,4.31453642941636,4.742,15.331046216195933
216496.0,2.5,-0.7426441415563103,0.7426441415563103,001810_2014-06-26_20-51-35_260595134347_rgbf000040-resize,-3.4173382298404245,3.4173382298404245,2.2525,22.411391411207674
216496.0,2.5,-0.4582042577315747,0.4582042577315747,000409_2014-06-04_19-23-33_260595134347_rgbf000067-resize,-3.8368036962243814,3.8368036962243814,3.7335,12.696549983566419
216496.0,2.5,-0.32757530167535864,0.32757530167535864,001011_2014-06-08_23-18-54_260595134347_rgbf000044-resize,-3.1070709630324034,3.1070709630324034,2.4730000000000003,11.624075606213012
216496.0,2.5,-0.4432737286024133,0.4432737286024133,001092_2014-06-15_17-34-58_260595134347_rgbf000171-resize,-3.3275709630324024,3.3275709630324024,2.6935,9.164038324933468
216496.0,2.5,-0.5317109550498282,0.5317109550498282,001167_2014-06-17_15-38-07_260595134347_rgbf000108-resize,-3.0153382298404248,3.0153382298404248,1.8505,12.019050657019696
216496.0,2.5,-0.2727668566892518,0.2727668566892518,003587_2014-05-23_16-48-02_094959634447_rgbf002384-resize,-2.5218382298404247,2.5218382298404247,1.357,20.788172722830538
550865.0,2.5,-0.6253882670895229,0.6253882670895229,001808_2014-06-26_20-50-58_260595134347_rgbf000029-resize,-4.2490000000000006,4.2490000000000006,4.249,20.030651550568866
550865.0,2.5,-0.17282639305508268,0.17282639305508268,001815_2014-06-26_20-52-55_260595134347_rgbf000020-resize,-3.386500000000001,3.386500000000001,3.3865,18.626322656731816
550865.0,2.5,-0.01383943904646052,0.01383943904646052,001029_2014-06-08_13-17-57_260595134347_rgbf000065-resize,-3.083500000000001,3.083500000000001,3.0835,18.209734661918688
550865.0,2.5,-0.2617646396044536,0.2617646396044536,000677_2014-06-08_23-10-32_260595134347_rgbf000158-resize,-3.5560000000000014,3.5560000000000014,3.556,19.65196273325612
550865.0,2.5,-0.1172142265466607,0.1172142265466607,001516_2014-06-20_16-25-09_260595134347_rgbf000076-resize,-2.55046069976932,2.55046069976932,1.7445,3.8622659094666254
550865.0,2.5,-1.6289020631764712,1.6289020631764712,001417_2014-06-19_16-25-36_260595134347_rgbf000115-resize,-5.4314606997693184,5.4314606997693184,4.6255,49.17091269608214
550865.0,2.5,-0.4488235475386945,0.4488235475386945,003081_2014-06-15_15-19-16_094959634447_rgbf000150-resize,-3.9125000000000014,3.9125000000000014,3.9125,16.632991649560594
550865.0,2.5,-1.031265066665077,1.031265066665077,001650_2014-06-20_12-09-00_260595134347_rgbf000087-resize,-3.5624213995386387,3.5624213995386387,1.9505,47.6804595860539
550865.0,2.5,-0.2735776334594308,0.2735776334594308,001244_2014-06-17_16-47-45_260595134347_rgbf000030-resize,-2.84846069976932,2.84846069976932,2.0425,6.7629638807870815
550865.0,2.5,-0.054773805665387136,0.054773805665387136,003495_2014-05-21_16-01-51_094959634447_rgbf000100-resize,-2.43146069976932,2.43146069976932,1.6255,12.747278812179
550865.0,2.5,-1.3177493776084592,1.3177493776084592,001150_2014-06-17_15-27-34_260595134347_rgbf000108-resize,-4.8384606997693185,4.8384606997693185,4.0325,11.088139074292139
550865.0,2.5,-0.5039180365515786,0.5039180365515786,002375_2014-06-28_20-13-44_260595134347_rgbf000032-resize,-4.017500000000001,4.017500000000001,4.0175,48.76103649676905
550865.0,2.5,-0.15839688402788935,0.15839688402788935,000788_2014-06-08_22-34-36_260595134347_rgbf000131-resize,-3.3590000000000013,3.3590000000000013,3.359,21.46386213810664
550865.0,2.5,-0.31659677390776003,0.31659677390776003,001235_2014-06-17_16-37-36_260595134347_rgbf000084-resize,-3.660500000000001,3.660500000000001,3.6605,14.547706659434104
550865.0,2.5,-0.1707275553783945,0.1707275553783945,000780_2014-06-08_22-28-29_260595134347_rgbf000126-resize,-3.382500000000001,3.382500000000001,3.3825,14.165390776882042
550865.0,2.5,-0.9685622910742172,0.9685622910742172,000470_2014-06-09_19-42-40_260595134347_rgbf000094-resize,-3.4429213995386387,3.4429213995386387,1.831,22.486379427626872
550865.0,2.5,-0.7185382528395416,0.7185382528395416,000109_2014-05-14_23-41-52_260595134347_rgbf000035-resize,-2.9664213995386386,2.9664213995386386,1.3545,6.620498200896815
550865.0,2.5,-0.9547449430360818,0.9547449430360818,002784_2014-06-22_19-26-30_094959634447_rgbf000083-resize,-3.416588066205339,3.416588066205339,1.8046666666667,3.0422522474895675
550865.0,2.5,-1.1831684435148992,1.1831684435148992,001100_2014-06-15_17-46-26_260595134347_rgbf000225-resize,-3.85192139953864,3.85192139953864,2.24,9.548860596737413
550865.0,2.5,-0.06867860527340107,0.06867860527340107,000469_2014-06-09_19-42-10_260595134347_rgbf000081-resize,-2.45796069976932,2.45796069976932,1.652,25.13136208408983
550865.0,2.5,-0.8951029723903685,0.8951029723903685,002964_2014-06-08_17-46-11_094959634447_rgbf000091-resize,-3.3029213995386386,3.3029213995386386,1.6909999999999998,28.953812917975768
550865.0,2.5,-0.22871497812036226,0.22871497812036226,002136_2014-06-25_21-18-03_260595134347_rgbf000109-resize,-2.76296069976932,2.76296069976932,1.9569999999999999,13.297078442475444
550865.0,2.5,-0.3105626155872985,0.3105626155872985,000457_2014-06-08_16-52-43_260595134347_rgbf000199-resize,-3.649000000000002,3.649000000000002,3.6489999999999996,14.067279821032837
550865.0,2.5,-0.4860779162997864,0.4860779162997864,003621_2014-05-23_18-06-08_094959634447_rgbf000101-resize,-3.983500000000001,3.983500000000001,3.9835,23.07176470133362
550865.0,2.5,-1.0540828944753369,1.0540828944753369,001584_2014-06-20_11-07-43_260595134347_rgbf000002-resize,-4.33596069976932,4.33596069976932,3.53,17.602834139105468
550865.0,2.5,-0.3082014232010291,0.3082014232010291,003490_2014-05-21_15-50-11_094959634447_rgbf000101-resize,-3.644500000000001,3.644500000000001,3.6445,19.999457360175192
550865.0,2.5,-0.7971572141452185,0.7971572141452185,002279_2014-06-28_18-55-32_260595134347_rgbf000040-resize,-3.1162547328719388,3.1162547328719388,1.5043333333333,15.963772282558683
550865.0,2.5,-0.2901059801633007,0.2901059801633007,000635_2014-06-08_16-38-42_260595134347_rgbf000106-resize,-2.87996069976932,2.87996069976932,2.074,10.796976226722654
550865.0,2.5,-0.35359581988290795,0.35359581988290795,002725_2014-06-22_11-47-51_094959634447_rgbf000070-resize,-3.00096069976932,3.00096069976932,2.195,3.938570017428758
550865.0,2.5,-0.8365978721528711,0.8365978721528711,002344_2014-06-28_20-06-29_260595134347_rgbf000030-resize,-3.1914213995386387,3.1914213995386387,1.5795,37.33165518125916
550865.0,2.5,-0.16784868549660426,0.16784868549660426,000549_2014-06-08_22-10-24_260595134347_rgbf000247-resize,-2.64696069976932,2.64696069976932,1.841,30.99307977870557
550865.0,2.5,-1.0462122531877838,1.0462122531877838,000736_2014-06-08_18-24-15_260595134347_rgbf000206-resize,-4.32096069976932,4.32096069976932,3.515,33.408170606136416
550865.0,2.5,-0.3824478060136357,0.3824478060136357,000137_2014-05-20_17-04-49_260595134347_rgbf000120-resize,-3.786000000000002,3.786000000000002,3.786,14.89611111351161
550865.0,2.5,-0.4401658421223765,0.4401658421223765,002425_2014-06-28_20-27-29_260595134347_rgbf000031-resize,-3.896000000000001,3.896000000000001,3.8960000000000004,8.40495801096819
550865.0,2.5,-0.24917864546800886,0.24917864546800886,002199_2014-06-28_18-33-56_260595134347_rgbf000074-resize,-2.80196069976932,2.80196069976932,1.996,17.12852126070164
550865.0,2.5,-0.3535887879592659,0.3535887879592659,002323_2014-06-28_20-01-54_260595134347_rgbf000051-resize,-3.731000000000001,3.731000000000001,3.7310000000000003,18.09172628388976
550865.0,2.5,-0.8216436537065146,0.8216436537065146,002953_2014-06-08_17-32-18_094959634447_rgbf000059-resize,-3.16292139953864,3.16292139953864,1.551,13.905027931093345
550865.0,2.5,-0.7877998961700311,0.7877998961700311,000810_2014-06-08_17-20-01_260595134347_rgbf000105-resize,-3.0984213995386387,3.0984213995386387,1.4865,3.0958890116960642
550865.0,2.5,-0.5926009603150139,0.5926009603150139,001214_2014-06-17_16-13-55_260595134347_rgbf000111-resize,-3.4564606997693197,3.4564606997693197,2.6505,18.479282579459067
550865.0,2.5,-0.5317276357676071,0.5317276357676071,000436_2014-06-09_22-25-11_260595134347_rgbf000137-resize,-4.070500000000001,4.070500000000001,4.0705,20.69156545677159
550865.0,2.5,-0.3651323951810131,0.3651323951810131,001132_2014-06-17_14-48-54_260595134347_rgbf000100-resize,-3.7530000000000014,3.7530000000000014,3.753,14.398279213278778
550865.0,2.5,-0.16994049124963434,0.16994049124963434,000758_2014-06-08_22-05-08_260595134347_rgbf000085-resize,-3.381000000000001,3.381000000000001,3.3810000000000002,11.91317737826679
550865.0,2.5,-0.0057064430493159535,0.0057064430493159535,000854_2014-06-09_19-43-13_260595134347_rgbf000066-resize,-3.0680000000000014,3.0680000000000014,3.068,11.910827625938722
550865.0,2.5,-0.4370246175309988,0.4370246175309988,001164_2014-06-17_15-35-46_260595134347_rgbf000085-resize,-3.1599606997693197,3.1599606997693197,2.354,17.325668807481115
550865.0,2.5,-0.18070406626627544,0.18070406626627544,001136_2014-06-17_15-19-41_260595134347_rgbf000076-resize,-2.67146069976932,2.67146069976932,1.8655,18.667799879387072
550865.0,2.5,-1.0782195277571858,1.0782195277571858,002660_2014-06-13_15-44-18_094959634447_rgbf001878-resize,-4.38196069976932,4.38196069976932,3.576,15.11997681444361
550865.0,2.5,-1.2521677321358025,1.2521677321358025,000522_2014-06-08_13-35-06_260595134347_rgbf000244-resize,-3.98342139953864,3.98342139953864,2.3715,25.742609854068213
550865.0,2.5,-0.1943465111647076,0.1943465111647076,002949_2014-06-26_15-57-42_094959634447_rgbf000079-resize,-2.69746069976932,2.69746069976932,1.8915,17.99500168321199
550865.0,2.5,-0.598365732002239,0.598365732002239,002989_2014-06-15_12-25-03_094959634447_rgbf000150-resize,-4.197500000000002,4.197500000000002,4.1975,27.906783421951957
550865.0,2.5,-0.8890617821462697,0.8890617821462697,000866_2014-06-09_20-45-42_260595134347_rgbf000139-resize,-4.02146069976932,4.02146069976932,3.2155,8.082259189449621
550865.0,2.5,-0.8646698260784887,0.8646698260784887,001555_2014-06-20_17-12-10_260595134347_rgbf000065-resize,-3.2449213995386392,3.2449213995386392,1.633,7.608284543781994
550865.0,2.5,-0.1993171867995348,0.1993171867995348,000773_2014-06-08_22-24-54_260595134347_rgbf000093-resize,-4.167039300230682,4.167039300230682,4.973,21.45352631724976
550865.0,2.5,-0.9189702190389716,0.9189702190389716,001032_2014-06-08_13-23-17_260595134347_rgbf000021-resize,-4.07846069976932,4.07846069976932,3.2725,15.984983178828962
550865.0,2.5,-0.2226737878762593,0.2226737878762593,003292_2014-05-14_21-53-49_094959634447_rgbf000100-resize,-3.4815000000000014,3.4815000000000014,3.4815,33.084282711345374
550865.0,2.5,-1.320372924704309,1.320372924704309,002639_2014-06-24_14-51-37_094959634447_rgbf000074-resize,-4.843460699769318,4.843460699769318,4.0375,16.521406794569987
550865.0,2.5,-0.7460714334987028,0.7460714334987028,000447_2014-06-08_16-15-46_260595134347_rgbf000130-resize,-4.479000000000001,4.479000000000001,4.479,19.081432914605553
550865.0,2.5,-1.3729750439761277,1.3729750439761277,001447_2014-06-19_17-00-32_260595134347_rgbf000082-resize,-4.943710699769318,4.943710699769318,4.13775,46.830399423560245
550865.0,2.5,-0.6169929163827862,0.6169929163827862,001066_2014-06-08_22-03-20_260595134347_rgbf000066-resize,-4.233000000000001,4.233000000000001,4.2330000000000005,19.743449467077777
550865.0,2.5,-0.02039127486243919,0.02039127486243919,000742_2014-06-08_18-48-09_260595134347_rgbf000164-resize,-3.826039300230682,3.826039300230682,4.632,18.91549953899407
550865.0,2.5,-0.4370246175309985,0.4370246175309985,002750_2014-06-22_19-08-03_094959634447_rgbf000094-resize,-3.1599606997693197,3.1599606997693197,2.354,8.789636111124727
550865.0,2.5,-0.4774272428071152,0.4774272428071152,000502_2014-06-08_23-02-32_260595134347_rgbf000063-resize,-3.23696069976932,3.23696069976932,2.431,13.897287578908273
550865.0,2.5,-1.440538413617962,1.440538413617962,001806_2014-06-26_20-50-20_260595134347_rgbf000091-resize,-4.3424213995386385,4.3424213995386385,2.7305,13.909869710567438
550865.0,2.5,-1.191032052878811,1.191032052878811,001617_2014-06-20_11-35-32_260595134347_rgbf000066-resize,-4.596960699769321,4.596960699769321,3.7910000000000004,19.974169961071475
550865.0,2.5,-0.5254311227375571,0.5254311227375571,000506_2014-06-08_23-21-00_260595134347_rgbf000070-resize,-4.058500000000001,4.058500000000001,4.0585,16.716212007621664
550865.0,2.5,-0.711709998466682,0.711709998466682,003079_2014-06-15_15-18-20_094959634447_rgbf000152-resize,-3.68346069976932,3.68346069976932,2.8775,9.032134209869396
550865.0,2.5,-1.0131555597800554,1.0131555597800554,001449_2014-06-19_17-01-27_260595134347_rgbf000116-resize,-4.25796069976932,4.25796069976932,3.452,8.994872108877228
550865.0,2.5,-0.5003325221872584,0.5003325221872584,001450_2014-06-19_17-02-03_260595134347_rgbf000203-resize,-4.010666666666701,4.010666666666701,4.0106666666667,12.34882649363641
550865.0,2.5,-0.08533812933206475,0.08533812933206475,002763_2014-06-22_19-13-10_094959634447_rgbf000075-resize,-2.48971069976932,2.48971069976932,1.68375,5.5919783591245595
550865.0,2.5,-1.0871466198067197,1.0871466198067197,002209_2014-06-28_18-36-10_260595134347_rgbf000051-resize,-3.6689213995386387,3.6689213995386387,2.057,12.962068825921264
550865.0,2.5,-0.4273104613527077,0.4273104613527077,000009_2014-05-26_14-32-05_260595134347_rgbf000034-resize,-3.8715000000000015,3.8715000000000015,3.8715,34.796526826055185
550865.0,2.5,-0.12218490218150235,0.12218490218150235,001828_2014-06-26_21-40-03_260595134347_rgbf000024-resize,-4.020039300230683,4.020039300230683,4.8260000000000005,35.55232951340613
550865.0,2.5,-1.320110569994717,1.320110569994717,002570_2014-06-24_13-59-54_094959634447_rgbf000059-resize,-4.84296069976932,4.84296069976932,4.037,41.596140375002705
550865.0,2.5,-0.07810931097118268,0.07810931097118268,002467_2014-06-28_20-38-07_260595134347_rgbf000026-resize,-3.9360393002306817,3.9360393002306817,4.742,15.331046216195933
550865.0,2.5,-0.38376661148520574,0.38376661148520574,001810_2014-06-26_20-51-35_260595134347_rgbf000040-resize,-3.05846069976932,3.05846069976932,2.2525,22.411391411207674
550865.0,2.5,-0.499465038412276,0.499465038412276,001011_2014-06-08_23-18-54_260595134347_rgbf000044-resize,-3.2789606997693204,3.2789606997693204,2.4730000000000003,11.624075606213012
550865.0,2.5,-0.2342244270216519,0.2342244270216519,002875_2014-06-01_15-19-00_094959634447_rgbf000151-resize,-2.77346069976932,2.77346069976932,1.9675,11.625680938349673
550865.0,2.5,-0.978794124748043,0.978794124748043,001167_2014-06-17_15-38-07_260595134347_rgbf000108-resize,-3.4624213995386395,3.4624213995386395,1.8505,12.019050657019696
550865.0,2.5,-0.7198500263874665,0.7198500263874665,003587_2014-05-23_16-48-02_094959634447_rgbf002384-resize,-2.9689213995386394,2.9689213995386394,1.357,20.788172722830538
215737.0,2.5,-0.662750028112739,0.662750028112739,001815_2014-06-26_20-52-55_260595134347_rgbf000020-resize,-3.8764236350576566,3.8764236350576566,3.3865,18.626322656731816
215737.0,2.5,-1.4024395644465653,1.4024395644465653,001029_2014-06-08_13-17-57_260595134347_rgbf000065-resize,-4.4721001254001065,4.4721001254001065,3.0835,18.209734661918688
215737.0,2.5,-2.0997030101757828,2.0997030101757828,000677_2014-06-08_23-10-32_260595134347_rgbf000158-resize,-5.3939383705713295,5.3939383705713295,3.556,19.65196273325612
215737.0,2.5,-0.8635267532935842,0.8635267532935842,001417_2014-06-19_16-25-36_260595134347_rgbf000115-resize,-4.666085389886431,4.666085389886431,4.6255,49.17091269608214
215737.0,2.5,-0.040070692253902085,0.040070692253902085,003081_2014-06-15_15-19-16_094959634447_rgbf000150-resize,-3.503747144715209,3.503747144715209,3.9125,16.632991649560594
215737.0,2.5,-0.7644682830835906,0.7644682830835906,000682_2014-06-08_23-14-58_260595134347_rgbf000041-resize,-3.6632618802288817,3.6632618802288817,2.7239999999999998,8.707843071693064
215737.0,2.5,-0.8562170590902167,0.8562170590902167,001244_2014-06-17_16-47-45_260595134347_rgbf000030-resize,-3.431100125400106,3.431100125400106,2.0425,6.7629638807870815
215737.0,2.5,-1.7128805582340283,1.7128805582340283,001158_2014-06-17_15-32-16_260595134347_rgbf000138-resize,-5.470761880228882,5.470761880228882,4.5315,26.954451973303737
215737.0,2.5,-2.774216968519283,2.774216968519283,000556_2014-06-09_22-42-56_260595134347_rgbf000214-resize,-6.679438370571329,6.679438370571329,4.8415,23.88242025565649
215737.0,2.5,-0.5523740677255722,0.5523740677255722,001150_2014-06-17_15-27-34_260595134347_rgbf000108-resize,-4.073085389886431,4.073085389886431,4.0325,11.088139074292139
215737.0,2.5,-1.8925181619516835,1.8925181619516835,002375_2014-06-28_20-13-44_260595134347_rgbf000032-resize,-5.406100125400107,5.406100125400107,4.0175,48.76103649676905
215737.0,2.5,-0.1989822739143212,0.1989822739143212,000788_2014-06-08_22-34-36_260595134347_rgbf000131-resize,-3.399585389886433,3.399585389886433,3.359,21.46386213810664
215737.0,2.5,-0.3574445185037726,0.3574445185037726,000692_2014-06-08_13-09-42_260595134347_rgbf000199-resize,-3.701585389886433,3.701585389886433,3.661,54.80046590295557
215737.0,2.5,-0.20010706510084855,0.20010706510084855,001094_2014-06-15_17-36-00_260595134347_rgbf000205-resize,-3.808747144715209,3.808747144715209,4.2175,17.196771274488466
215737.0,2.5,-0.6606511904360508,0.6606511904360508,000780_2014-06-08_22-28-29_260595134347_rgbf000126-resize,-3.8724236350576566,3.8724236350576566,3.3825,14.165390776882042
215737.0,2.5,-0.959847169376366,0.959847169376366,001100_2014-06-15_17-46-26_260595134347_rgbf000225-resize,-3.6286001254001063,3.6286001254001063,2.24,9.548860596737413
215737.0,2.5,-0.22244345308061086,0.22244345308061086,002964_2014-06-08_17-46-11_094959634447_rgbf000091-resize,-2.6302618802288813,2.6302618802288813,1.6909999999999998,28.953812917975768
215737.0,2.5,-0.8113544037511482,0.8113544037511482,002136_2014-06-25_21-18-03_260595134347_rgbf000109-resize,-3.3456001254001064,3.3456001254001064,1.9569999999999999,13.297078442475444
215737.0,2.5,-0.3359314323177917,0.3359314323177917,002213_2014-06-28_18-37-58_260595134347_rgbf000055-resize,-3.6605853898864327,3.6605853898864327,3.62,11.387296889913552
215737.0,2.5,-0.16626330756437407,0.16626330756437407,000691_2014-06-08_13-08-50_260595134347_rgbf000132-resize,-3.744247144715209,3.744247144715209,4.1530000000000005,14.740846212587924
215737.0,2.5,-0.5266633061862183,0.5266633061862183,003621_2014-05-23_18-06-08_094959634447_rgbf000101-resize,-4.024085389886433,4.024085389886433,3.9835,23.07176470133362
215737.0,2.5,-0.7380458297636745,0.7380458297636745,001584_2014-06-20_11-07-43_260595134347_rgbf000002-resize,-4.0199236350576575,4.0199236350576575,3.53,17.602834139105468
215737.0,2.5,-2.466474894175865,2.466474894175865,001175_2014-06-17_15-45-55_260595134347_rgbf000129-resize,-6.092938370571329,6.092938370571329,4.255,15.34903910495583
215737.0,2.5,-0.3487868130874609,0.3487868130874609,003490_2014-05-21_15-50-11_094959634447_rgbf000101-resize,-3.685085389886433,3.685085389886433,3.6445,19.999457360175192
215737.0,2.5,-0.8271710586744551,0.8271710586744551,002043_2014-06-24_20-29-38_260595134347_rgbf000039-resize,-3.7827618802288816,3.7827618802288816,2.8435,8.475049543704081
215737.0,2.5,-0.5371574945696214,0.5371574945696214,003048_2014-06-15_13-49-43_094959634447_rgbf000150-resize,-4.0440853898864315,4.0440853898864315,4.0035,24.355606534500392
215737.0,2.5,-0.9362352455136942,0.9362352455136942,002725_2014-06-22_11-47-51_094959634447_rgbf000070-resize,-3.5836001254001064,3.5836001254001064,2.195,3.938570017428758
215737.0,2.5,-0.2808369433048969,0.2808369433048969,000736_2014-06-08_18-24-15_260595134347_rgbf000206-resize,-3.5555853898864327,3.5555853898864327,3.515,33.408170606136416
215737.0,2.5,-0.8723714410712919,0.8723714410712919,000137_2014-05-20_17-04-49_260595134347_rgbf000120-resize,-4.275923635057658,4.275923635057658,3.786,14.89611111351161
215737.0,2.5,-1.2964482617741526,1.2964482617741526,000642_2014-06-08_16-59-25_260595134347_rgbf000098-resize,-4.2701001254001065,4.2701001254001065,2.8815,31.36214301237791
215737.0,2.5,-0.9300894771800328,0.9300894771800328,002425_2014-06-28_20-27-29_260595134347_rgbf000031-resize,-4.385923635057657,4.385923635057657,3.8960000000000004,8.40495801096819
215737.0,2.5,-0.73219865380462,0.73219865380462,001056_2014-06-08_18-46-44_260595134347_rgbf000068-resize,-3.6017618802288816,3.6017618802288816,2.6625,11.38594592369452
215737.0,2.5,-0.3941741778456977,0.3941741778456977,002323_2014-06-28_20-01-54_260595134347_rgbf000051-resize,-3.771585389886433,3.771585389886433,3.7310000000000003,18.09172628388976
215737.0,2.5,-0.7079504105095729,0.7079504105095729,000414_2014-06-04_19-49-13_260595134347_rgbf000044-resize,-4.369585389886431,4.369585389886431,4.329,13.241348366125557
215737.0,2.5,-1.3871113812774265,1.3871113812774265,002988_2014-06-15_12-24-20_094959634447_rgbf000150-resize,-5.256923635057658,5.256923635057658,4.7669999999999995,14.460306569198616
215737.0,2.5,-0.5901531459058273,0.5901531459058273,001052_2014-06-08_18-24-54_260595134347_rgbf000130-resize,-4.1450853898864315,4.1450853898864315,4.1045,25.87613690895519
215737.0,2.5,-0.3816173894506256,0.3816173894506256,002272_2014-06-28_18-53-56_260595134347_rgbf000067-resize,-2.5266001254001056,2.5266001254001056,1.138,10.409245808146235
215737.0,2.5,-1.2097958352628535,1.2097958352628535,001571_2014-06-20_17-21-32_260595134347_rgbf000089-resize,-3.6979383705713302,3.6979383705713302,1.86,4.991960350191473
215737.0,2.5,-0.8871386771562486,0.8871386771562486,002748_2014-06-22_19-07-22_094959634447_rgbf000078-resize,-4.711085389886431,4.711085389886431,4.6705,35.71435075733748
215737.0,2.5,-3.435462446687149,3.435462446687149,002444_2014-06-28_20-32-08_260595134347_rgbf000027-resize,-7.125614860913777,7.125614860913777,4.388999999999999,17.102760279009576
215737.0,2.5,-0.6462970537570589,0.6462970537570589,001133_2014-06-17_14-49-16_260595134347_rgbf000100-resize,-4.252085389886433,4.252085389886433,4.2115,26.759918254713728
215737.0,2.5,-3.5510855012660154,3.5510855012660154,001132_2014-06-17_14-48-54_260595134347_rgbf000100-resize,-6.938953106085004,6.938953106085004,3.753,14.398279213278778
215737.0,2.5,-2.110197198559196,2.110197198559196,002660_2014-06-13_15-44-18_094959634447_rgbf001878-resize,-5.41393837057133,5.41393837057133,3.576,15.11997681444361
215737.0,2.5,-0.8315557163892082,0.8315557163892082,002637_2014-06-24_14-51-13_094959634447_rgbf000066-resize,-3.3841001254001064,3.3841001254001064,1.9955,10.972027795242447
215737.0,2.5,-1.1030174684616791,1.1030174684616791,001016_2014-06-09_16-16-10_260595134347_rgbf000112-resize,-3.4944383705713307,3.4944383705713307,1.6565,7.049977084494088
215737.0,2.5,-0.6330285735814188,0.6330285735814188,002340_2014-06-28_20-05-46_260595134347_rgbf000113-resize,-3.412761880228881,3.412761880228881,2.4735,7.91768620575396
215737.0,2.5,-2.393878011968958,2.393878011968958,000773_2014-06-08_22-24-54_260595134347_rgbf000093-resize,-6.3616001254001056,6.3616001254001056,4.973,21.45352631724976
215737.0,2.5,-0.7257905307613761,0.7257905307613761,002414_2014-06-28_20-24-58_260595134347_rgbf000067-resize,-4.403585389886434,4.403585389886434,4.363,31.720662178139435
215737.0,2.5,-0.15359490915608462,0.15359490915608462,001032_2014-06-08_13-23-17_260595134347_rgbf000021-resize,-3.313085389886433,3.313085389886433,3.2725,15.984983178828962
215737.0,2.5,-0.2632591777626911,0.2632591777626911,003292_2014-05-14_21-53-49_094959634447_rgbf000100-resize,-3.522085389886433,3.522085389886433,3.4815,33.084282711345374
215737.0,2.5,-1.0043358599926464,1.0043358599926464,002639_2014-06-24_14-51-37_094959634447_rgbf000074-resize,-4.527423635057658,4.527423635057658,4.0375,16.521406794569987
215737.0,2.5,-0.7803603103550829,0.7803603103550829,001570_2014-06-20_17-21-09_260595134347_rgbf000135-resize,-4.507585389886431,4.507585389886431,4.467,22.179510675592084
215737.0,2.5,-0.15681853801929865,0.15681853801929865,001392_2014-06-19_16-07-59_260595134347_rgbf000046-resize,-3.726247144715209,3.726247144715209,4.135,18.95235574822112
215737.0,2.5,-0.3373185782139101,0.3373185782139101,000447_2014-06-08_16-15-46_260595134347_rgbf000130-resize,-4.070247144715209,4.070247144715209,4.479,19.081432914605553
215737.0,2.5,-0.657578306269218,0.657578306269218,001066_2014-06-08_22-03-20_260595134347_rgbf000066-resize,-4.273585389886433,4.273585389886433,4.2330000000000005,19.743449467077777
215737.0,2.5,-0.4175991193469655,0.4175991193469655,000742_2014-06-08_18-48-09_260595134347_rgbf000164-resize,-4.2232471447152085,4.2232471447152085,4.632,18.91549953899407
215737.0,2.5,-0.4649345770855095,0.4649345770855095,002630_2014-06-24_14-47-50_094959634447_rgbf000055-resize,-3.4994236350576573,3.4994236350576573,3.0095,10.661401196716628
215737.0,2.5,-2.8574196491227988,2.8574196491227988,000502_2014-06-08_23-02-32_260595134347_rgbf000063-resize,-5.616953106085004,5.616953106085004,2.431,13.897287578908273
215737.0,2.5,-2.2230097236808213,2.2230097236808213,001617_2014-06-20_11-35-32_260595134347_rgbf000066-resize,-5.62893837057133,5.62893837057133,3.7910000000000004,19.974169961071475
215737.0,2.5,-2.038836717552022,2.038836717552022,000493_2014-06-09_21-01-18_260595134347_rgbf000196-resize,-5.277938370571331,5.277938370571331,3.44,19.629285382994567
215737.0,2.5,-0.43011677305887214,0.43011677305887214,000191_2014-05-12_17-07-38_260595134347_rgbf000199-resize,-3.8400853898864327,3.8400853898864327,3.7995,12.340757267219296
215737.0,2.5,-0.5660165126239889,0.5660165126239889,000506_2014-06-08_23-21-00_260595134347_rgbf000070-resize,-4.099085389886433,4.099085389886433,4.0585,16.716212007621664
215737.0,2.5,-0.2477802498971686,0.2477802498971686,001449_2014-06-19_17-01-27_260595134347_rgbf000116-resize,-3.492585389886433,3.492585389886433,3.452,8.994872108877228
215737.0,2.5,-0.09157966690246584,0.09157966690246584,001450_2014-06-19_17-02-03_260595134347_rgbf000203-resize,-3.6019138113819085,3.6019138113819085,4.0106666666667,12.34882649363641
215737.0,2.5,-1.0889256864922692,1.0889256864922692,000368_2014-06-09_15-53-01_260595134347_rgbf000155-resize,-3.8746001254001055,3.8746001254001055,2.4859999999999998,21.090700959072958
215737.0,2.5,-0.018557606067915174,0.018557606067915174,000009_2014-05-26_14-32-05_260595134347_rgbf000034-resize,-3.462747144715209,3.462747144715209,3.8715,34.796526826055185
215737.0,2.5,-0.9687309918372532,0.9687309918372532,001828_2014-06-26_21-40-03_260595134347_rgbf000024-resize,-4.866585389886433,4.866585389886433,4.8260000000000005,35.55232951340613
215737.0,2.5,-0.9285907212707194,0.9285907212707194,002663_2014-06-13_15-50-26_094959634447_rgbf000075-resize,-4.790085389886434,4.790085389886434,4.7495,16.725954086732166
215737.0,2.5,-0.8448241965648511,0.8448241965648511,000409_2014-06-04_19-23-33_260595134347_rgbf000067-resize,-4.2234236350576575,4.2234236350576575,3.7335,12.696549983566419
215737.0,2.5,-0.6327662188718376,0.6327662188718376,001011_2014-06-08_23-18-54_260595134347_rgbf000044-resize,-3.4122618802288818,3.4122618802288818,2.4730000000000003,11.624075606213012
626414.0,2.5,-0.4016479028812815,0.4016479028812815,003081_2014-06-15_15-19-16_094959634447_rgbf000150-resize,-3.865324355342588,3.865324355342588,3.9125,16.632991649560594
626414.0,2.5,-0.72154365134554,0.72154365134554,000682_2014-06-08_23-14-58_260595134347_rgbf000041-resize,-3.620337248490831,3.620337248490831,2.7239999999999998,8.707843071693064
626414.0,2.5,-2.2027067019137547,2.2027067019137547,001650_2014-06-20_12-09-00_260595134347_rgbf000087-resize,-4.7338630347873165,4.7338630347873165,1.9505,47.6804595860539
626414.0,2.5,-0.14515035438689816,0.14515035438689816,003495_2014-05-21_16-01-51_094959634447_rgbf000100-resize,-2.521837248490831,2.521837248490831,1.6255,12.747278812179
626414.0,2.5,-0.4173465067164192,0.4173465067164192,000556_2014-06-09_22-42-56_260595134347_rgbf000214-resize,-4.322567908768466,4.322567908768466,4.8415,23.88242025565649
626414.0,2.5,-0.8742340923241139,0.8742340923241139,002568_2014-06-24_13-59-21_094959634447_rgbf000062-resize,-3.911337248490831,3.911337248490831,3.015,29.63840999388049
626414.0,2.5,-0.11122123937047623,0.11122123937047623,000788_2014-06-08_22-34-36_260595134347_rgbf000131-resize,-3.311824355342588,3.311824355342588,3.359,21.46386213810664
626414.0,2.5,-1.2129340223985898,1.2129340223985898,001235_2014-06-17_16-37-36_260595134347_rgbf000084-resize,-4.556837248490831,4.556837248490831,3.6605,14.547706659434104
626414.0,2.5,-0.08992782915410646,0.08992782915410646,001094_2014-06-15_17-36-00_260595134347_rgbf000205-resize,-3.698567908768467,3.698567908768467,4.2175,17.196771274488466
626414.0,2.5,-0.12355191072098134,0.12355191072098134,000780_2014-06-08_22-28-29_260595134347_rgbf000126-resize,-3.335324355342588,3.335324355342588,3.3825,14.165390776882042
626414.0,2.5,-0.25297814002640884,0.25297814002640884,000470_2014-06-09_19-42-40_260595134347_rgbf000094-resize,-2.7273372484908314,2.7273372484908314,1.831,22.486379427626872
626414.0,2.5,-0.4747105483658549,0.4747105483658549,000109_2014-05-14_23-41-52_260595134347_rgbf000035-resize,-2.7225936950649525,2.7225936950649525,1.3545,6.620498200896815
626414.0,2.5,-0.2391607919882736,0.2391607919882736,002784_2014-06-22_19-26-30_094959634447_rgbf000083-resize,-2.7010039151575307,2.7010039151575307,1.8046666666667,3.0422522474895675
626414.0,2.5,-0.6308116005690336,0.6308116005690336,000469_2014-06-09_19-42-10_260595134347_rgbf000081-resize,-3.0200936950649524,3.0200936950649524,1.652,25.13136208408983
626414.0,2.5,-0.9372845801044929,0.9372845801044929,000483_2014-06-09_20-41-45_260595134347_rgbf000116-resize,-3.1768501416390738,3.1768501416390738,1.337,29.232414989368262
626414.0,2.5,-0.32534536113195195,0.32534536113195195,000929_2014-06-09_16-33-19_260595134347_rgbf000139-resize,-3.29258080191671,3.29258080191671,2.8680000000000003,19.501338012209015
626414.0,2.5,-0.4389022716423733,0.4389022716423733,003621_2014-05-23_18-06-08_094959634447_rgbf000101-resize,-3.936324355342588,3.936324355342588,3.9835,23.07176470133362
626414.0,2.5,-1.1444594431968478,1.1444594431968478,001584_2014-06-20_11-07-43_260595134347_rgbf000002-resize,-4.426337248490832,4.426337248490832,3.53,17.602834139105468
626414.0,2.5,-0.261025778543616,0.261025778543616,003490_2014-05-21_15-50-11_094959634447_rgbf000101-resize,-3.597324355342588,3.597324355342588,3.6445,19.999457360175192
626414.0,2.5,-1.67349457394048,1.67349457394048,000549_2014-06-08_22-10-24_260595134347_rgbf000247-resize,-4.152606588213197,4.152606588213197,1.841,30.99307977870557
626414.0,2.5,-0.193075908761052,0.193075908761052,000736_2014-06-08_18-24-15_260595134347_rgbf000206-resize,-3.467824355342588,3.467824355342588,3.515,33.408170606136416
626414.0,2.5,-0.3929901974649633,0.3929901974649633,002425_2014-06-28_20-27-29_260595134347_rgbf000031-resize,-3.848824355342588,3.848824355342588,3.8960000000000004,8.40495801096819
626414.0,2.5,-1.161030468640691,1.161030468640691,001056_2014-06-08_18-46-44_260595134347_rgbf000068-resize,-4.030593695064953,4.030593695064953,2.6625,11.38594592369452
626414.0,2.5,-0.33955519418951985,0.33955519418951985,002199_2014-06-28_18-33-56_260595134347_rgbf000074-resize,-2.8923372484908314,2.8923372484908314,1.996,17.12852126070164
626414.0,2.5,-0.5454182837339615,0.5454182837339615,000917_2014-06-09_22-45-29_260595134347_rgbf000149-resize,-4.139324355342588,4.139324355342588,4.1865,9.740561609074897
626414.0,2.5,-0.3064131433018528,0.3064131433018528,002323_2014-06-28_20-01-54_260595134347_rgbf000051-resize,-3.683824355342588,3.683824355342588,3.7310000000000003,18.09172628388976
626414.0,2.5,-1.3334401915781189,1.3334401915781189,000878_2014-06-08_22-52-45_260595134347_rgbf000045-resize,-3.9318501416390736,3.9318501416390736,2.092,5.576511521775202
626414.0,2.5,-1.5213288423810711,1.5213288423810711,002953_2014-06-08_17-32-18_094959634447_rgbf000059-resize,-3.8626065882131964,3.8626065882131964,1.551,13.905027931093345
626414.0,2.5,-0.3571329597317283,0.3571329597317283,002905_2014-06-03_18-04-43_094959634447_rgbf000151-resize,-2.925837248490831,2.925837248490831,2.0295,12.020604335789361
626414.0,2.5,-0.3782556549882353,0.3782556549882353,002988_2014-06-15_12-24-20_094959634447_rgbf000150-resize,-4.2480679087684665,4.2480679087684665,4.7669999999999995,14.460306569198616
626414.0,2.5,-1.4459050045102253,1.4459050045102253,001052_2014-06-08_18-24-54_260595134347_rgbf000130-resize,-5.00083724849083,5.00083724849083,4.1045,25.87613690895519
626414.0,2.5,-0.3611109591154722,0.3611109591154722,002272_2014-06-28_18-53-56_260595134347_rgbf000067-resize,-2.5060936950649517,2.5060936950649517,1.138,10.409245808146235
626414.0,2.5,-0.26819471318235444,0.26819471318235444,001571_2014-06-20_17-21-32_260595134347_rgbf000089-resize,-2.7563372484908313,2.7563372484908313,1.86,4.991960350191473
626414.0,2.5,-0.08677957263909243,0.08677957263909243,001133_2014-06-17_14-49-16_260595134347_rgbf000100-resize,-3.692567908768466,3.692567908768466,4.2115,26.759918254713728
626414.0,2.5,-0.3772915936298185,0.3772915936298185,002057_2014-06-24_21-00-13_260595134347_rgbf000120-resize,-3.3915808019167097,3.3915808019167097,2.967,10.990036854719376
626414.0,2.5,-1.1817991694378818,1.1817991694378818,000709_2014-06-08_13-51-55_260595134347_rgbf000068-resize,-3.6428501416390735,3.6428501416390735,1.8030000000000002,14.429351101546246
626414.0,2.5,-0.4302872449660243,0.4302872449660243,000854_2014-06-09_19-43-13_260595134347_rgbf000066-resize,-3.4925808019167097,3.4925808019167097,3.068,11.910827625938722
626414.0,2.5,-0.5274011662525098,0.5274011662525098,001164_2014-06-17_15-35-46_260595134347_rgbf000085-resize,-3.250337248490831,3.250337248490831,2.354,17.325668807481115
626414.0,2.5,-0.13487584197311114,0.13487584197311114,002153_2014-06-25_21-27-18_260595134347_rgbf000038-resize,-2.9295808019167096,2.9295808019167096,2.505,17.28886317575377
626414.0,2.5,-0.2250831833304537,0.2250831833304537,002660_2014-06-13_15-44-18_094959634447_rgbf001878-resize,-3.528824355342588,3.528824355342588,3.576,15.11997681444361
626414.0,2.5,-1.0083400276621155,1.0083400276621155,000522_2014-06-08_13-35-06_260595134347_rgbf000244-resize,-3.739593695064952,3.739593695064952,2.3715,25.742609854068213
626414.0,2.5,-1.2282359530344618,1.2282359530344618,002949_2014-06-26_15-57-42_094959634447_rgbf000079-resize,-3.7313501416390737,3.7313501416390737,1.8915,17.99500168321199
626414.0,2.5,-1.0925985681789236,1.0925985681789236,001555_2014-06-20_17-12-10_260595134347_rgbf000065-resize,-3.4728501416390736,3.4728501416390736,1.633,7.608284543781994
626414.0,2.5,-0.9839837184106544,0.9839837184106544,003534_2014-05-22_15-06-10_094959634447_rgbf000102-resize,-3.2658501416390733,3.2658501416390733,1.426,12.376994007247625
626414.0,2.5,-0.8110492860540548,0.8110492860540548,002637_2014-06-24_14-51-13_094959634447_rgbf000066-resize,-3.3635936950649525,3.3635936950649525,1.9955,10.972027795242447
626414.0,2.5,-0.6331727929553014,0.6331727929553014,001016_2014-06-09_16-16-10_260595134347_rgbf000112-resize,-3.024593695064953,3.024593695064953,1.6565,7.049977084494088
626414.0,2.5,-0.5901039418433682,0.5901039418433682,002340_2014-06-28_20-05-46_260595134347_rgbf000113-resize,-3.3698372484908314,3.3698372484908314,2.4735,7.91768620575396
626414.0,2.5,-0.9581022419114406,0.9581022419114406,000773_2014-06-08_22-24-54_260595134347_rgbf000093-resize,-4.925824355342588,4.925824355342588,4.973,21.45352631724976
626414.0,2.5,-0.17549814321884616,0.17549814321884616,003292_2014-05-14_21-53-49_094959634447_rgbf000100-resize,-3.434324355342588,3.434324355342588,3.4815,33.084282711345374
626414.0,2.5,-0.6988957888412896,0.6988957888412896,000447_2014-06-08_16-15-46_260595134347_rgbf000130-resize,-4.431824355342588,4.431824355342588,4.479,19.081432914605553
626414.0,2.5,-1.4633515926976384,1.4633515926976384,001447_2014-06-19_17-00-32_260595134347_rgbf000082-resize,-5.034087248490831,5.034087248490831,4.13775,46.830399423560245
626414.0,2.5,-0.09806082515125147,0.09806082515125147,001066_2014-06-08_22-03-20_260595134347_rgbf000066-resize,-3.7140679087684667,3.7140679087684667,4.2330000000000005,19.743449467077777
626414.0,2.5,-0.5384627427950528,0.5384627427950528,002549_2014-06-24_13-41-39_094959634447_rgbf000022-resize,-2.844093695064952,2.844093695064952,1.476,4.1736441355391865
626414.0,2.5,-0.5274011662525095,0.5274011662525095,002750_2014-06-22_19-08-03_094959634447_rgbf000094-resize,-3.250337248490831,3.250337248490831,2.354,8.789636111124727
626414.0,2.5,-0.0960473449545048,0.0960473449545048,000502_2014-06-08_23-02-32_260595134347_rgbf000063-resize,-2.8555808019167097,2.8555808019167097,2.431,13.897287578908273
626414.0,2.5,-1.464794543600354,1.464794543600354,003083_2014-06-15_15-21-03_094959634447_rgbf000063-resize,-5.036837248490832,5.036837248490832,4.1405,19.172834459547143
626414.0,2.5,-0.25319781599603225,0.25319781599603225,001806_2014-06-26_20-50-20_260595134347_rgbf000091-resize,-3.1550808019167103,3.1550808019167103,2.7305,13.909869710567438
626414.0,2.5,-0.006499031506022379,0.006499031506022379,000506_2014-06-08_23-21-00_260595134347_rgbf000070-resize,-3.5395679087684666,3.5395679087684666,4.0585,16.716212007621664
626414.0,2.5,-0.16001921535332364,0.16001921535332364,001449_2014-06-19_17-01-27_260595134347_rgbf000116-resize,-3.404824355342588,3.404824355342588,3.452,8.994872108877228
626414.0,2.5,-0.7391214168877476,0.7391214168877476,002600_2014-06-24_14-27-04_094959634447_rgbf000074-resize,-3.6538372484908312,3.6538372484908312,2.7575,44.47386082434929
626414.0,2.5,-0.796619777026871,0.796619777026871,003228_2014-05-14_13-42-35_094959634447_rgbf000101-resize,-3.336093695064952,3.336093695064952,1.9680000000000002,14.40337638638131
626414.0,2.5,-0.5966628095829942,0.5966628095829942,000368_2014-06-09_15-53-01_260595134347_rgbf000155-resize,-3.382337248490831,3.382337248490831,2.4859999999999998,21.090700959072958
626414.0,2.5,-1.1192275712018187,1.1192275712018187,002763_2014-06-22_19-13-10_094959634447_rgbf000075-resize,-3.5236001416390734,3.5236001416390734,1.68375,5.5919783591245595
626414.0,2.5,-0.3715624687589114,0.3715624687589114,002209_2014-06-28_18-36-10_260595134347_rgbf000051-resize,-2.9533372484908313,2.9533372484908313,2.057,12.962068825921264
626414.0,2.5,-0.6976693727732914,0.6976693727732914,000927_2014-06-09_16-32-30_260595134347_rgbf000123-resize,-3.574837248490831,3.574837248490831,2.6785,11.715239650325241
626414.0,2.5,-0.0023867136325952947,0.0023867136325952947,001810_2014-06-26_20-51-35_260595134347_rgbf000040-resize,-2.6770808019167096,2.6770808019167096,2.2525,22.411391411207674
626414.0,2.5,-0.3690732401527529,0.3690732401527529,002663_2014-06-13_15-50-26_094959634447_rgbf000075-resize,-4.230567908768466,4.230567908768466,4.7495,16.725954086732166
626414.0,2.5,-0.2337835674867202,0.2337835674867202,001092_2014-06-15_17-34-58_260595134347_rgbf000171-resize,-3.118080801916709,3.118080801916709,2.6935,9.164038324933468
626414.0,2.5,-1.419535215062023,1.419535215062023,003587_2014-05-23_16-48-02_094959634447_rgbf002384-resize,-3.6686065882131964,3.6686065882131964,1.357,20.788172722830538
549496.0,2.5,-0.542750753013237,0.542750753013237,001029_2014-06-08_13-17-57_260595134347_rgbf000065-resize,-3.6124113139667777,3.6124113139667777,3.0835,18.209734661918688
549496.0,2.5,-0.5106640814711716,0.5106640814711716,000677_2014-06-08_23-10-32_260595134347_rgbf000158-resize,-3.8048994418667186,3.8048994418667186,3.556,19.65196273325612
549496.0,2.5,-0.2601826488942064,0.2601826488942064,001516_2014-06-20_16-25-09_260595134347_rgbf000076-resize,-2.6934291221168656,2.6934291221168656,1.7445,3.8622659094666254
549496.0,2.5,-0.6341295889215453,0.6341295889215453,000682_2014-06-08_23-14-58_260595134347_rgbf000041-resize,-3.5329231860668364,3.5329231860668364,2.7239999999999998,8.707843071693064
549496.0,2.5,-0.7882905973933911,0.7882905973933911,001650_2014-06-20_12-09-00_260595134347_rgbf000087-resize,-3.3194469302669534,3.3194469302669534,1.9505,47.6804595860539
549496.0,2.5,-0.3377481640629618,0.3377481640629618,003495_2014-05-21_16-01-51_094959634447_rgbf000100-resize,-2.7144350581668943,2.7144350581668943,1.6255,12.747278812179
549496.0,2.5,-0.8088578255052816,0.8088578255052816,000665_2014-06-09_20-42-35_260595134347_rgbf000110-resize,-3.8659231860668366,3.8659231860668366,3.057,18.49880761375764
549496.0,2.5,-0.4728056063182379,0.4728056063182379,002375_2014-06-28_20-13-44_260595134347_rgbf000032-resize,-3.9863875697666606,3.9863875697666606,4.0175,48.76103649676905
549496.0,2.5,-0.2267962857000021,0.2267962857000021,002568_2014-06-24_13-59-21_094959634447_rgbf000062-resize,-3.2638994418667195,3.2638994418667195,3.015,29.63840999388049
549496.0,2.5,-0.4072963258946074,0.4072963258946074,000788_2014-06-08_22-34-36_260595134347_rgbf000131-resize,-3.6078994418667185,3.6078994418667185,3.359,21.46386213810664
549496.0,2.5,-0.8455080878745366,0.8455080878745366,001235_2014-06-17_16-37-36_260595134347_rgbf000084-resize,-4.189411313966779,4.189411313966779,3.6605,14.547706659434104
549496.0,2.5,-0.2857466983840002,0.2857466983840002,000692_2014-06-08_13-09-42_260595134347_rgbf000199-resize,-3.6298875697666606,3.6298875697666606,3.661,54.80046590295557
549496.0,2.5,-0.4455759497024725,0.4455759497024725,000470_2014-06-09_19-42-40_260595134347_rgbf000094-resize,-2.9199350581668946,2.9199350581668946,1.831,22.486379427626872
549496.0,2.5,-0.3355578475178265,0.3355578475178265,000109_2014-05-14_23-41-52_260595134347_rgbf000035-resize,-2.5834409942169243,2.5834409942169243,1.3545,6.620498200896815
549496.0,2.5,-0.450377731447678,0.450377731447678,002509_2014-06-24_13-19-22_094959634447_rgbf000077-resize,-2.6754469302669537,2.6754469302669537,1.3065,40.21868783296904
549496.0,2.5,-0.37316604985696666,0.37316604985696666,003338_2014-05-20_11-01-23_094959634447_rgbf000051-resize,-2.7819350581668947,2.7819350581668947,1.693,28.251495663089063
549496.0,2.5,-0.1517467295642788,0.1517467295642788,002784_2014-06-22_19-26-30_094959634447_rgbf000083-resize,-2.6135898527335364,2.6135898527335364,1.8046666666667,3.0422522474895675
549496.0,2.5,-0.6601821021431546,0.6601821021431546,001100_2014-06-15_17-46-26_260595134347_rgbf000225-resize,-3.328935058166895,3.328935058166895,2.24,9.548860596737413
549496.0,2.5,-0.2116470276209468,0.2116470276209468,000469_2014-06-09_19-42-10_260595134347_rgbf000081-resize,-2.6009291221168658,2.6009291221168658,1.652,25.13136208408983
549496.0,2.5,-0.32637543268234304,0.32637543268234304,000483_2014-06-09_20-41-45_260595134347_rgbf000116-resize,-2.565940994216924,2.565940994216924,1.337,29.232414989368262
549496.0,2.5,-0.5121225670686533,0.5121225670686533,002964_2014-06-08_17-46-11_094959634447_rgbf000091-resize,-2.919940994216924,2.919940994216924,1.6909999999999998,28.953812917975768
549496.0,2.5,-0.3716834004679079,0.3716834004679079,002136_2014-06-25_21-18-03_260595134347_rgbf000109-resize,-2.905929122116865,2.905929122116865,1.9569999999999999,13.297078442475444
549496.0,2.5,-0.6777046345042663,0.6777046345042663,002039_2014-06-24_20-22-38_260595134347_rgbf000084-resize,-4.3768875697666605,4.3768875697666605,4.408,15.524303639345458
549496.0,2.5,-0.09869987234555982,0.09869987234555982,002103_2014-06-25_20-00-40_260595134347_rgbf000049-resize,-3.653869761616573,3.653869761616573,4.105,11.598018874569219
549496.0,2.5,-0.12388592446573835,0.12388592446573835,000691_2014-06-08_13-08-50_260595134347_rgbf000132-resize,-3.701869761616573,3.701869761616573,4.1530000000000005,14.740846212587924
549496.0,2.5,-0.034947677916358166,0.034947677916358166,003621_2014-05-23_18-06-08_094959634447_rgbf000101-resize,-3.532369761616573,3.532369761616573,3.9835,23.07176470133362
549496.0,2.5,-0.4970216365727362,0.4970216365727362,001584_2014-06-20_11-07-43_260595134347_rgbf000002-resize,-3.7788994418667192,3.7788994418667192,3.53,17.602834139105468
549496.0,2.5,-0.27417087277347385,0.27417087277347385,002279_2014-06-28_18-55-32_260595134347_rgbf000040-resize,-2.5932683915001946,2.5932683915001946,1.5043333333333,15.963772282558683
549496.0,2.5,-0.013056594360758456,0.013056594360758456,000635_2014-06-08_16-38-42_260595134347_rgbf000106-resize,-2.6029113139667777,2.6029113139667777,2.074,10.796976226722654
549496.0,2.5,-0.13680862031229268,0.13680862031229268,002043_2014-06-24_20-29-38_260595134347_rgbf000039-resize,-3.09239944186672,3.09239944186672,2.8435,8.475049543704081
549496.0,2.5,-0.5936234028811855,0.5936234028811855,002344_2014-06-28_20-06-29_260595134347_rgbf000030-resize,-2.948446930266954,2.948446930266954,1.5795,37.33165518125916
549496.0,2.5,-0.5908289799442084,0.5908289799442084,000549_2014-06-08_22-10-24_260595134347_rgbf000247-resize,-3.069940994216924,3.069940994216924,1.841,30.99307977870557
549496.0,2.5,-0.7691628673852416,0.7691628673852416,000736_2014-06-08_18-24-15_260595134347_rgbf000206-resize,-4.0439113139667775,4.0439113139667775,3.515,33.408170606136416
549496.0,2.5,-0.1567475782407659,0.1567475782407659,000642_2014-06-08_16-59-25_260595134347_rgbf000098-resize,-3.1303994418667185,3.1303994418667185,2.8815,31.36214301237791
549496.0,2.5,-0.3218480875425161,0.3218480875425161,001056_2014-06-08_18-46-44_260595134347_rgbf000068-resize,-3.1914113139667784,3.1914113139667784,2.6625,11.38594592369452
549496.0,2.5,-0.1414636900079464,0.1414636900079464,000917_2014-06-09_22-45-29_260595134347_rgbf000149-resize,-3.735369761616573,3.735369761616573,4.1865,9.740561609074897
549496.0,2.5,-0.022501363905822358,0.022501363905822358,000878_2014-06-08_22-52-45_260595134347_rgbf000045-resize,-2.6209113139667783,2.6209113139667783,2.092,5.576511521775202
549496.0,2.5,-0.29865731233477,0.29865731233477,002953_2014-06-08_17-32-18_094959634447_rgbf000059-resize,-2.6399350581668948,2.6399350581668948,1.551,13.905027931093345
549496.0,2.5,-0.40972483335776294,0.40972483335776294,002905_2014-06-03_18-04-43_094959634447_rgbf000151-resize,-2.9784291221168657,2.9784291221168657,2.0295,12.020604335789361
549496.0,2.5,-0.2648135547982865,0.2648135547982865,000810_2014-06-08_17-20-01_260595134347_rgbf000105-resize,-2.5754350581668946,2.5754350581668946,1.4865,3.0958890116960642
549496.0,2.5,-0.5955634466125301,0.5955634466125301,001214_2014-06-17_16-13-55_260595134347_rgbf000111-resize,-3.4594231860668363,3.4594231860668363,2.6505,18.479282579459067
549496.0,2.5,-0.3619641943174734,0.3619641943174734,002272_2014-06-28_18-53-56_260595134347_rgbf000067-resize,-2.5069469302669534,2.5069469302669534,1.138,10.409245808146235
549496.0,2.5,-0.6007984589084475,0.6007984589084475,001571_2014-06-20_17-21-32_260595134347_rgbf000089-resize,-3.088940994216924,3.088940994216924,1.86,4.991960350191473
549496.0,2.5,-0.2477173473899421,0.2477173473899421,002444_2014-06-28_20-32-08_260595134347_rgbf000027-resize,-3.9378697616165717,3.9378697616165717,4.388999999999999,17.102760279009576
549496.0,2.5,-0.5745992336372865,0.5745992336372865,001133_2014-06-17_14-49-16_260595134347_rgbf000100-resize,-4.18038756976666,4.18038756976666,4.2115,26.759918254713728
549496.0,2.5,-0.7482538875911058,0.7482538875911058,003070_2014-06-15_14-58-27_094959634447_rgbf000150-resize,-3.750423186066836,3.750423186066836,2.9415,10.664823740812926
549496.0,2.5,-0.5219211701917579,0.5219211701917579,000943_2014-06-09_19-31-07_260595134347_rgbf000128-resize,-3.0654350581668943,3.0654350581668943,1.9765,15.893099149291922
549496.0,2.5,-0.2908781499156735,0.2908781499156735,000709_2014-06-08_13-51-55_260595134347_rgbf000068-resize,-2.7519291221168656,2.7519291221168656,1.8030000000000002,14.429351101546246
549496.0,2.5,-0.8146296291161509,0.8146296291161509,000854_2014-06-09_19-43-13_260595134347_rgbf000066-resize,-3.876923186066836,3.876923186066836,3.068,11.910827625938722
549496.0,2.5,-0.439987103828515,0.439987103828515,001164_2014-06-17_15-35-46_260595134347_rgbf000085-resize,-3.1629231860668363,3.1629231860668363,2.354,17.325668807481115
549496.0,2.5,-0.32367248861382114,0.32367248861382114,001136_2014-06-17_15-19-41_260595134347_rgbf000076-resize,-2.8144291221168656,2.8144291221168656,1.8655,18.667799879387072
549496.0,2.5,-0.23920635402317936,0.23920635402317936,002153_2014-06-25_21-27-18_260595134347_rgbf000038-resize,-3.0339113139667777,3.0339113139667777,2.505,17.28886317575377
549496.0,2.5,-0.09502690641136284,0.09502690641136284,000734_2014-06-08_17-39-11_260595134347_rgbf000128-resize,-3.6468697616165726,3.6468697616165726,4.098,16.052231618370055
549496.0,2.5,-1.009193262864117,1.009193262864117,000522_2014-06-08_13-35-06_260595134347_rgbf000244-resize,-3.7404469302669536,3.7404469302669536,2.3715,25.742609854068213
549496.0,2.5,-0.4773208695622823,0.4773208695622823,002949_2014-06-26_15-57-42_094959634447_rgbf000079-resize,-2.9804350581668944,2.9804350581668944,1.8915,17.99500168321199
549496.0,2.5,-0.4720064602936981,0.4720064602936981,000866_2014-06-09_20-45-42_260595134347_rgbf000139-resize,-3.604405377916749,3.604405377916749,3.2155,8.082259189449621
549496.0,2.5,-0.4816894207567736,0.4816894207567736,001555_2014-06-20_17-12-10_260595134347_rgbf000065-resize,-2.8619409942169236,2.8619409942169236,1.633,7.608284543781994
549496.0,2.5,-0.3730745709885044,0.3730745709885044,003534_2014-05-22_15-06-10_094959634447_rgbf000102-resize,-2.654940994216924,2.654940994216924,1.426,12.376994007247625
549496.0,2.5,-0.07400228395718511,0.07400228395718511,001016_2014-06-09_16-16-10_260595134347_rgbf000112-resize,-2.4654231860668356,2.4654231860668356,1.6565,7.049977084494088
549496.0,2.5,-0.08267207126928555,0.08267207126928555,002340_2014-06-28_20-05-46_260595134347_rgbf000113-resize,-2.8624053779167484,2.8624053779167484,2.4735,7.91768620575396
549496.0,2.5,-0.6540927106416037,0.6540927106416037,002414_2014-06-28_20-24-58_260595134347_rgbf000067-resize,-4.331887569766661,4.331887569766661,4.363,31.720662178139435
549496.0,2.5,-0.6138367974150305,0.6138367974150305,001059_2014-06-08_21-53-27_260595134347_rgbf000061-resize,-3.367429122116865,3.367429122116865,2.4185,8.755513319222857
549496.0,2.5,-0.5019148971863999,0.5019148971863999,001032_2014-06-08_13-23-17_260595134347_rgbf000021-resize,-3.661405377916749,3.661405377916749,3.2725,15.984983178828962
549496.0,2.5,-0.19156135764291865,0.19156135764291865,003292_2014-05-14_21-53-49_094959634447_rgbf000100-resize,-3.4503875697666606,3.4503875697666606,3.4815,33.084282711345374
549496.0,2.5,-0.2886446820852228,0.2886446820852228,001570_2014-06-20_17-21-09_260595134347_rgbf000135-resize,-4.015869761616574,4.015869761616574,4.467,22.179510675592084
549496.0,2.5,-0.11444115492066292,0.11444115492066292,001392_2014-06-19_16-07-59_260595134347_rgbf000046-resize,-3.683869761616573,3.683869761616573,4.135,18.95235574822112
549496.0,2.5,-0.535901913973468,0.535901913973468,001447_2014-06-19_17-00-32_260595134347_rgbf000082-resize,-4.106637569766661,4.106637569766661,4.13775,46.830399423560245
549496.0,2.5,-0.6854596331317899,0.6854596331317899,002758_2014-06-22_19-11-20_094959634447_rgbf000128-resize,-3.5039291221168662,3.5039291221168662,2.555,7.204478276142114
549496.0,2.5,-0.3993100419470244,0.3993100419470244,002549_2014-06-24_13-41-39_094959634447_rgbf000022-resize,-2.7049409942169236,2.7049409942169236,1.476,4.1736441355391865
549496.0,2.5,-0.8600049119786026,0.8600049119786026,002750_2014-06-22_19-08-03_094959634447_rgbf000094-resize,-3.5829409942169237,3.5829409942169237,2.354,8.789636111124727
549496.0,2.5,-0.16847414319942627,0.16847414319942627,001199_2014-06-17_16-03-48_260595134347_rgbf000077-resize,-3.406387569766661,3.406387569766661,3.4375,28.282249848901696
549496.0,2.5,-0.9175520722462174,0.9175520722462174,001806_2014-06-26_20-50-20_260595134347_rgbf000091-resize,-3.819435058166895,3.819435058166895,2.7305,13.909869710567438
549496.0,2.5,-0.9139826670762686,0.9139826670762686,001617_2014-06-20_11-35-32_260595134347_rgbf000066-resize,-4.319911313966776,4.319911313966776,3.7910000000000004,19.974169961071475
549496.0,2.5,-0.7298096609474695,0.7298096609474695,000493_2014-06-09_21-01-18_260595134347_rgbf000196-resize,-3.9689113139667778,3.9689113139667778,3.44,19.629285382994567
549496.0,2.5,-0.0916836102636358,0.0916836102636358,002600_2014-06-24_14-27-04_094959634447_rgbf000074-resize,-3.0063994418667197,3.0063994418667197,2.7575,44.47386082434929
549496.0,2.5,-0.2374492680287548,0.2374492680287548,003228_2014-05-14_13-42-35_094959634447_rgbf000101-resize,-2.776923186066836,2.776923186066836,1.9680000000000002,14.40337638638131
549496.0,2.5,-0.6492546832090289,0.6492546832090289,000368_2014-06-09_15-53-01_260595134347_rgbf000155-resize,-3.4349291221168663,3.4349291221168663,2.4859999999999998,21.090700959072958
549496.0,2.5,-0.6302736652504395,0.6302736652504395,002678_2014-06-13_16-15-32_094959634447_rgbf000151-resize,-3.271935058166895,3.271935058166895,2.1830000000000003,32.96558503300821
549496.0,2.5,-0.2841484063349167,0.2841484063349167,002209_2014-06-28_18-36-10_260595134347_rgbf000051-resize,-2.8659231860668366,2.8659231860668366,2.057,12.962068825921264
549496.0,2.5,-1.1770450438175393,1.1770450438175393,001828_2014-06-26_21-40-03_260595134347_rgbf000024-resize,-5.07489944186672,5.07489944186672,4.8260000000000005,35.55232951340613
549496.0,2.5,-0.3828731741116158,0.3828731741116158,001110_2014-06-15_17-25-28_260595134347_rgbf000150-resize,-2.800435058166894,2.800435058166894,1.7115,9.336195527413247
549496.0,2.5,-0.05023156614917968,0.05023156614917968,000927_2014-06-09_16-32-30_260595134347_rgbf000123-resize,-2.9273994418667195,2.9273994418667195,2.6785,11.715239650325241
549496.0,2.5,-0.06301963184197018,0.06301963184197018,002570_2014-06-24_13-59-54_094959634447_rgbf000059-resize,-3.5858697616165727,3.5858697616165727,4.037,41.596140375002705
549496.0,2.5,-0.7129516444571318,0.7129516444571318,002467_2014-06-28_20-38-07_260595134347_rgbf000026-resize,-4.570881633716631,4.570881633716631,4.742,15.331046216195933
549496.0,2.5,-0.6667409698827804,0.6667409698827804,001810_2014-06-26_20-51-35_260595134347_rgbf000040-resize,-3.3414350581668946,3.3414350581668946,2.2525,22.411391411207674
549496.0,2.5,-0.5611155826841957,0.5611155826841957,003010_2014-06-15_12-54-35_094959634447_rgbf000112-resize,-3.6474113139667783,3.6474113139667783,3.1185,6.696951333567531
549496.0,2.5,-0.7581318876868763,0.7581318876868763,001092_2014-06-15_17-34-58_260595134347_rgbf000171-resize,-3.6424291221168654,3.6424291221168654,2.6935,9.164038324933468
549496.0,2.5,-0.4558077833762984,0.4558077833762984,001167_2014-06-17_15-38-07_260595134347_rgbf000108-resize,-2.939435058166895,2.939435058166895,1.8505,12.019050657019696
549496.0,2.5,-0.476875557115781,0.476875557115781,003587_2014-05-23_16-48-02_094959634447_rgbf002384-resize,-2.7259469302669537,2.7259469302669537,1.357,20.788172722830538
821343.0,2.5,-0.6393350941782203,0.6393350941782203,000682_2014-06-08_23-14-58_260595134347_rgbf000041-resize,-3.538128691323512,3.538128691323512,2.7239999999999998,8.707843071693064
821343.0,2.5,-1.1380597932538492,1.1380597932538492,001650_2014-06-20_12-09-00_260595134347_rgbf000087-resize,-3.669216126127411,3.669216126127411,1.9505,47.6804595860539
821343.0,2.5,-0.2817456250136221,0.2817456250136221,001244_2014-06-17_16-47-45_260595134347_rgbf000030-resize,-2.856628691323511,2.856628691323511,2.0425,6.7629638807870815
821343.0,2.5,-0.9675292320234788,0.9675292320234788,003495_2014-05-21_16-01-51_094959634447_rgbf000100-resize,-3.3442161261274115,3.3442161261274115,1.6255,12.747278812179
821343.0,2.5,-0.39352613706561335,0.39352613706561335,000556_2014-06-09_22-42-56_260595134347_rgbf000214-resize,-4.2987475391176595,4.2987475391176595,4.8415,23.88242025565649
821343.0,2.5,-0.8657530104731384,0.8657530104731384,002375_2014-06-28_20-13-44_260595134347_rgbf000032-resize,-4.379334973921561,4.379334973921561,4.0175,48.76103649676905
821343.0,2.5,-0.3397318177548438,0.3397318177548438,002568_2014-06-24_13-59-21_094959634447_rgbf000062-resize,-3.3768349739215613,3.3768349739215613,3.015,29.63840999388049
821343.0,2.5,-0.5202318579494492,0.5202318579494492,000788_2014-06-08_22-34-36_260595134347_rgbf000131-resize,-3.7208349739215607,3.7208349739215607,3.359,21.46386213810664
821343.0,2.5,-0.6784317478293198,0.6784317478293198,001235_2014-06-17_16-37-36_260595134347_rgbf000084-resize,-4.022334973921561,4.022334973921561,3.6605,14.547706659434104
821343.0,2.5,-0.5325625292999543,0.5325625292999543,000780_2014-06-08_22-28-29_260595134347_rgbf000126-resize,-3.744334973921561,3.744334973921561,3.3825,14.165390776882042
821343.0,2.5,-0.6230633002610393,0.6230633002610393,000470_2014-06-09_19-42-40_260595134347_rgbf000094-resize,-3.0974224087254614,3.0974224087254614,1.831,22.486379427626872
821343.0,2.5,-0.8253329794283141,0.8253329794283141,000109_2014-05-14_23-41-52_260595134347_rgbf000035-resize,-3.073216126127412,3.073216126127412,1.3545,6.620498200896815
821343.0,2.5,-0.8001469273081359,0.8001469273081359,002509_2014-06-24_13-19-22_094959634447_rgbf000077-resize,-3.0252161261274115,3.0252161261274115,1.3065,40.21868783296904
821343.0,2.5,-0.5506534004155335,0.5506534004155335,003338_2014-05-20_11-01-23_094959634447_rgbf000051-resize,-2.959422408725461,2.959422408725461,1.693,28.251495663089063
821343.0,2.5,-0.8376694527017214,0.8376694527017214,001100_2014-06-15_17-46-26_260595134347_rgbf000225-resize,-3.5064224087254616,3.5064224087254616,2.24,9.548860596737413
821343.0,2.5,-0.9814340316314928,0.9814340316314928,000469_2014-06-09_19-42-10_260595134347_rgbf000081-resize,-3.3707161261274114,3.3707161261274114,1.652,25.13136208408983
821343.0,2.5,-0.8161505645928305,0.8161505645928305,000483_2014-06-09_20-41-45_260595134347_rgbf000116-resize,-3.0557161261274115,3.0557161261274115,1.337,29.232414989368262
821343.0,2.5,-1.454191416381091,1.454191416381091,002964_2014-06-08_17-46-11_094959634447_rgbf000091-resize,-3.8620098435293615,3.8620098435293615,1.6909999999999998,28.953812917975768
821343.0,2.5,-0.6891766870765037,0.6891766870765037,002136_2014-06-25_21-18-03_260595134347_rgbf000109-resize,-3.2234224087254617,3.2234224087254617,1.9569999999999999,13.297078442475444
821343.0,2.5,-0.16606460385526645,0.16606460385526645,002039_2014-06-24_20-22-38_260595134347_rgbf000084-resize,-3.8652475391176613,3.8652475391176613,4.408,15.524303639345458
821343.0,2.5,-0.911665084650548,0.911665084650548,002103_2014-06-25_20-00-40_260595134347_rgbf000049-resize,-4.466834973921562,4.466834973921562,4.105,11.598018874569219
821343.0,2.5,-0.2625995331368033,0.2625995331368033,000929_2014-06-09_16-33-19_260595134347_rgbf000139-resize,-3.229834973921561,3.229834973921561,2.8680000000000003,19.501338012209015
821343.0,2.5,-0.6723975895088583,0.6723975895088583,000457_2014-06-08_16-52-43_260595134347_rgbf000199-resize,-4.010834973921561,4.010834973921561,3.6489999999999996,14.067279821032837
821343.0,2.5,-0.21774267972063904,0.21774267972063904,003490_2014-05-21_15-50-11_094959634447_rgbf000101-resize,-3.5540412565196116,3.5540412565196116,3.6445,19.999457360175192
821343.0,2.5,-0.4516582233320406,0.4516582233320406,002279_2014-06-28_18-55-32_260595134347_rgbf000040-resize,-2.7707557420587614,2.7707557420587614,1.5043333333333,15.963772282558683
821343.0,2.5,-0.9433925987416434,0.9433925987416434,002344_2014-06-28_20-06-29_260595134347_rgbf000030-resize,-3.298216126127412,3.298216126127412,1.5795,37.33165518125916
821343.0,2.5,-0.032252098121013206,0.032252098121013206,001055_2014-06-08_18-45-35_260595134347_rgbf000111-resize,-2.7908349739215614,2.7908349739215614,2.4290000000000003,8.406298609581565
821343.0,2.5,-1.0806041118546958,1.0806041118546958,000549_2014-06-08_22-10-24_260595134347_rgbf000247-resize,-3.5597161261274115,3.5597161261274115,1.841,30.99307977870557
821343.0,2.5,-1.0543802447419752,1.0543802447419752,000736_2014-06-08_18-24-15_260595134347_rgbf000206-resize,-4.329128691323511,4.329128691323511,3.515,33.408170606136416
821343.0,2.5,-0.2919890625332456,0.2919890625332456,000137_2014-05-20_17-04-49_260595134347_rgbf000120-resize,-3.6955412565196113,3.6955412565196113,3.786,14.89611111351161
821343.0,2.5,-0.7096403544241503,0.7096403544241503,002199_2014-06-28_18-33-56_260595134347_rgbf000074-resize,-3.2624224087254614,3.2624224087254614,1.996,17.12852126070164
821343.0,2.5,-0.049841467509034176,0.049841467509034176,000917_2014-06-09_22-45-29_260595134347_rgbf000149-resize,-3.64374753911766,3.64374753911766,4.1865,9.740561609074897
821343.0,2.5,-0.7154237618808257,0.7154237618808257,002323_2014-06-28_20-01-54_260595134347_rgbf000051-resize,-4.092834973921561,4.092834973921561,3.7310000000000003,18.09172628388976
821343.0,2.5,-0.4761446628933368,0.4761446628933368,002953_2014-06-08_17-32-18_094959634447_rgbf000059-resize,-2.8174224087254616,2.8174224087254616,1.551,13.905027931093345
821343.0,2.5,-0.4402252753717837,0.4402252753717837,003129_2014-05-12_10-48-10_094959634447_rgbf000100-resize,-4.387747539117661,4.387747539117661,4.9305,17.9074543760639
821343.0,2.5,-0.1484752344672548,0.1484752344672548,001214_2014-06-17_16-13-55_260595134347_rgbf000111-resize,-3.0123349739215612,3.0123349739215612,2.6505,18.479282579459067
821343.0,2.5,-0.7117333901779312,0.7117333901779312,002272_2014-06-28_18-53-56_260595134347_rgbf000067-resize,-2.856716126127411,2.856716126127411,1.138,10.409245808146235
821343.0,2.5,-0.6382798734169849,0.6382798734169849,001571_2014-06-20_17-21-32_260595134347_rgbf000089-resize,-3.1264224087254613,3.1264224087254613,1.86,4.991960350191473
821343.0,2.5,-0.274673651700623,0.274673651700623,001132_2014-06-17_14-48-54_260595134347_rgbf000100-resize,-3.6625412565196114,3.6625412565196114,3.753,14.398279213278778
821343.0,2.5,-0.2471148033483745,0.2471148033483745,000943_2014-06-09_19-31-07_260595134347_rgbf000128-resize,-2.790628691323511,2.790628691323511,1.9765,15.893099149291922
821343.0,2.5,-0.15607771912231916,0.15607771912231916,000709_2014-06-08_13-51-55_260595134347_rgbf000068-resize,-2.6171286913235114,2.6171286913235114,1.8030000000000002,14.429351101546246
821343.0,2.5,-0.5317754651711941,0.5317754651711941,000758_2014-06-08_22-05-08_260595134347_rgbf000085-resize,-3.742834973921561,3.742834973921561,3.3810000000000002,11.91317737826679
821343.0,2.5,-0.8198351343728261,0.8198351343728261,000854_2014-06-09_19-43-13_260595134347_rgbf000066-resize,-3.882128691323511,3.882128691323511,3.068,11.910827625938722
821343.0,2.5,-0.4451926090851901,0.4451926090851901,001164_2014-06-17_15-35-46_260595134347_rgbf000085-resize,-3.168128691323512,3.168128691323512,2.354,17.325668807481115
821343.0,2.5,-0.1888720578204668,0.1888720578204668,001136_2014-06-17_15-19-41_260595134347_rgbf000076-resize,-2.6796286913235114,2.6796286913235114,1.8655,18.667799879387072
821343.0,2.5,-0.9767174487818632,0.9767174487818632,002153_2014-06-25_21-27-18_260595134347_rgbf000038-resize,-3.771422408725461,3.771422408725461,2.505,17.28886317575377
821343.0,2.5,-0.1818000845074768,0.1818000845074768,002660_2014-06-13_15-44-18_094959634447_rgbf001878-resize,-3.4855412565196118,3.4855412565196118,3.576,15.11997681444361
821343.0,2.5,-0.1597622889023143,0.1597622889023143,000739_2014-06-08_18-45-58_260595134347_rgbf000068-resize,-3.4435412565196115,3.4435412565196115,3.534,8.164356963721069
821343.0,2.5,-1.3602858361183012,1.3602858361183012,000734_2014-06-08_17-39-11_260595134347_rgbf000128-resize,-4.912128691323511,4.912128691323511,4.098,16.052231618370055
821343.0,2.5,-1.3589624587245748,1.3589624587245748,000522_2014-06-08_13-35-06_260595134347_rgbf000244-resize,-4.090216126127412,4.090216126127412,2.3715,25.742609854068213
821343.0,2.5,-0.654808220120849,0.654808220120849,002949_2014-06-26_15-57-42_094959634447_rgbf000079-resize,-3.1579224087254616,3.1579224087254616,1.8915,17.99500168321199
821343.0,2.5,-1.4237582700692113,1.4237582700692113,001555_2014-06-20_17-12-10_260595134347_rgbf000065-resize,-3.8040098435293617,3.8040098435293617,1.633,7.608284543781994
821343.0,2.5,-0.8628497028989919,0.8628497028989919,003534_2014-05-22_15-06-10_094959634447_rgbf000102-resize,-3.1447161261274115,3.1447161261274115,1.426,12.376994007247625
821343.0,2.5,-0.4625254256865132,0.4625254256865132,000773_2014-06-08_22-24-54_260595134347_rgbf000093-resize,-4.43024753911766,4.43024753911766,4.973,21.45352631724976
821343.0,2.5,-0.4748444931912125,0.4748444931912125,001032_2014-06-08_13-23-17_260595134347_rgbf000021-resize,-3.6343349739215607,3.6343349739215607,3.2725,15.984983178828962
821343.0,2.5,-0.5845087617978191,0.5845087617978191,003292_2014-05-14_21-53-49_094959634447_rgbf000100-resize,-3.8433349739215608,3.8433349739215608,3.4815,33.084282711345374
821343.0,2.5,-0.4239534814546001,0.4239534814546001,002639_2014-06-24_14-51-37_094959634447_rgbf000074-resize,-3.9470412565196114,3.9470412565196114,4.0375,16.521406794569987
821343.0,2.5,-0.1970224595863106,0.1970224595863106,001570_2014-06-20_17-21-09_260595134347_rgbf000135-resize,-3.92424753911766,3.92424753911766,4.467,22.179510675592084
821343.0,2.5,-0.022818932421750704,0.022818932421750704,001392_2014-06-19_16-07-59_260595134347_rgbf000046-resize,-3.5922475391176603,3.5922475391176603,4.135,18.95235574822112
821343.0,2.5,-0.20331897261636225,0.20331897261636225,000447_2014-06-08_16-15-46_260595134347_rgbf000130-resize,-3.936247539117661,3.936247539117661,4.479,19.081432914605553
821343.0,2.5,-0.4765556007264185,0.4765556007264185,001447_2014-06-19_17-00-32_260595134347_rgbf000082-resize,-4.0472912565196095,4.0472912565196095,4.13775,46.830399423560245
821343.0,2.5,-0.526534172902396,0.526534172902396,001066_2014-06-08_22-03-20_260595134347_rgbf000066-resize,-4.142541256519611,4.142541256519611,4.2330000000000005,19.743449467077777
821343.0,2.5,-1.6404806659552682,1.6404806659552682,000742_2014-06-08_18-48-09_260595134347_rgbf000164-resize,-5.446128691323511,5.446128691323511,4.632,18.91549953899407
821343.0,2.5,-0.4367914564555617,0.4367914564555617,002549_2014-06-24_13-41-39_094959634447_rgbf000022-resize,-2.7424224087254614,2.7424224087254614,1.476,4.1736441355391865
821343.0,2.5,-0.10912782995237684,0.10912782995237684,001199_2014-06-17_16-03-48_260595134347_rgbf000077-resize,-3.3470412565196117,3.3470412565196117,3.4375,28.282249848901696
821343.0,2.5,-0.03330151695935618,0.03330151695935618,000502_2014-06-08_23-02-32_260595134347_rgbf000063-resize,-2.7928349739215608,2.7928349739215608,2.431,13.897287578908273
821343.0,2.5,-0.02570483422718373,0.02570483422718373,003083_2014-06-15_15-21-03_094959634447_rgbf000063-resize,-3.5977475391176608,3.5977475391176608,4.1405,19.172834459547143
821343.0,2.5,-0.19045198800088364,0.19045198800088364,001806_2014-06-26_20-50-20_260595134347_rgbf000091-resize,-3.0923349739215613,3.0923349739215613,2.7305,13.909869710567438
821343.0,2.5,-0.11043960350030284,0.11043960350030284,000493_2014-06-09_21-01-18_260595134347_rgbf000196-resize,-3.3495412565196117,3.3495412565196117,3.44,19.629285382994567
821343.0,2.5,-0.11673611653034673,0.11673611653034673,001449_2014-06-19_17-01-27_260595134347_rgbf000116-resize,-3.3615412565196117,3.3615412565196117,3.452,8.994872108877228
821343.0,2.5,-0.06216053501372415,0.06216053501372415,000368_2014-06-09_15-53-01_260595134347_rgbf000155-resize,-2.8478349739215614,2.8478349739215614,2.4859999999999998,21.090700959072958
821343.0,2.5,-0.2893539115915917,0.2893539115915917,002209_2014-06-28_18-36-10_260595134347_rgbf000051-resize,-2.871128691323511,2.871128691323511,2.057,12.962068825921264
821343.0,2.5,-0.3853931410684808,0.3853931410684808,001828_2014-06-26_21-40-03_260595134347_rgbf000024-resize,-4.283247539117661,4.283247539117661,4.8260000000000005,35.55232951340613
821343.0,2.5,-0.4236911267450084,0.4236911267450084,002570_2014-06-24_13-59-54_094959634447_rgbf000059-resize,-3.9465412565196116,3.9465412565196116,4.037,41.596140375002705
821343.0,2.5,-0.7936112672601114,0.7936112672601114,002467_2014-06-28_20-38-07_260595134347_rgbf000026-resize,-4.651541256519612,4.651541256519612,4.742,15.331046216195933
821343.0,2.5,-0.3452528705019471,0.3452528705019471,002663_2014-06-13_15-50-26_094959634447_rgbf000075-resize,-4.206747539117661,4.206747539117661,4.7495,16.725954086732166
821343.0,2.5,-0.055339312564516914,0.055339312564516914,001011_2014-06-08_23-18-54_260595134347_rgbf000044-resize,-2.834834973921561,2.834834973921561,2.4730000000000003,11.624075606213012
821343.0,2.5,-0.6946861359777934,0.6946861359777934,002875_2014-06-01_15-19-00_094959634447_rgbf000151-resize,-3.233922408725461,3.233922408725461,1.9675,11.625680938349673
821343.0,2.5,-0.17103773949157158,0.17103773949157158,001092_2014-06-15_17-34-58_260595134347_rgbf000171-resize,-3.0553349739215605,3.0553349739215605,2.6935,9.164038324933468
821343.0,2.5,-0.6332951339348651,0.6332951339348651,001167_2014-06-17_15-38-07_260595134347_rgbf000108-resize,-3.116922408725461,3.116922408725461,1.8505,12.019050657019696
821343.0,2.5,-0.3743510355742887,0.3743510355742887,003587_2014-05-23_16-48-02_094959634447_rgbf002384-resize,-2.623422408725461,2.623422408725461,1.357,20.788172722830538
893709.0,2.5,-0.02109224546224033,0.02109224546224033,001029_2014-06-08_13-17-57_260595134347_rgbf000065-resize,-3.0907528064157814,3.0907528064157814,3.0835,18.209734661918688
893709.0,2.5,-0.058292587602650214,0.058292587602650214,001516_2014-06-20_16-25-09_260595134347_rgbf000076-resize,-2.4915390608253096,2.4915390608253096,1.7445,3.8622659094666254
893709.0,2.5,-0.4603010426181677,0.4603010426181677,001417_2014-06-19_16-25-36_260595134347_rgbf000115-resize,-4.262859679211016,4.262859679211016,4.6255,49.17091269608214
893709.0,2.5,-1.195862608364003,1.195862608364003,003081_2014-06-15_15-19-16_094959634447_rgbf000150-resize,-4.65953906082531,4.65953906082531,3.9125,16.632991649560594
893709.0,2.5,-0.9421385908847828,0.9421385908847828,000682_2014-06-08_23-14-58_260595134347_rgbf000041-resize,-3.8409321880300737,3.8409321880300737,2.7239999999999998,8.707843071693064
893709.0,2.5,-1.2760621095660398,1.2760621095660398,001650_2014-06-20_12-09-00_260595134347_rgbf000087-resize,-3.807218442439602,3.807218442439602,1.9505,47.6804595860539
893709.0,2.5,-0.21465599451542028,0.21465599451542028,001244_2014-06-17_16-47-45_260595134347_rgbf000030-resize,-2.7895390608253097,2.7895390608253097,2.0425,6.7629638807870815
893709.0,2.5,-0.7356384211309053,0.7356384211309053,003495_2014-05-21_16-01-51_094959634447_rgbf000100-resize,-3.112325315234838,3.112325315234838,1.6255,12.747278812179
893709.0,2.5,-1.2509570973768869,1.2509570973768869,002375_2014-06-28_20-13-44_260595134347_rgbf000032-resize,-4.764539060825308,4.764539060825308,4.0175,48.76103649676905
893709.0,2.5,-0.5355428176484331,0.5355428176484331,000788_2014-06-08_22-34-36_260595134347_rgbf000131-resize,-3.7361459336205445,3.7361459336205445,3.359,21.46386213810664
893709.0,2.5,-0.2462195995966565,0.2462195995966565,001094_2014-06-15_17-36-00_260595134347_rgbf000205-resize,-3.854859679211017,3.854859679211017,4.2175,17.196771274488466
893709.0,2.5,-0.4735730795656517,0.4735730795656517,000470_2014-06-09_19-42-40_260595134347_rgbf000094-resize,-2.9479321880300735,2.9479321880300735,1.831,22.486379427626872
893709.0,2.5,-0.5934421685357405,0.5934421685357405,000109_2014-05-14_23-41-52_260595134347_rgbf000035-resize,-2.841325315234838,2.841325315234838,1.3545,6.620498200896815
893709.0,2.5,-0.9381492436203268,0.9381492436203268,002509_2014-06-24_13-19-22_094959634447_rgbf000077-resize,-3.1632184424396024,3.1632184424396024,1.3065,40.21868783296904
893709.0,2.5,-0.7710563069249101,0.7710563069249101,003338_2014-05-20_11-01-23_094959634447_rgbf000051-resize,-3.1798253152348384,3.1798253152348384,1.693,28.251495663089063
893709.0,2.5,-0.08986260432275206,0.08986260432275206,002784_2014-06-22_19-26-30_094959634447_rgbf000083-resize,-2.5517057274920094,2.5517057274920094,1.8046666666667,3.0422522474895675
893709.0,2.5,-0.6881792320063338,0.6881792320063338,001100_2014-06-15_17-46-26_260595134347_rgbf000225-resize,-3.3569321880300738,3.3569321880300738,2.24,9.548860596737413
893709.0,2.5,-0.3796500935341549,0.3796500935341549,000469_2014-06-09_19-42-10_260595134347_rgbf000081-resize,-2.7689321880300737,2.7689321880300737,1.652,25.13136208408983
893709.0,2.5,-0.5842597537002571,0.5842597537002571,000483_2014-06-09_20-41-45_260595134347_rgbf000116-resize,-2.823825315234838,2.823825315234838,1.337,29.232414989368262
893709.0,2.5,-0.4001137608818031,0.4001137608818031,002964_2014-06-08_17-46-11_094959634447_rgbf000091-resize,-2.8079321880300734,2.8079321880300734,1.6909999999999998,28.953812917975768
893709.0,2.5,-0.16979333917635175,0.16979333917635175,002136_2014-06-25_21-18-03_260595134347_rgbf000109-resize,-2.704039060825309,2.704039060825309,1.9569999999999999,13.297078442475444
893709.0,2.5,-1.0419542570461815,1.0419542570461815,002279_2014-06-28_18-55-32_260595134347_rgbf000040-resize,-3.3610517757729026,3.3610517757729026,1.5043333333333,15.963772282558683
893709.0,2.5,-1.4512880422585988,1.4512880422585988,002344_2014-06-28_20-06-29_260595134347_rgbf000030-resize,-3.8061115696443664,3.8061115696443664,1.5795,37.33165518125916
893709.0,2.5,-0.8487133009621224,0.8487133009621224,000549_2014-06-08_22-10-24_260595134347_rgbf000247-resize,-3.327825315234838,3.327825315234838,1.841,30.99307977870557
893709.0,2.5,-0.2475043598342449,0.2475043598342449,000736_2014-06-08_18-24-15_260595134347_rgbf000206-resize,-3.522252806415781,3.522252806415781,3.515,33.408170606136416
893709.0,2.5,-0.019807485224650975,0.019807485224650975,000137_2014-05-20_17-04-49_260595134347_rgbf000120-resize,-3.4233596792110164,3.4233596792110164,3.786,14.89611111351161
893709.0,2.5,-0.0775255213333918,0.0775255213333918,002425_2014-06-28_20-27-29_260595134347_rgbf000031-resize,-3.533359679211016,3.533359679211016,3.8960000000000004,8.40495801096819
893709.0,2.5,-0.5601501337287627,0.5601501337287627,002199_2014-06-28_18-33-56_260595134347_rgbf000074-resize,-3.1129321880300735,3.1129321880300735,1.996,17.12852126070164
893709.0,2.5,-1.7300167970794325,1.7300167970794325,003129_2014-05-12_10-48-10_094959634447_rgbf000100-resize,-5.67753906082531,5.67753906082531,4.9305,17.9074543760639
893709.0,2.5,-0.16465429822602073,0.16465429822602073,002988_2014-06-15_12-24-20_094959634447_rgbf000150-resize,-4.0344665520062515,4.0344665520062515,4.7669999999999995,14.460306569198616
893709.0,2.5,-0.5568205624351753,0.5568205624351753,001052_2014-06-08_18-24-54_260595134347_rgbf000130-resize,-4.1117528064157804,4.1117528064157804,4.1045,25.87613690895519
893709.0,2.5,-0.4798425792853578,0.4798425792853578,002272_2014-06-28_18-53-56_260595134347_rgbf000067-resize,-2.6248253152348378,2.6248253152348378,1.138,10.409245808146235
893709.0,2.5,-0.006871064523958137,0.006871064523958137,002788_2014-06-22_19-36-03_094959634447_rgbf000088-resize,-2.3935390608253098,2.3935390608253098,1.6465,21.7158464010581
893709.0,2.5,-0.16908731497862226,0.16908731497862226,000436_2014-06-09_22-25-11_260595134347_rgbf000137-resize,-3.707859679211016,3.707859679211016,4.0705,20.69156545677159
893709.0,2.5,-1.075993519393914,1.075993519393914,002444_2014-06-28_20-32-08_260595134347_rgbf000027-resize,-4.7661459336205425,4.7661459336205425,4.388999999999999,17.102760279009576
893709.0,2.5,-0.08898808862411732,0.08898808862411732,000709_2014-06-08_13-51-55_260595134347_rgbf000068-resize,-2.550039060825309,2.550039060825309,1.8030000000000002,14.429351101546246
893709.0,2.5,-1.1226386310793883,1.1226386310793883,000854_2014-06-09_19-43-13_260595134347_rgbf000066-resize,-4.184932188030074,4.184932188030074,3.068,11.910827625938722
893709.0,2.5,-0.37810297858698827,0.37810297858698827,001164_2014-06-17_15-35-46_260595134347_rgbf000085-resize,-3.1010390608253093,3.1010390608253093,2.354,17.325668807481115
893709.0,2.5,-0.08744097367694659,0.08744097367694659,002153_2014-06-25_21-27-18_260595134347_rgbf000038-resize,-2.882145933620545,2.882145933620545,2.505,17.28886317575377
893709.0,2.5,-0.2574738387984842,0.2574738387984842,000739_2014-06-08_18-45-58_260595134347_rgbf000068-resize,-3.5412528064157813,3.5412528064157813,3.534,8.164356963721069
893709.0,2.5,-1.2931962056200994,1.2931962056200994,000734_2014-06-08_17-39-11_260595134347_rgbf000128-resize,-4.845039060825308,4.845039060825308,4.098,16.052231618370055
893709.0,2.5,-1.1270716478320013,1.1270716478320013,000522_2014-06-08_13-35-06_260595134347_rgbf000244-resize,-3.858325315234838,3.858325315234838,2.3715,25.742609854068213
893709.0,2.5,-0.1354248722206971,0.1354248722206971,002949_2014-06-26_15-57-42_094959634447_rgbf000079-resize,-2.638539060825309,2.638539060825309,1.8915,17.99500168321199
893709.0,2.5,-0.09035388879273078,0.09035388879273078,000866_2014-06-09_20-45-42_260595134347_rgbf000139-resize,-3.2227528064157815,3.2227528064157815,3.2155,8.082259189449621
893709.0,2.5,-0.7395737417746876,0.7395737417746876,001555_2014-06-20_17-12-10_260595134347_rgbf000065-resize,-3.1198253152348383,3.1198253152348383,1.633,7.608284543781994
893709.0,2.5,-0.6309588920064184,0.6309588920064184,003534_2014-05-22_15-06-10_094959634447_rgbf000102-resize,-2.912825315234838,2.912825315234838,1.426,12.376994007247625
893709.0,2.5,-0.012118158715658356,0.012118158715658356,001016_2014-06-09_16-16-10_260595134347_rgbf000112-resize,-2.403539060825309,2.403539060825309,1.6565,7.049977084494088
893709.0,2.5,-0.4408057541778467,0.4408057541778467,002340_2014-06-28_20-05-46_260595134347_rgbf000113-resize,-3.2205390608253097,3.2205390608253097,2.4735,7.91768620575396
893709.0,2.5,-0.9697128487015676,0.9697128487015676,003292_2014-05-14_21-53-49_094959634447_rgbf000100-resize,-4.228539060825311,4.228539060825311,3.4815,33.084282711345374
893709.0,2.5,-1.8630036215287755,1.8630036215287755,000447_2014-06-08_16-15-46_260595134347_rgbf000130-resize,-5.595932188030074,5.595932188030074,4.479,19.081432914605553
893709.0,2.5,-1.3140534050321169,1.3140534050321169,001447_2014-06-19_17-00-32_260595134347_rgbf000082-resize,-4.884789060825309,4.884789060825309,4.13775,46.830399423560245
893709.0,2.5,-0.99413885000333,0.99413885000333,001066_2014-06-08_22-03-20_260595134347_rgbf000066-resize,-4.6101459336205455,4.6101459336205455,4.2330000000000005,19.743449467077777
893709.0,2.5,-1.203497908252302,1.203497908252302,000742_2014-06-08_18-48-09_260595134347_rgbf000164-resize,-5.009145933620545,5.009145933620545,4.632,18.91549953899407
893709.0,2.5,-0.4835695718402338,0.4835695718402338,002758_2014-06-22_19-11-20_094959634447_rgbf000128-resize,-3.3020390608253103,3.3020390608253103,2.555,7.204478276142114
893709.0,2.5,-0.6571943629649384,0.6571943629649384,002549_2014-06-24_13-41-39_094959634447_rgbf000022-resize,-2.9628253152348383,2.9628253152348383,1.476,4.1736441355391865
893709.0,2.5,-0.04861247665834023,0.04861247665834023,000502_2014-06-08_23-02-32_260595134347_rgbf000063-resize,-2.8081459336205445,2.8081459336205445,2.431,13.897287578908273
893709.0,2.5,-0.9455492021093964,0.9455492021093964,001806_2014-06-26_20-50-20_260595134347_rgbf000091-resize,-3.8474321880300737,3.8474321880300737,2.7305,13.909869710567438
893709.0,2.5,-0.022431032320507416,0.022431032320507416,001617_2014-06-20_11-35-32_260595134347_rgbf000066-resize,-3.4283596792110163,3.4283596792110163,3.7910000000000004,19.974169961071475
893709.0,2.5,-0.02689106238345568,0.02689106238345568,000191_2014-05-12_17-07-38_260595134347_rgbf000199-resize,-3.4368596792110164,3.4368596792110164,3.7995,12.340757267219296
893709.0,2.5,-0.16279080194857234,0.16279080194857234,000506_2014-06-08_23-21-00_260595134347_rgbf000070-resize,-3.6958596792110168,3.6958596792110168,4.0585,16.716212007621664
893709.0,2.5,-0.2144476664265166,0.2144476664265166,001449_2014-06-19_17-01-27_260595134347_rgbf000116-resize,-3.4592528064157815,3.4592528064157815,3.452,8.994872108877228
893709.0,2.5,-0.5898232292222261,0.5898232292222261,002600_2014-06-24_14-27-04_094959634447_rgbf000074-resize,-3.504539060825309,3.504539060825309,2.7575,44.47386082434929
893709.0,2.5,-0.5454582699919923,0.5454582699919923,003228_2014-05-14_13-42-35_094959634447_rgbf000101-resize,-3.084932188030073,3.084932188030073,1.9680000000000002,14.40337638638131
893709.0,2.5,-0.8172577491222371,0.8172577491222371,000368_2014-06-09_15-53-01_260595134347_rgbf000155-resize,-3.6029321880300738,3.6029321880300738,2.4859999999999998,21.090700959072958
893709.0,2.5,-0.22226428109338991,0.22226428109338991,002209_2014-06-28_18-36-10_260595134347_rgbf000051-resize,-2.8040390608253096,2.8040390608253096,2.057,12.962068825921264
893709.0,2.5,-1.305291535571365,1.305291535571365,001828_2014-06-26_21-40-03_260595134347_rgbf000024-resize,-5.2031459336205454,5.2031459336205454,4.8260000000000005,35.55232951340613
893709.0,2.5,-0.1554718833905383,0.1554718833905383,002663_2014-06-13_15-50-26_094959634447_rgbf000075-resize,-4.016966552006251,4.016966552006251,4.7495,16.725954086732166
893709.0,2.5,-0.4405433994682655,0.4405433994682655,001011_2014-06-08_23-18-54_260595134347_rgbf000044-resize,-3.2200390608253104,3.2200390608253104,2.4730000000000003,11.624075606213012
893709.0,2.5,-0.5451959152824057,0.5451959152824057,002875_2014-06-01_15-19-00_094959634447_rgbf000151-resize,-3.084432188030074,3.084432188030074,1.9675,11.625680938349673
893709.0,2.5,-0.5562418263953202,0.5562418263953202,001092_2014-06-15_17-34-58_260595134347_rgbf000171-resize,-3.440539060825309,3.440539060825309,2.6935,9.164038324933468
893709.0,2.5,-0.8536980404442418,0.8536980404442418,001167_2014-06-17_15-38-07_260595134347_rgbf000108-resize,-3.337325315234838,3.337325315234838,1.8505,12.019050657019696
893709.0,2.5,-1.3345401964931942,1.3345401964931942,003587_2014-05-23_16-48-02_094959634447_rgbf002384-resize,-3.5836115696443667,3.5836115696443667,1.357,20.788172722830538
334008.0,2.5,-1.030332603855484,1.030332603855484,001808_2014-06-26_20-50-58_260595134347_rgbf000029-resize,-4.653944336765962,4.653944336765962,4.249,20.030651550568866
334008.0,2.5,-0.4845146151716954,0.4845146151716954,001815_2014-06-26_20-52-55_260595134347_rgbf000020-resize,-3.6981882221166136,3.6981882221166136,3.3865,18.626322656731816
334008.0,2.5,-0.21362032358385466,0.21362032358385466,001029_2014-06-08_13-17-57_260595134347_rgbf000065-resize,-3.2832808845373957,3.2832808845373957,3.0835,18.209734661918688
334008.0,2.5,-0.032567396754843415,0.032567396754843415,000677_2014-06-08_23-10-32_260595134347_rgbf000158-resize,-3.3268027571503915,3.3268027571503915,3.556,19.65196273325612
334008.0,2.5,-0.4445343371185843,0.4445343371185843,001417_2014-06-19_16-25-36_260595134347_rgbf000115-resize,-4.247092973711433,4.247092973711433,4.6255,49.17091269608214
334008.0,2.5,-1.152187451182572,1.152187451182572,003081_2014-06-15_15-19-16_094959634447_rgbf000150-resize,-4.615863903643879,4.615863903643879,3.9125,16.632991649560594
334008.0,2.5,-0.5099190835687178,0.5099190835687178,000682_2014-06-08_23-14-58_260595134347_rgbf000041-resize,-3.4087126807140087,3.4087126807140087,2.7239999999999998,8.707843071693064
334008.0,2.5,-1.4769825816490256,1.4769825816490256,001158_2014-06-17_15-32-16_260595134347_rgbf000138-resize,-5.234863903643879,5.234863903643879,4.5315,26.954451973303737
334008.0,2.5,-1.5463863869424823,1.5463863869424823,000556_2014-06-09_22-42-56_260595134347_rgbf000214-resize,-5.4516077889945285,5.4516077889945285,4.8415,23.88242025565649
334008.0,2.5,-1.2151525814830175,1.2151525814830175,001150_2014-06-17_15-27-34_260595134347_rgbf000108-resize,-4.735863903643878,4.735863903643878,4.0325,11.088139074292139
334008.0,2.5,-0.10685978733314078,0.10685978733314078,002375_2014-06-28_20-13-44_260595134347_rgbf000032-resize,-3.620441750781564,3.620441750781564,4.0175,48.76103649676905
334008.0,2.5,-0.4760972952485942,0.4760972952485942,002568_2014-06-24_13-59-21_094959634447_rgbf000062-resize,-3.5132004514153112,3.5132004514153112,3.015,29.63840999388049
334008.0,2.5,-0.6752485583730693,0.6752485583730693,000788_2014-06-08_22-34-36_260595134347_rgbf000131-resize,-3.875851674345181,3.875851674345181,3.359,21.46386213810664
334008.0,2.5,-0.5536801043048937,0.5536801043048937,001235_2014-06-17_16-37-36_260595134347_rgbf000084-resize,-3.897583330397135,3.897583330397135,3.6605,14.547706659434104
334008.0,2.5,-1.2067352615599156,1.2067352615599156,000692_2014-06-08_13-09-42_260595134347_rgbf000199-resize,-4.550876132942577,4.550876132942577,3.661,54.80046590295557
334008.0,2.5,-0.04394066479837555,0.04394066479837555,001094_2014-06-15_17-36-00_260595134347_rgbf000205-resize,-3.6525807444127363,3.6525807444127363,4.2175,17.196771274488466
334008.0,2.5,-0.8740914590222719,0.8740914590222719,000780_2014-06-08_22-28-29_260595134347_rgbf000126-resize,-4.085863903643879,4.085863903643879,3.3825,14.165390776882042
334008.0,2.5,-0.07798914672717827,0.07798914672717827,000469_2014-06-09_19-42-10_260595134347_rgbf000081-resize,-2.4672712412230964,2.4672712412230964,1.652,25.13136208408983
334008.0,2.5,-1.598693197680182,1.598693197680182,002039_2014-06-24_20-22-38_260595134347_rgbf000084-resize,-5.2978761329425765,5.2978761329425765,4.408,15.524303639345458
334008.0,2.5,-0.17142308444042004,0.17142308444042004,002103_2014-06-25_20-00-40_260595134347_rgbf000049-resize,-3.7265929737114334,3.7265929737114334,4.105,11.598018874569219
334008.0,2.5,-0.9054538314258884,0.9054538314258884,002213_2014-06-28_18-37-58_260595134347_rgbf000055-resize,-4.2301077889945295,4.2301077889945295,3.62,11.387296889913552
334008.0,2.5,-0.3458189199995565,0.3458189199995565,000691_2014-06-08_13-08-50_260595134347_rgbf000132-resize,-3.923802757150392,3.923802757150392,4.1530000000000005,14.740846212587924
334008.0,2.5,-0.1559702644571674,0.1559702644571674,000457_2014-06-08_16-52-43_260595134347_rgbf000199-resize,-3.49440764886987,3.49440764886987,3.6489999999999996,14.067279821032837
334008.0,2.5,-1.040232036504706,1.040232036504706,003621_2014-05-23_18-06-08_094959634447_rgbf000101-resize,-4.5376541202049205,4.5376541202049205,3.9835,23.07176470133362
334008.0,2.5,-0.8209275378408074,0.8209275378408074,001584_2014-06-20_11-07-43_260595134347_rgbf000002-resize,-4.10280534313479,4.10280534313479,3.53,17.602834139105468
334008.0,2.5,-0.02631482215753089,0.02631482215753089,001175_2014-06-17_15-45-55_260595134347_rgbf000129-resize,-3.6527782985529957,3.6527782985529957,4.255,15.34903910495583
334008.0,2.5,-0.06525188937116289,0.06525188937116289,000549_2014-06-08_22-10-24_260595134347_rgbf000247-resize,-2.5443639036438785,2.5443639036438785,1.841,30.99307977870557
334008.0,2.5,-0.5892422213948173,0.5892422213948173,000736_2014-06-08_18-24-15_260595134347_rgbf000206-resize,-3.8639906679763536,3.8639906679763536,3.515,33.408170606136416
334008.0,2.5,-0.9552531491484249,0.9552531491484249,000137_2014-05-20_17-04-49_260595134347_rgbf000120-resize,-4.35880534313479,4.35880534313479,3.786,14.89611111351161
334008.0,2.5,-0.5839930578701614,0.5839930578701614,002425_2014-06-28_20-27-29_260595134347_rgbf000031-resize,-4.039827215747787,4.039827215747787,3.8960000000000004,8.40495801096819
334008.0,2.5,-0.14658184934256746,0.14658184934256746,002199_2014-06-28_18-33-56_260595134347_rgbf000074-resize,-2.699363903643879,2.699363903643879,1.996,17.12852126070164
334008.0,2.5,-1.3519115008248614,1.3519115008248614,000917_2014-06-09_22-45-29_260595134347_rgbf000149-resize,-4.945817572433487,4.945817572433487,4.1865,9.740561609074897
334008.0,2.5,-0.55336967249666,0.55336967249666,002323_2014-06-28_20-01-54_260595134347_rgbf000051-resize,-3.9307808845373953,3.9307808845373953,3.7310000000000003,18.09172628388976
334008.0,2.5,-1.482636261846237,1.482636261846237,000414_2014-06-04_19-49-13_260595134347_rgbf000044-resize,-5.144271241223096,5.144271241223096,4.329,13.241348366125557
334008.0,2.5,-0.4740121494564679,0.4740121494564679,003129_2014-05-12_10-48-10_094959634447_rgbf000100-resize,-4.4215344132023455,4.4215344132023455,4.9305,17.9074543760639
334008.0,2.5,-0.5374319428610717,0.5374319428610717,002988_2014-06-15_12-24-20_094959634447_rgbf000150-resize,-4.407244196641304,4.407244196641304,4.7669999999999995,14.460306569198616
334008.0,2.5,-0.11697970559217752,0.11697970559217752,001214_2014-06-17_16-13-55_260595134347_rgbf000111-resize,-2.980839445046484,2.980839445046484,2.6505,18.479282579459067
334008.0,2.5,-1.4007074074747363,1.4007074074747363,002748_2014-06-22_19-07-22_094959634447_rgbf000078-resize,-5.22465412020492,5.22465412020492,4.6705,35.71435075733748
334008.0,2.5,-1.2985594099147364,1.2985594099147364,002995_2014-06-15_12-31-26_094959634447_rgbf000150-resize,-4.7258761329425765,4.7258761329425765,3.8360000000000003,27.231594395483473
334008.0,2.5,-1.421603768710182,1.421603768710182,000436_2014-06-09_22-25-11_260595134347_rgbf000137-resize,-4.960376132942576,4.960376132942576,4.0705,20.69156545677159
334008.0,2.5,-0.3204405594848023,0.3204405594848023,002444_2014-06-28_20-32-08_260595134347_rgbf000027-resize,-4.010592973711431,4.010592973711431,4.388999999999999,17.102760279009576
334008.0,2.5,-0.8054925484080212,0.8054925484080212,001133_2014-06-17_14-49-16_260595134347_rgbf000100-resize,-4.411280884537395,4.411280884537395,4.2115,26.759918254713728
334008.0,2.5,-0.5649132797184072,0.5649132797184072,001132_2014-06-17_14-48-54_260595134347_rgbf000100-resize,-3.952780884537396,3.952780884537396,3.753,14.398279213278778
334008.0,2.5,-0.3173946651659286,0.3173946651659286,000854_2014-06-09_19-43-13_260595134347_rgbf000066-resize,-3.379688222116614,3.379688222116614,3.068,11.910827625938722
334008.0,2.5,-0.07810727014083407,0.07810727014083407,001136_2014-06-17_15-19-41_260595134347_rgbf000076-resize,-2.5688639036438783,2.5688639036438783,1.8655,18.667799879387072
334008.0,2.5,-0.02198326217301549,0.02198326217301549,002153_2014-06-25_21-27-18_260595134347_rgbf000038-resize,-2.8166882221166136,2.8166882221166136,2.505,17.28886317575377
334008.0,2.5,-0.5093421583850005,0.5093421583850005,002660_2014-06-13_15-44-18_094959634447_rgbf001878-resize,-3.813083330397135,3.813083330397135,3.576,15.11997681444361
334008.0,2.5,-0.2634896876214011,0.2634896876214011,000739_2014-06-08_18-45-58_260595134347_rgbf000068-resize,-3.5472686552386983,3.5472686552386983,3.534,8.164356963721069
334008.0,2.5,-0.4475184624542693,0.4475184624542693,000734_2014-06-08_17-39-11_260595134347_rgbf000128-resize,-3.9993613176594787,3.9993613176594787,4.098,16.052231618370055
334008.0,2.5,-0.4507429732831729,0.4507429732831729,000866_2014-06-09_20-45-42_260595134347_rgbf000139-resize,-3.583141890906223,3.583141890906223,3.2155,8.082259189449621
334008.0,2.5,-1.6153856755633824,1.6153856755633824,000773_2014-06-08_22-24-54_260595134347_rgbf000093-resize,-5.583107788994528,5.583107788994528,4.973,21.45352631724976
334008.0,2.5,-0.7917299107629897,0.7917299107629897,002414_2014-06-28_20-24-58_260595134347_rgbf000067-resize,-4.469524769888047,4.469524769888047,4.363,31.720662178139435
334008.0,2.5,-0.10762695157847976,0.10762695157847976,001032_2014-06-08_13-23-17_260595134347_rgbf000021-resize,-3.267117432308828,3.267117432308828,3.2725,15.984983178828962
334008.0,2.5,-0.08673265967599794,0.08673265967599794,003292_2014-05-14_21-53-49_094959634447_rgbf000100-resize,-3.34555887179974,3.34555887179974,3.4815,33.084282711345374
334008.0,2.5,-0.5090296572438171,0.5090296572438171,002639_2014-06-24_14-51-37_094959634447_rgbf000074-resize,-4.0321174323088265,4.0321174323088265,4.0375,16.521406794569987
334008.0,2.5,-0.9395558050060452,0.9395558050060452,001570_2014-06-20_17-21-09_260595134347_rgbf000135-resize,-4.666780884537395,4.666780884537395,4.467,22.179510675592084
334008.0,2.5,-0.8959108383505736,0.8959108383505736,001392_2014-06-19_16-07-59_260595134347_rgbf000046-resize,-4.465339445046483,4.465339445046483,4.135,18.95235574822112
334008.0,2.5,-0.7406888658075297,0.7406888658075297,000447_2014-06-08_16-15-46_260595134347_rgbf000130-resize,-4.473617432308828,4.473617432308828,4.479,19.081432914605553
334008.0,2.5,-0.3564683242870681,0.3564683242870681,001447_2014-06-19_17-00-32_260595134347_rgbf000082-resize,-3.927203980080261,3.927203980080261,4.13775,46.830399423560245
334008.0,2.5,-0.6862152404110922,0.6862152404110922,001066_2014-06-08_22-03-20_260595134347_rgbf000066-resize,-4.302222324028309,4.302222324028309,4.2330000000000005,19.743449467077777
334008.0,2.5,-0.8582718528003246,0.8582718528003246,000742_2014-06-08_18-48-09_260595134347_rgbf000164-resize,-4.663919878168566,4.663919878168566,4.632,18.91549953899407
334008.0,2.5,-0.7343285144613401,0.7343285144613401,002630_2014-06-24_14-47-50_094959634447_rgbf000055-resize,-3.7688175724334885,3.7688175724334885,3.0095,10.661401196716628
334008.0,2.5,-0.4958480834484122,0.4958480834484122,002758_2014-06-22_19-11-20_094959634447_rgbf000128-resize,-3.3143175724334886,3.3143175724334886,2.555,7.204478276142114
334008.0,2.5,-0.8987967401560066,0.8987967401560066,003083_2014-06-15_15-21-03_094959634447_rgbf000063-resize,-4.470839445046483,4.470839445046483,4.1405,19.172834459547143
334008.0,2.5,-0.6431451296063939,0.6431451296063939,000493_2014-06-09_21-01-18_260595134347_rgbf000196-resize,-3.8822467826257014,3.8822467826257014,3.44,19.629285382994567
334008.0,2.5,-0.701219605289053,0.701219605289053,000191_2014-05-12_17-07-38_260595134347_rgbf000199-resize,-4.111188222116614,4.111188222116614,3.7995,12.340757267219296
334008.0,2.5,-0.7252120072749512,0.7252120072749512,000506_2014-06-08_23-21-00_260595134347_rgbf000070-resize,-4.258280884537395,4.258280884537395,4.0585,16.716212007621664
334008.0,2.5,-0.2018122923195637,0.2018122923195637,001449_2014-06-19_17-01-27_260595134347_rgbf000116-resize,-3.446617432308828,3.446617432308828,3.452,8.994872108877228
334008.0,2.5,-0.6441597379350433,0.6441597379350433,001450_2014-06-19_17-02-03_260595134347_rgbf000203-resize,-4.154493882414487,4.154493882414487,4.0106666666667,12.34882649363641
334008.0,2.5,-0.2663797280927489,0.2663797280927489,002600_2014-06-24_14-27-04_094959634447_rgbf000074-resize,-3.1810955596958324,3.1810955596958324,2.7575,44.47386082434929
334008.0,2.5,-0.17858912391195902,0.17858912391195902,002209_2014-06-28_18-36-10_260595134347_rgbf000051-resize,-2.7603639036438787,2.7603639036438787,2.057,12.962068825921264
334008.0,2.5,-0.2167644414329673,0.2167644414329673,000009_2014-05-26_14-32-05_260595134347_rgbf000034-resize,-3.660953980080261,3.660953980080261,3.8715,34.796526826055185
334008.0,2.5,-0.5009028692455341,0.5009028692455341,000906_2014-06-08_13-35-43_260595134347_rgbf000155-resize,-3.4591077889945296,3.4591077889945296,2.8489999999999998,16.12201726422563
334008.0,2.5,-1.0287166064981914,1.0287166064981914,002805_2014-06-22_19-54-03_094959634447_rgbf000079-resize,-4.127132247591924,4.127132247591924,3.1439999999999997,7.377848172936663
334008.0,2.5,-1.4040260031679734,1.4040260031679734,002570_2014-06-24_13-59-54_094959634447_rgbf000059-resize,-4.926876132942576,4.926876132942576,4.037,41.596140375002705
334008.0,2.5,-0.8413849971895891,0.8413849971895891,002467_2014-06-28_20-38-07_260595134347_rgbf000026-resize,-4.699314986449089,4.699314986449089,4.742,15.331046216195933
334008.0,2.5,-0.4676820446584618,0.4676820446584618,001810_2014-06-26_20-51-35_260595134347_rgbf000040-resize,-3.1423761329425766,3.1423761329425766,2.2525,22.411391411207674
334008.0,2.5,-0.696110534394417,0.696110534394417,002663_2014-06-13_15-50-26_094959634447_rgbf000075-resize,-4.557605203010131,4.557605203010131,4.7495,16.725954086732166
334008.0,2.5,-0.20030821037706367,0.20030821037706367,000409_2014-06-04_19-23-33_260595134347_rgbf000067-resize,-3.5789076488698703,3.5789076488698703,3.7335,12.696549983566419
334008.0,2.5,-0.21887362577442504,0.21887362577442504,002545_2014-06-24_13-38-53_094959634447_rgbf000080-resize,-2.735771241223097,2.735771241223097,1.9205,12.083824048628237
334008.0,2.5,-0.12619029764289158,0.12619029764289158,001167_2014-06-17_15-38-07_260595134347_rgbf000108-resize,-2.609817572433488,2.609817572433488,1.8505,12.019050657019696
340061.0,2.5,-1.0397271388466367,1.0397271388466367,001815_2014-06-26_20-52-55_260595134347_rgbf000020-resize,-4.253400745791555,4.253400745791555,3.3865,18.626322656731816
340061.0,2.5,-0.4459249016637984,0.4459249016637984,000677_2014-06-08_23-10-32_260595134347_rgbf000158-resize,-3.7401602620593466,3.7401602620593466,3.556,19.65196273325612
340061.0,2.5,-0.17815427256889593,0.17815427256889593,001516_2014-06-20_16-25-09_260595134347_rgbf000076-resize,-2.611400745791556,2.611400745791556,1.7445,3.8622659094666254
340061.0,2.5,-0.6329838095980395,0.6329838095980395,003081_2014-06-15_15-19-16_094959634447_rgbf000150-resize,-4.096660262059347,4.096660262059347,3.9125,16.632991649560594
340061.0,2.5,-0.6921071486462642,0.6921071486462642,000682_2014-06-08_23-14-58_260595134347_rgbf000041-resize,-3.590900745791555,3.590900745791555,2.7239999999999998,8.707843071693064
340061.0,2.5,-1.6405194237967022,1.6405194237967022,001158_2014-06-17_15-32-16_260595134347_rgbf000138-resize,-5.398400745791554,5.398400745791554,4.5315,26.954451973303737
340061.0,2.5,-1.1204388600072988,1.1204388600072988,000556_2014-06-09_22-42-56_260595134347_rgbf000214-resize,-5.025660262059346,5.025660262059346,4.8415,23.88242025565649
340061.0,2.5,-1.3786894236306944,1.3786894236306944,001150_2014-06-17_15-27-34_260595134347_rgbf000108-resize,-4.899400745791555,4.899400745791555,4.0325,11.088139074292139
340061.0,2.5,-0.1840949014977914,0.1840949014977914,000665_2014-06-09_20-42-35_260595134347_rgbf000110-resize,-3.2411602620593465,3.2411602620593465,3.057,18.49880761375764
340061.0,2.5,-1.3708187823431326,1.3708187823431326,002375_2014-06-28_20-13-44_260595134347_rgbf000032-resize,-4.884400745791554,4.884400745791554,4.0175,48.76103649676905
340061.0,2.5,-1.0252976298194434,1.0252976298194434,000788_2014-06-08_22-34-36_260595134347_rgbf000131-resize,-4.225900745791555,4.225900745791555,3.359,21.46386213810664
340061.0,2.5,-1.183497519699314,1.183497519699314,001235_2014-06-17_16-37-36_260595134347_rgbf000084-resize,-4.527400745791555,4.527400745791555,3.6605,14.547706659434104
340061.0,2.5,-0.22354163732713306,0.22354163732713306,000470_2014-06-09_19-42-40_260595134347_rgbf000094-resize,-2.697900745791556,2.697900745791556,1.831,22.486379427626872
340061.0,2.5,-0.15113173748162725,0.15113173748162725,003338_2014-05-20_11-01-23_094959634447_rgbf000051-resize,-2.5599007457915555,2.5599007457915555,1.693,28.251495663089063
340061.0,2.5,-0.20972428928899775,0.20972428928899775,002784_2014-06-22_19-26-30_094959634447_rgbf000083-resize,-2.671567412458255,2.671567412458255,1.8046666666667,3.0422522474895675
340061.0,2.5,-0.15008231864328447,0.15008231864328447,002964_2014-06-08_17-46-11_094959634447_rgbf000091-resize,-2.5579007457915552,2.5579007457915552,1.6909999999999998,28.953812917975768
340061.0,2.5,-1.5757178105291607,1.5757178105291607,002039_2014-06-24_20-22-38_260595134347_rgbf000084-resize,-5.274900745791554,5.274900745791554,4.408,15.524303639345458
340061.0,2.5,-1.4167308565205419,1.4167308565205419,002103_2014-06-25_20-00-40_260595134347_rgbf000049-resize,-4.9719007457915545,4.9719007457915545,4.105,11.598018874569219
340061.0,2.5,-0.7591764249085114,0.7591764249085114,000691_2014-06-08_13-08-50_260595134347_rgbf000132-resize,-4.337160262059347,4.337160262059347,4.1530000000000005,14.740846212587924
340061.0,2.5,-0.08492482127458845,0.08492482127458845,000929_2014-06-09_16-33-19_260595134347_rgbf000139-resize,-3.0521602620593464,3.0521602620593464,2.8680000000000003,19.501338012209015
340061.0,2.5,-1.1774633613788523,1.1774633613788523,000457_2014-06-08_16-52-43_260595134347_rgbf000199-resize,-4.515900745791554,4.515900745791554,3.6489999999999996,14.067279821032837
340061.0,2.5,-1.3529786620913404,1.3529786620913404,003621_2014-05-23_18-06-08_094959634447_rgbf000101-resize,-4.850400745791554,4.850400745791554,3.9835,23.07176470133362
340061.0,2.5,-1.1150229404975722,1.1150229404975722,001584_2014-06-20_11-07-43_260595134347_rgbf000002-resize,-4.396900745791555,4.396900745791555,3.53,17.602834139105468
340061.0,2.5,-0.05213656039813441,0.05213656039813441,002279_2014-06-28_18-55-32_260595134347_rgbf000040-resize,-2.3712340791248554,2.3712340791248554,1.5043333333333,15.963772282558683
340061.0,2.5,-0.7548099242371287,0.7548099242371287,002043_2014-06-24_20-29-38_260595134347_rgbf000039-resize,-3.710400745791556,3.710400745791556,2.8435,8.475049543704081
340061.0,2.5,-0.4145358659051432,0.4145358659051432,002725_2014-06-22_11-47-51_094959634447_rgbf000070-resize,-3.0619007457915552,3.0619007457915552,2.195,3.938570017428758
340061.0,2.5,-0.5373178699910075,0.5373178699910075,001055_2014-06-08_18-45-35_260595134347_rgbf000111-resize,-3.2959007457915552,3.2959007457915552,2.4290000000000003,8.406298609581565
340061.0,2.5,-0.4244118154778099,0.4244118154778099,000736_2014-06-08_18-24-15_260595134347_rgbf000206-resize,-3.699160262059346,3.699160262059346,3.515,33.408170606136416
340061.0,2.5,-0.3101186914902441,0.3101186914902441,002199_2014-06-28_18-33-56_260595134347_rgbf000074-resize,-2.8629007457915554,2.8629007457915554,1.996,17.12852126070164
340061.0,2.5,-0.7767541904507195,0.7767541904507195,000917_2014-06-09_22-45-29_260595134347_rgbf000149-resize,-4.370660262059347,4.370660262059347,4.1865,9.740561609074897
340061.0,2.5,-1.22048953375082,1.22048953375082,002323_2014-06-28_20-01-54_260595134347_rgbf000051-resize,-4.597900745791555,4.597900745791555,3.7310000000000003,18.09172628388976
340061.0,2.5,-0.3276964570324525,0.3276964570324525,002905_2014-06-03_18-04-43_094959634447_rgbf000151-resize,-2.8964007457915555,2.8964007457915555,2.0295,12.020604335789361
340061.0,2.5,-0.9720396237736529,0.9720396237736529,003423_2014-05-21_10-23-26_094959634447_rgbf002665-resize,-4.124400745791555,4.124400745791555,3.2575,35.43119222475438
340061.0,2.5,-0.8515252826824858,0.8515252826824858,000414_2014-06-04_19-49-13_260595134347_rgbf000044-resize,-4.513160262059347,4.513160262059347,4.329,13.241348366125557
340061.0,2.5,-0.4843975145812598,0.4843975145812598,003129_2014-05-12_10-48-10_094959634447_rgbf000100-resize,-4.431919778327137,4.431919778327137,4.9305,17.9074543760639
340061.0,2.5,-0.7337280180787403,0.7337280180787403,001052_2014-06-08_18-24-54_260595134347_rgbf000130-resize,-4.288660262059347,4.288660262059347,4.1045,25.87613690895519
340061.0,2.5,-0.6535410063372491,0.6535410063372491,001214_2014-06-17_16-13-55_260595134347_rgbf000111-resize,-3.517400745791555,3.517400745791555,2.6505,18.479282579459067
340061.0,2.5,-0.03314741409474253,0.03314741409474253,000436_2014-06-09_22-25-11_260595134347_rgbf000137-resize,-3.571919778327137,3.571919778327137,4.0705,20.69156545677159
340061.0,2.5,-1.5657483315649243,1.5657483315649243,002444_2014-06-28_20-32-08_260595134347_rgbf000027-resize,-5.2559007457915525,5.2559007457915525,4.388999999999999,17.102760279009576
340061.0,2.5,-0.8196115375046642,0.8196115375046642,002057_2014-06-24_21-00-13_260595134347_rgbf000120-resize,-3.833900745791556,3.833900745791556,2.967,10.990036854719376
340061.0,2.5,-0.20884977359036305,0.20884977359036305,000709_2014-06-08_13-51-55_260595134347_rgbf000068-resize,-2.669900745791555,2.669900745791555,1.8030000000000002,14.429351101546246
340061.0,2.5,-0.3541007533089792,0.3541007533089792,000758_2014-06-08_22-05-08_260595134347_rgbf000085-resize,-3.5651602620593463,3.5651602620593463,3.3810000000000002,11.91317737826679
340061.0,2.5,-0.87260718884087,0.87260718884087,000854_2014-06-09_19-43-13_260595134347_rgbf000066-resize,-3.934900745791556,3.934900745791556,3.068,11.910827625938722
340061.0,2.5,-0.49796466355323404,0.49796466355323404,001164_2014-06-17_15-35-46_260595134347_rgbf000085-resize,-3.220900745791555,3.220900745791555,2.354,17.325668807481115
340061.0,2.5,-0.2416441122885107,0.2416441122885107,001136_2014-06-17_15-19-41_260595134347_rgbf000076-resize,-2.732400745791555,2.732400745791555,1.8655,18.667799879387072
340061.0,2.5,-0.7303174068541359,0.7303174068541359,000734_2014-06-08_17-39-11_260595134347_rgbf000128-resize,-4.282160262059347,4.282160262059347,4.098,16.052231618370055
340061.0,2.5,-0.7825259940615837,0.7825259940615837,002989_2014-06-15_12-25-03_094959634447_rgbf000150-resize,-4.381660262059347,4.381660262059347,4.1975,27.906783421951957
340061.0,2.5,-0.11964917233140472,0.11964917233140472,001555_2014-06-20_17-12-10_260595134347_rgbf000065-resize,-2.499900745791555,2.499900745791555,1.633,7.608284543781994
340061.0,2.5,-0.3098563367806575,0.3098563367806575,002637_2014-06-24_14-51-13_094959634447_rgbf000066-resize,-2.8624007457915552,2.8624007457915552,1.9955,10.972027795242447
340061.0,2.5,-1.872178632360408,1.872178632360408,000773_2014-06-08_22-24-54_260595134347_rgbf000093-resize,-5.839900745791555,5.839900745791555,4.973,21.45352631724976
340061.0,2.5,-0.8693654029342891,0.8693654029342891,002414_2014-06-28_20-24-58_260595134347_rgbf000067-resize,-4.5471602620593465,4.5471602620593465,4.363,31.720662178139435
340061.0,2.5,-0.5318084210897199,0.5318084210897199,001059_2014-06-08_21-53-27_260595134347_rgbf000061-resize,-3.285400745791555,3.285400745791555,2.4185,8.755513319222857
340061.0,2.5,-0.29716978132899763,0.29716978132899763,001032_2014-06-08_13-23-17_260595134347_rgbf000021-resize,-3.4566602620593465,3.4566602620593465,3.2725,15.984983178828962
340061.0,2.5,-0.4068340499356041,0.4068340499356041,003292_2014-05-14_21-53-49_094959634447_rgbf000100-resize,-3.6656602620593466,3.6656602620593466,3.4815,33.084282711345374
340061.0,2.5,-0.2411946987957867,0.2411946987957867,001570_2014-06-20_17-21-09_260595134347_rgbf000135-resize,-3.968419778327136,3.968419778327136,4.467,22.179510675592084
340061.0,2.5,-1.4324721390956452,1.4324721390956452,001392_2014-06-19_16-07-59_260595134347_rgbf000046-resize,-5.001900745791555,5.001900745791555,4.135,18.95235574822112
340061.0,2.5,-0.24749121182583836,0.24749121182583836,000447_2014-06-08_16-15-46_260595134347_rgbf000130-resize,-3.9804197783271364,3.9804197783271364,4.479,19.081432914605553
340061.0,2.5,-0.7511746062661534,0.7511746062661534,001447_2014-06-19_17-00-32_260595134347_rgbf000082-resize,-4.321910262059347,4.321910262059347,4.13775,46.830399423560245
340061.0,2.5,-1.066487319224321,1.066487319224321,001199_2014-06-17_16-03-48_260595134347_rgbf000077-resize,-4.304400745791555,4.304400745791555,3.4375,28.282249848901696
340061.0,2.5,-0.5383672888293505,0.5383672888293505,000502_2014-06-08_23-02-32_260595134347_rgbf000063-resize,-3.297900745791555,3.297900745791555,2.431,13.897287578908273
340061.0,2.5,-1.4353580409010782,1.4353580409010782,003083_2014-06-15_15-21-03_094959634447_rgbf000063-resize,-5.007400745791554,5.007400745791554,4.1405,19.172834459547143
340061.0,2.5,-0.6955177598708779,0.6955177598708779,001806_2014-06-26_20-50-20_260595134347_rgbf000091-resize,-3.597400745791555,3.597400745791555,2.7305,13.909869710567438
340061.0,2.5,-1.2519720989010459,1.2519720989010459,001617_2014-06-20_11-35-32_260595134347_rgbf000066-resize,-4.657900745791554,4.657900745791554,3.7910000000000004,19.974169961071475
340061.0,2.5,-0.38505860904003775,0.38505860904003775,000493_2014-06-09_21-01-18_260595134347_rgbf000196-resize,-3.6241602620593465,3.6241602620593465,3.44,19.629285382994567
340061.0,2.5,-1.2564321289639944,1.2564321289639944,000191_2014-05-12_17-07-38_260595134347_rgbf000199-resize,-4.666400745791554,4.666400745791554,3.7995,12.340757267219296
340061.0,2.5,-0.7726500444889173,0.7726500444889173,003079_2014-06-15_15-18-20_094959634447_rgbf000152-resize,-3.7444007457915554,3.7444007457915554,2.8775,9.032134209869396
340061.0,2.5,-0.7096849141884718,0.7096849141884718,002600_2014-06-24_14-27-04_094959634447_rgbf000074-resize,-3.6244007457915552,3.6244007457915552,2.7575,44.47386082434929
340061.0,2.5,-0.2954268277534737,0.2954268277534737,003228_2014-05-14_13-42-35_094959634447_rgbf000101-resize,-2.834900745791555,2.834900745791555,1.9680000000000002,14.40337638638131
340061.0,2.5,-0.34212596605963563,0.34212596605963563,002209_2014-06-28_18-36-10_260595134347_rgbf000051-resize,-2.923900745791556,2.923900745791556,2.057,12.962068825921264
340061.0,2.5,-1.1123058640101662,1.1123058640101662,001828_2014-06-26_21-40-03_260595134347_rgbf000024-resize,-5.010160262059347,5.010160262059347,4.8260000000000005,35.55232951340613
340061.0,2.5,-0.7576958260425595,0.7576958260425595,000906_2014-06-08_13-35-43_260595134347_rgbf000155-resize,-3.715900745791555,3.715900745791555,2.8489999999999998,16.12201726422563
340061.0,2.5,-0.9124851046978221,0.9124851046978221,002805_2014-06-22_19-54-03_094959634447_rgbf000079-resize,-4.010900745791555,4.010900745791555,3.1439999999999997,7.377848172936663
340061.0,2.5,-1.3810506160169524,1.3810506160169524,002570_2014-06-24_13-59-54_094959634447_rgbf000059-resize,-4.903900745791555,4.903900745791555,4.037,41.596140375002705
340061.0,2.5,-1.7509707565320556,1.7509707565320556,002467_2014-06-28_20-38-07_260595134347_rgbf000026-resize,-5.608900745791554,5.608900745791554,4.742,15.331046216195933
340061.0,2.5,-0.216364530776764,0.216364530776764,003010_2014-06-15_12-54-35_094959634447_rgbf000112-resize,-3.3026602620593466,3.3026602620593466,3.1185,6.696951333567531
340061.0,2.5,-0.3894251097114232,0.3894251097114232,002663_2014-06-13_15-50-26_094959634447_rgbf000075-resize,-4.2509197783271375,4.2509197783271375,4.7495,16.725954086732166
340061.0,2.5,-0.5604050844345112,0.5604050844345112,001011_2014-06-08_23-18-54_260595134347_rgbf000044-resize,-3.339900745791556,3.339900745791556,2.4730000000000003,11.624075606213012
340061.0,2.5,-0.29516447304388715,0.29516447304388715,002875_2014-06-01_15-19-00_094959634447_rgbf000151-resize,-2.834400745791555,2.834400745791555,1.9675,11.625680938349673
340061.0,2.5,-0.2705031303428831,0.2705031303428831,002545_2014-06-24_13-38-53_094959634447_rgbf000080-resize,-2.7874007457915555,2.7874007457915555,1.9205,12.083824048628237
674659.0,2.5,-0.3605181663967186,0.3605181663967186,001417_2014-06-19_16-25-36_260595134347_rgbf000115-resize,-4.163076802989568,4.163076802989568,4.6255,49.17091269608214
674659.0,2.5,-0.6456536822443971,0.6456536822443971,000682_2014-06-08_23-14-58_260595134347_rgbf000041-resize,-3.5444472793896877,3.5444472793896877,2.7239999999999998,8.707843071693064
674659.0,2.5,-0.4968838774191289,0.4968838774191289,003495_2014-05-21_16-01-51_094959634447_rgbf000100-resize,-2.8735707715230614,2.8735707715230614,1.6255,12.747278812179
674659.0,2.5,-1.3291023852042672,1.3291023852042672,000556_2014-06-09_22-42-56_260595134347_rgbf000214-resize,-5.234323787256313,5.234323787256313,4.8415,23.88242025565649
674659.0,2.5,-0.050659632988060865,0.050659632988060865,000665_2014-06-09_20-42-35_260595134347_rgbf000110-resize,-3.107724993549616,3.107724993549616,3.057,18.49880761375764
674659.0,2.5,-0.8967418238078918,0.8967418238078918,002375_2014-06-28_20-13-44_260595134347_rgbf000032-resize,-4.4103237872563135,4.4103237872563135,4.0175,48.76103649676905
674659.0,2.5,-0.3707206310895973,0.3707206310895973,002568_2014-06-24_13-59-21_094959634447_rgbf000062-resize,-3.4078237872563144,3.4078237872563144,3.015,29.63840999388049
674659.0,2.5,-1.40646765555095,1.40646765555095,000788_2014-06-08_22-34-36_260595134347_rgbf000131-resize,-4.607070771523062,4.607070771523062,3.359,21.46386213810664
674659.0,2.5,-0.14643672337520736,0.14643672337520736,001094_2014-06-15_17-36-00_260595134347_rgbf000205-resize,-3.755076802989568,3.755076802989568,4.2175,17.196771274488466
674659.0,2.5,-0.7823111169573373,0.7823111169573373,000109_2014-05-14_23-41-52_260595134347_rgbf000035-resize,-3.030194263656435,3.030194263656435,1.3545,6.620498200896815
674659.0,2.5,-0.5908943150205043,0.5908943150205043,002784_2014-06-22_19-26-30_094959634447_rgbf000083-resize,-3.0527374381897614,3.0527374381897614,1.8046666666667,3.0422522474895675
674659.0,2.5,-0.674017359860547,0.674017359860547,002039_2014-06-24_20-22-38_260595134347_rgbf000084-resize,-4.373200295122942,4.373200295122942,4.408,15.524303639345458
674659.0,2.5,-0.9426538979853012,0.9426538979853012,002103_2014-06-25_20-00-40_260595134347_rgbf000049-resize,-4.497823787256316,4.497823787256316,4.105,11.598018874569219
674659.0,2.5,-0.4546917595454318,0.4546917595454318,000691_2014-06-08_13-08-50_260595134347_rgbf000132-resize,-4.032675596696267,4.032675596696267,4.1530000000000005,14.740846212587924
674659.0,2.5,-0.7212118386049305,0.7212118386049305,000929_2014-06-09_16-33-19_260595134347_rgbf000139-resize,-3.688447279389688,3.688447279389688,2.8680000000000003,19.501338012209015
674659.0,2.5,-0.4512782114227265,0.4512782114227265,003621_2014-05-23_18-06-08_094959634447_rgbf000101-resize,-3.9487002951229413,3.9487002951229413,3.9835,23.07176470133362
674659.0,2.5,-0.21332248982895827,0.21332248982895827,001584_2014-06-20_11-07-43_260595134347_rgbf000002-resize,-3.4952002951229413,3.4952002951229413,3.53,17.602834139105468
674659.0,2.5,-0.005683093996267319,0.005683093996267319,002279_2014-06-28_18-55-32_260595134347_rgbf000040-resize,-2.3247806127229884,2.3247806127229884,1.5043333333333,15.963772282558683
674659.0,2.5,-0.2807329657018879,0.2807329657018879,002043_2014-06-24_20-29-38_260595134347_rgbf000039-resize,-3.2363237872563144,3.2363237872563144,2.8435,8.475049543704081
674659.0,2.5,-0.6099587572503461,0.6099587572503461,000549_2014-06-08_22-10-24_260595134347_rgbf000247-resize,-3.089070771523062,3.089070771523062,1.841,30.99307977870557
674659.0,2.5,-1.4883223249415256,1.4883223249415256,000736_2014-06-08_18-24-15_260595134347_rgbf000206-resize,-4.763070771523061,4.763070771523061,3.515,33.408170606136416
674659.0,2.5,-0.4331727995632499,0.4331727995632499,000137_2014-05-20_17-04-49_260595134347_rgbf000120-resize,-3.836724993549616,3.836724993549616,3.786,14.89611111351161
674659.0,2.5,-0.3006719236303611,0.3006719236303611,000642_2014-06-08_16-59-25_260595134347_rgbf000098-resize,-3.2743237872563142,3.2743237872563142,2.8815,31.36214301237791
674659.0,2.5,-0.8329896293786897,0.8329896293786897,002425_2014-06-28_20-27-29_260595134347_rgbf000031-resize,-4.288823787256314,4.288823787256314,3.8960000000000004,8.40495801096819
674659.0,2.5,-0.18576056083205286,0.18576056083205286,001056_2014-06-08_18-46-44_260595134347_rgbf000068-resize,-3.0553237872563144,3.0553237872563144,2.6625,11.38594592369452
674659.0,2.5,-0.6912887172217506,0.6912887172217506,002199_2014-06-28_18-33-56_260595134347_rgbf000074-resize,-3.2440707715230617,3.2440707715230617,1.996,17.12852126070164
674659.0,2.5,-0.6433189219409889,0.6433189219409889,000917_2014-06-09_22-45-29_260595134347_rgbf000149-resize,-4.237224993549615,4.237224993549615,4.1865,9.740561609074897
674659.0,2.5,-0.9174619720689288,0.9174619720689288,002323_2014-06-28_20-01-54_260595134347_rgbf000051-resize,-4.2948731841096635,4.2948731841096635,3.7310000000000003,18.09172628388976
674659.0,2.5,-0.28124299063058544,0.28124299063058544,002905_2014-06-03_18-04-43_094959634447_rgbf000151-resize,-2.8499472793896876,2.8499472793896876,2.0295,12.020604335789361
674659.0,2.5,-0.4979626652384122,0.4979626652384122,003423_2014-05-21_10-23-26_094959634447_rgbf002665-resize,-3.650323787256314,3.650323787256314,3.2575,35.43119222475438
674659.0,2.5,-0.9481780313770642,0.9481780313770642,003129_2014-05-12_10-48-10_094959634447_rgbf000100-resize,-4.895700295122941,4.895700295122941,4.9305,17.9074543760639
674659.0,2.5,-0.9423915432757088,0.9423915432757088,001052_2014-06-08_18-24-54_260595134347_rgbf000130-resize,-4.497323787256313,4.497323787256313,4.1045,25.87613690895519
674659.0,2.5,-0.4239492681544536,0.4239492681544536,000810_2014-06-08_17-20-01_260595134347_rgbf000105-resize,-2.7345707715230616,2.7345707715230616,1.4865,3.0958890116960642
674659.0,2.5,-0.6070875399353821,0.6070875399353821,001214_2014-06-17_16-13-55_260595134347_rgbf000111-resize,-3.4709472793896876,3.4709472793896876,2.6505,18.479282579459067
674659.0,2.5,-0.6199282362145851,0.6199282362145851,001571_2014-06-20_17-21-32_260595134347_rgbf000089-resize,-3.108070771523062,3.108070771523062,1.86,4.991960350191473
674659.0,2.5,-0.38413009025938305,0.38413009025938305,002748_2014-06-22_19-07-22_094959634447_rgbf000078-resize,-4.2080768029895665,4.2080768029895665,4.6705,35.71435075733748
674659.0,2.5,-0.3738835720951014,0.3738835720951014,002995_2014-06-15_12-31-26_094959634447_rgbf000150-resize,-3.8012002951229413,3.8012002951229413,3.8360000000000003,27.231594395483473
674659.0,2.5,-0.4114032324638721,0.4114032324638721,000436_2014-06-09_22-25-11_260595134347_rgbf000137-resize,-3.9501755966962655,3.9501755966962655,4.0705,20.69156545677159
674659.0,2.5,-0.4074737856162863,0.4074737856162863,002444_2014-06-28_20-32-08_260595134347_rgbf000027-resize,-4.097626199842916,4.097626199842916,4.388999999999999,17.102760279009576
674659.0,2.5,-1.426158943260314,1.426158943260314,001133_2014-06-17_14-49-16_260595134347_rgbf000100-resize,-5.031947279389688,5.031947279389688,4.2115,26.759918254713728
674659.0,2.5,-0.7597779809139577,0.7597779809139577,003070_2014-06-15_14-58-27_094959634447_rgbf000150-resize,-3.761947279389688,3.761947279389688,2.9415,10.664823740812926
674659.0,2.5,-0.22066548479924866,0.22066548479924866,000758_2014-06-08_22-05-08_260595134347_rgbf000085-resize,-3.4317249935496155,3.4317249935496155,3.3810000000000002,11.91317737826679
674659.0,2.5,-0.8261537224390029,0.8261537224390029,000854_2014-06-09_19-43-13_260595134347_rgbf000066-resize,-3.8884472793896876,3.8884472793896876,3.068,11.910827625938722
674659.0,2.5,-0.5307423194460897,0.5307423194460897,002153_2014-06-25_21-27-18_260595134347_rgbf000038-resize,-3.325447279389688,3.325447279389688,2.505,17.28886317575377
674659.0,2.5,-1.0927061073775537,1.0927061073775537,002660_2014-06-13_15-44-18_094959634447_rgbf001878-resize,-4.3964472793896885,4.3964472793896885,3.576,15.11997681444361
674659.0,2.5,-0.21542132750564444,0.21542132750564444,000739_2014-06-08_18-45-58_260595134347_rgbf000068-resize,-3.4992002951229413,3.4992002951229413,3.534,8.164356963721069
674659.0,2.5,-0.08373394778435732,0.08373394778435732,000734_2014-06-08_17-39-11_260595134347_rgbf000128-resize,-3.6355768029895668,3.6355768029895668,4.098,16.052231618370055
674659.0,2.5,-0.03307011985347763,0.03307011985347763,000522_2014-06-08_13-35-06_260595134347_rgbf000244-resize,-2.7643237872563144,2.7643237872563144,2.3715,25.742609854068213
674659.0,2.5,-0.20883309078507573,0.20883309078507573,002949_2014-06-26_15-57-42_094959634447_rgbf000079-resize,-2.7119472793896877,2.7119472793896877,1.8915,17.99500168321199
674659.0,2.5,-0.4759248696332642,0.4759248696332642,000866_2014-06-09_20-45-42_260595134347_rgbf000139-resize,-3.6083237872563134,3.6083237872563134,3.2155,8.082259189449621
674659.0,2.5,-1.0139673886229592,1.0139673886229592,001555_2014-06-20_17-12-10_260595134347_rgbf000065-resize,-3.3942189620831096,3.3942189620831096,1.633,7.608284543781994
674659.0,2.5,-1.2474513325613892,1.2474513325613892,003534_2014-05-22_15-06-10_094959634447_rgbf000102-resize,-3.5293177557898083,3.5293177557898083,1.426,12.376994007247625
674659.0,2.5,-1.3981016738251668,1.3981016738251668,000773_2014-06-08_22-24-54_260595134347_rgbf000093-resize,-5.365823787256313,5.365823787256313,4.973,21.45352631724976
674659.0,2.5,-0.22878085940782897,0.22878085940782897,001059_2014-06-08_21-53-27_260595134347_rgbf000061-resize,-2.9823731841096635,2.9823731841096635,2.4185,8.755513319222857
674659.0,2.5,-1.6176543860727373,1.6176543860727373,001032_2014-06-08_13-23-17_260595134347_rgbf000021-resize,-4.777144866803086,4.777144866803086,3.2725,15.984983178828962
674659.0,2.5,-0.6154975751325725,0.6154975751325725,003292_2014-05-14_21-53-49_094959634447_rgbf000100-resize,-3.8743237872563134,3.8743237872563134,3.4815,33.084282711345374
674659.0,2.5,-0.9072360121913032,0.9072360121913032,002639_2014-06-24_14-51-37_094959634447_rgbf000074-resize,-4.430323787256314,4.430323787256314,4.0375,16.521406794569987
674659.0,2.5,-1.1325987077249642,1.1325987077249642,001570_2014-06-20_17-21-09_260595134347_rgbf000135-resize,-4.859823787256314,4.859823787256314,4.467,22.179510675592084
674659.0,2.5,-1.1388952207550158,1.1388952207550158,000447_2014-06-08_16-15-46_260595134347_rgbf000130-resize,-4.8718237872563135,4.8718237872563135,4.479,19.081432914605553
674659.0,2.5,-0.1045911471963748,0.1045911471963748,001447_2014-06-19_17-00-32_260595134347_rgbf000082-resize,-3.675326802989567,3.675326802989567,4.13775,46.830399423560245
674659.0,2.5,-0.3639287776213243,0.3639287776213243,000742_2014-06-08_18-48-09_260595134347_rgbf000164-resize,-4.169576802989568,4.169576802989568,4.632,18.91549953899407
674659.0,2.5,-0.9846012825379858,0.9846012825379858,002758_2014-06-22_19-11-20_094959634447_rgbf000128-resize,-3.803070771523062,3.803070771523062,2.555,7.204478276142114
674659.0,2.5,-0.4919138224274834,0.4919138224274834,000502_2014-06-08_23-02-32_260595134347_rgbf000063-resize,-3.2514472793896876,3.2514472793896876,2.431,13.897287578908273
674659.0,2.5,-0.5937221342370061,0.5937221342370061,000493_2014-06-09_21-01-18_260595134347_rgbf000196-resize,-3.832823787256314,3.832823787256314,3.44,19.629285382994567
674659.0,2.5,-0.06300792572712327,0.06300792572712327,000506_2014-06-08_23-21-00_260595134347_rgbf000070-resize,-3.596076802989568,3.596076802989568,4.0585,16.716212007621664
674659.0,2.5,-0.17239515513367684,0.17239515513367684,001449_2014-06-19_17-01-27_260595134347_rgbf000116-resize,-3.417200295122941,3.417200295122941,3.452,8.994872108877228
674659.0,2.5,-0.6632314477866047,0.6632314477866047,002600_2014-06-24_14-27-04_094959634447_rgbf000074-resize,-3.577947279389688,3.577947279389688,2.7575,44.47386082434929
674659.0,2.5,-0.42002275820495616,0.42002275820495616,003228_2014-05-14_13-42-35_094959634447_rgbf000101-resize,-2.9594966762430377,2.9594966762430377,1.9680000000000002,14.40337638638131
674659.0,2.5,-1.3760198247485982,1.3760198247485982,000368_2014-06-09_15-53-01_260595134347_rgbf000155-resize,-4.161694263656435,4.161694263656435,2.4859999999999998,21.090700959072958
674659.0,2.5,-0.2836188675073187,0.2836188675073187,000906_2014-06-08_13-35-43_260595134347_rgbf000155-resize,-3.2418237872563145,3.2418237872563145,2.8489999999999998,16.12201726422563
674659.0,2.5,-0.010784654029207995,0.010784654029207995,002805_2014-06-22_19-54-03_094959634447_rgbf000079-resize,-3.109200295122941,3.109200295122941,3.1439999999999997,7.377848172936663
674659.0,2.5,-2.1898441338818317,2.1898441338818317,002570_2014-06-24_13-59-54_094959634447_rgbf000059-resize,-5.7126942636564335,5.7126942636564335,4.037,41.596140375002705
674659.0,2.5,-0.4216468137300678,0.4216468137300678,002467_2014-06-28_20-38-07_260595134347_rgbf000026-resize,-4.279576802989568,4.279576802989568,4.742,15.331046216195933
674659.0,2.5,-1.1097797217872514,1.1097797217872514,002663_2014-06-13_15-50-26_094959634447_rgbf000075-resize,-4.971274390402965,4.971274390402965,4.7495,16.725954086732166
674659.0,2.5,-1.1753478408968818,1.1753478408968818,000409_2014-06-04_19-23-33_260595134347_rgbf000067-resize,-4.553947279389688,4.553947279389688,3.7335,12.696549983566419
674659.0,2.5,-1.0572735370930724,1.0572735370930724,001092_2014-06-15_17-34-58_260595134347_rgbf000171-resize,-3.9415707715230615,3.9415707715230615,2.6935,9.164038324933468
339164.0,2.5,-0.04321318776761485,0.04321318776761485,001516_2014-06-20_16-25-09_260595134347_rgbf000076-resize,-2.4764596609902743,2.4764596609902743,1.7445,3.8622659094666254
339164.0,2.5,-0.5571660638449831,0.5571660638449831,000682_2014-06-08_23-14-58_260595134347_rgbf000041-resize,-3.455959660990274,3.455959660990274,2.7239999999999998,8.707843071693064
339164.0,2.5,-0.3681802647064223,0.3681802647064223,001650_2014-06-20_12-09-00_260595134347_rgbf000087-resize,-2.8993365975799845,2.8993365975799845,1.9505,47.6804595860539
339164.0,2.5,-0.19764970347605204,0.19764970347605204,003495_2014-05-21_16-01-51_094959634447_rgbf000100-resize,-2.574336597579985,2.574336597579985,1.6255,12.747278812179
339164.0,2.5,-1.0718244658159994,1.0718244658159994,001158_2014-06-17_15-32-16_260595134347_rgbf000138-resize,-4.829705787810854,4.829705787810854,4.5315,26.954451973303737
339164.0,2.5,-2.1112560851882565,2.1112560851882565,001150_2014-06-17_15-27-34_260595134347_rgbf000108-resize,-5.6319674073491175,5.6319674073491175,4.0325,11.088139074292139
339164.0,2.5,-0.4065788955441532,0.4065788955441532,000665_2014-06-09_20-42-35_260595134347_rgbf000110-resize,-3.463644256105708,3.463644256105708,3.057,18.49880761375764
339164.0,2.5,-0.709856504823557,0.709856504823557,002568_2014-06-24_13-59-21_094959634447_rgbf000062-resize,-3.7469596609902736,3.7469596609902736,3.015,29.63840999388049
339164.0,2.5,-0.7232410300134666,0.7232410300134666,001235_2014-06-17_16-37-36_260595134347_rgbf000084-resize,-4.067144256105708,4.067144256105708,3.6605,14.547706659434104
339164.0,2.5,-0.7235033847230474,0.7235033847230474,000692_2014-06-08_13-09-42_260595134347_rgbf000199-resize,-4.067644256105708,4.067644256105708,3.661,54.80046590295557
339164.0,2.5,-0.3054774891155627,0.3054774891155627,000470_2014-06-09_19-42-40_260595134347_rgbf000094-resize,-2.7798365975799846,2.7798365975799846,1.831,22.486379427626872
339164.0,2.5,-0.27233038747059823,0.27233038747059823,000109_2014-05-14_23-41-52_260595134347_rgbf000035-resize,-2.5202135341696956,2.5202135341696956,1.3545,6.620498200896815
339164.0,2.5,-0.2330675892700569,0.2330675892700569,003338_2014-05-20_11-01-23_094959634447_rgbf000051-resize,-2.641836597579985,2.641836597579985,1.693,28.251495663089063
339164.0,2.5,-0.5085370776671384,0.5085370776671384,002784_2014-06-22_19-26-30_094959634447_rgbf000083-resize,-2.9703802008363964,2.9703802008363964,1.8046666666667,3.0422522474895675
339164.0,2.5,-0.9538375147356666,0.9538375147356666,001100_2014-06-15_17-46-26_260595134347_rgbf000225-resize,-3.622590470759407,3.622590470759407,2.24,9.548860596737413
339164.0,2.5,-0.211554503084066,0.211554503084066,000469_2014-06-09_19-42-10_260595134347_rgbf000081-resize,-2.6008365975799848,2.6008365975799848,1.652,25.13136208408983
339164.0,2.5,-0.3715908759310271,0.3715908759310271,002136_2014-06-25_21-18-03_260595134347_rgbf000109-resize,-2.9058365975799845,2.9058365975799845,1.9569999999999999,13.297078442475444
339164.0,2.5,-1.6576536623175906,1.6576536623175906,002039_2014-06-24_20-22-38_260595134347_rgbf000084-resize,-5.356836597579985,5.356836597579985,4.408,15.524303639345458
339164.0,2.5,-1.281789771719261,1.281789771719261,002103_2014-06-25_20-00-40_260595134347_rgbf000049-resize,-4.836959660990273,4.836959660990273,4.105,11.598018874569219
339164.0,2.5,-0.9816604189548732,0.9816604189548732,000691_2014-06-08_13-08-50_260595134347_rgbf000132-resize,-4.559644256105709,4.559644256105709,4.1530000000000005,14.740846212587924
339164.0,2.5,-0.3074088153209503,0.3074088153209503,000929_2014-06-09_16-33-19_260595134347_rgbf000139-resize,-3.274644256105708,3.274644256105708,2.8680000000000003,19.501338012209015
339164.0,2.5,-0.3918914668084389,0.3918914668084389,000457_2014-06-08_16-52-43_260595134347_rgbf000199-resize,-3.7303288512211417,3.7303288512211417,3.6489999999999996,14.067279821032837
339164.0,2.5,-0.7148456793067357,0.7148456793067357,003490_2014-05-21_15-50-11_094959634447_rgbf000101-resize,-4.051144256105708,4.051144256105708,3.6445,19.999457360175192
339164.0,2.5,-0.5414203462688211,0.5414203462688211,000635_2014-06-08_16-38-42_260595134347_rgbf000106-resize,-3.1312750658748403,3.1312750658748403,2.074,10.796976226722654
339164.0,2.5,-0.0627178445141513,0.0627178445141513,002725_2014-06-22_11-47-51_094959634447_rgbf000070-resize,-2.7100827244005634,2.7100827244005634,2.195,3.938570017428758
339164.0,2.5,-0.2819515384890721,0.2819515384890721,002344_2014-06-28_20-06-29_260595134347_rgbf000030-resize,-2.63677506587484,2.63677506587484,1.5795,37.33165518125916
339164.0,2.5,-0.07706138030516012,0.07706138030516012,001055_2014-06-08_18-45-35_260595134347_rgbf000111-resize,-2.835644256105708,2.835644256105708,2.4290000000000003,8.406298609581565
339164.0,2.5,-0.0938476467175584,0.0938476467175584,000549_2014-06-08_22-10-24_260595134347_rgbf000247-resize,-2.572959660990274,2.572959660990274,1.841,30.99307977870557
339164.0,2.5,-0.9722112144087379,0.9722112144087379,000736_2014-06-08_18-24-15_260595134347_rgbf000206-resize,-4.2469596609902736,4.2469596609902736,3.515,33.408170606136416
339164.0,2.5,-0.3144923924797545,0.3144923924797545,000642_2014-06-08_16-59-25_260595134347_rgbf000098-resize,-3.288144256105708,3.288144256105708,2.8815,31.36214301237791
339164.0,2.5,-0.8468100982280831,0.8468100982280831,002425_2014-06-28_20-27-29_260595134347_rgbf000031-resize,-4.302644256105708,4.302644256105708,3.8960000000000004,8.40495801096819
339164.0,2.5,-0.9992381844970812,0.9992381844970812,000917_2014-06-09_22-45-29_260595134347_rgbf000149-resize,-4.593144256105708,4.593144256105708,4.1865,9.740561609074897
339164.0,2.5,-0.3754357883375712,0.3754357883375712,002953_2014-06-08_17-32-18_094959634447_rgbf000059-resize,-2.7167135341696955,2.7167135341696955,1.551,13.905027931093345
339164.0,2.5,-0.4096323088208822,0.4096323088208822,002905_2014-06-03_18-04-43_094959634447_rgbf000151-resize,-2.9783365975799847,2.9783365975799847,2.0295,12.020604335789361
339164.0,2.5,-0.5117831340878056,0.5117831340878056,003423_2014-05-21_10-23-26_094959634447_rgbf002665-resize,-3.664144256105708,3.664144256105708,3.2575,35.43119222475438
339164.0,2.5,-0.9558681191804091,0.9558681191804091,003129_2014-05-12_10-48-10_094959634447_rgbf000100-resize,-4.903390382926286,4.903390382926286,4.9305,17.9074543760639
339164.0,2.5,-0.7616396608511995,0.7616396608511995,002988_2014-06-15_12-24-20_094959634447_rgbf000150-resize,-4.631451914631432,4.631451914631432,4.7669999999999995,14.460306569198616
339164.0,2.5,-0.016276625916521348,0.016276625916521348,000810_2014-06-08_17-20-01_260595134347_rgbf000105-resize,-2.326898129285129,2.326898129285129,1.4865,3.0958890116960642
339164.0,2.5,-0.7354768581256788,0.7354768581256788,001214_2014-06-17_16-13-55_260595134347_rgbf000111-resize,-3.5993365975799847,3.5993365975799847,2.6505,18.479282579459067
339164.0,2.5,-0.15873079822021552,0.15873079822021552,002272_2014-06-28_18-53-56_260595134347_rgbf000067-resize,-2.303713534169696,2.303713534169696,1.138,10.409245808146235
339164.0,2.5,-0.10381712568179756,0.10381712568179756,001571_2014-06-20_17-21-32_260595134347_rgbf000089-resize,-2.5919596609902738,2.5919596609902738,1.86,4.991960350191473
339164.0,2.5,-0.20866860127863351,0.20866860127863351,002788_2014-06-22_19-36-03_094959634447_rgbf000088-resize,-2.595336597579985,2.595336597579985,1.6465,21.7158464010581
339164.0,2.5,-0.0562582550138801,0.0562582550138801,002995_2014-06-15_12-31-26_094959634447_rgbf000150-resize,-3.48357497804172,3.48357497804172,3.8360000000000003,27.231594395483473
339164.0,2.5,-1.2636872967578798,1.2636872967578798,000436_2014-06-09_22-25-11_260595134347_rgbf000137-resize,-4.802459660990273,4.802459660990273,4.0705,20.69156545677159
339164.0,2.5,-1.647684183353354,1.647684183353354,002444_2014-06-28_20-32-08_260595134347_rgbf000027-resize,-5.337836597579983,5.337836597579983,4.388999999999999,17.102760279009576
339164.0,2.5,-0.9545430406292996,0.9545430406292996,000854_2014-06-09_19-43-13_260595134347_rgbf000066-resize,-4.016836597579984,4.016836597579984,3.068,11.910827625938722
339164.0,2.5,-0.13671074261929644,0.13671074261929644,002660_2014-06-13_15-44-18_094959634447_rgbf001878-resize,-3.440451914631431,3.440451914631431,3.576,15.11997681444361
339164.0,2.5,-1.1990576299626878,1.1990576299626878,000739_2014-06-08_18-45-58_260595134347_rgbf000068-resize,-4.4828365975799835,4.4828365975799835,3.534,8.164356963721069
339164.0,2.5,-1.278116805785064,1.278116805785064,000734_2014-06-08_17-39-11_260595134347_rgbf000128-resize,-4.829959660990274,4.829959660990274,4.098,16.052231618370055
339164.0,2.5,-0.5890829301771481,0.5890829301771481,000522_2014-06-08_13-35-06_260595134347_rgbf000244-resize,-3.320336597579985,3.320336597579985,2.3715,25.742609854068213
339164.0,2.5,-0.7437773655941117,0.7437773655941117,001555_2014-06-20_17-12-10_260595134347_rgbf000065-resize,-3.1240289390542615,3.1240289390542615,1.633,7.608284543781994
339164.0,2.5,-1.4119221426745605,1.4119221426745605,000773_2014-06-08_22-24-54_260595134347_rgbf000093-resize,-5.379644256105708,5.379644256105708,4.973,21.45352631724976
339164.0,2.5,-0.33278011891666304,0.33278011891666304,002414_2014-06-28_20-24-58_260595134347_rgbf000067-resize,-4.010574978041721,4.010574978041721,4.363,31.720662178139435
339164.0,2.5,-0.6293180439819659,0.6293180439819659,003292_2014-05-14_21-53-49_094959634447_rgbf000100-resize,-3.888144256105708,3.888144256105708,3.4815,33.084282711345374
339164.0,2.5,-1.4632488225149738,1.4632488225149738,002639_2014-06-24_14-51-37_094959634447_rgbf000074-resize,-4.986336597579983,4.986336597579983,4.0375,16.521406794569987
339164.0,2.5,-0.4300233079355208,0.4300233079355208,001392_2014-06-19_16-07-59_260595134347_rgbf000046-resize,-3.999451914631431,3.999451914631431,4.135,18.95235574822112
339164.0,2.5,-0.6105233481301322,0.6105233481301322,000447_2014-06-08_16-15-46_260595134347_rgbf000130-resize,-4.343451914631431,4.343451914631431,4.479,19.081432914605553
339164.0,2.5,-0.21458932224852728,0.21458932224852728,001447_2014-06-19_17-00-32_260595134347_rgbf000082-resize,-3.7853249780417193,3.7853249780417193,4.13775,46.830399423560245
339164.0,2.5,-1.5658295139627698,1.5658295139627698,001066_2014-06-08_22-03-20_260595134347_rgbf000066-resize,-5.181836597579985,5.181836597579985,4.2330000000000005,19.743449467077777
339164.0,2.5,-0.9076808258528984,0.9076808258528984,000742_2014-06-08_18-48-09_260595134347_rgbf000164-resize,-4.713328851221142,4.713328851221142,4.632,18.91549953899407
339164.0,2.5,-0.3816551981335599,0.3816551981335599,002630_2014-06-24_14-47-50_094959634447_rgbf000055-resize,-3.416144256105708,3.416144256105708,3.0095,10.661401196716628
339164.0,2.5,-0.90224404518462,0.90224404518462,002758_2014-06-22_19-11-20_094959634447_rgbf000128-resize,-3.7207135341696964,3.7207135341696964,2.555,7.204478276142114
339164.0,2.5,-0.4034262040280694,0.4034262040280694,000502_2014-06-08_23-02-32_260595134347_rgbf000063-resize,-3.162959660990274,3.162959660990274,2.431,13.897287578908273
339164.0,2.5,-0.06535026161212247,0.06535026161212247,000493_2014-06-09_21-01-18_260595134347_rgbf000196-resize,-3.3044519146314313,3.3044519146314313,3.44,19.629285382994567
339164.0,2.5,-0.10696981719787108,0.10696981719787108,000368_2014-06-09_15-53-01_260595134347_rgbf000155-resize,-2.892644256105708,2.892644256105708,2.4859999999999998,21.090700959072958
339164.0,2.5,-0.4450909637324406,0.4450909637324406,002763_2014-06-22_19-13-10_094959634447_rgbf000075-resize,-2.8494635341696966,2.8494635341696966,1.68375,5.5919783591245595
339164.0,2.5,-0.4240618178480653,0.4240618178480653,002209_2014-06-28_18-36-10_260595134347_rgbf000051-resize,-3.0058365975799846,3.0058365975799846,2.057,12.962068825921264
339164.0,2.5,-0.07488543939442642,0.07488543939442642,000009_2014-05-26_14-32-05_260595134347_rgbf000034-resize,-3.5190749780417203,3.5190749780417203,3.8715,34.796526826055185
339164.0,2.5,-0.2504051751079738,0.2504051751079738,001828_2014-06-26_21-40-03_260595134347_rgbf000024-resize,-4.148259573157154,4.148259573157154,4.8260000000000005,35.55232951340613
339164.0,2.5,-0.4522286150119746,0.4522286150119746,002805_2014-06-22_19-54-03_094959634447_rgbf000079-resize,-3.550644256105708,3.550644256105708,3.1439999999999997,7.377848172936663
339164.0,2.5,-0.5954787214465388,0.5954787214465388,002570_2014-06-24_13-59-54_094959634447_rgbf000059-resize,-4.118328851221142,4.118328851221142,4.037,41.596140375002705
339164.0,2.5,-0.5316449887822203,0.5316449887822203,002467_2014-06-28_20-38-07_260595134347_rgbf000026-resize,-4.38957497804172,4.38957497804172,4.742,15.331046216195933
339164.0,2.5,-1.6199649923745605,1.6199649923745605,002663_2014-06-13_15-50-26_094959634447_rgbf000075-resize,-5.481459660990274,5.481459660990274,4.7495,16.725954086732166
339164.0,2.5,-1.3037371590871785,1.3037371590871785,000409_2014-06-04_19-23-33_260595134347_rgbf000067-resize,-4.682336597579985,4.682336597579985,3.7335,12.696549983566419
339164.0,2.5,-0.5411624265602848,0.5411624265602848,001092_2014-06-15_17-34-58_260595134347_rgbf000171-resize,-3.425459660990274,3.425459660990274,2.6935,9.164038324933468
339164.0,2.5,-0.31570932278938857,0.31570932278938857,001167_2014-06-17_15-38-07_260595134347_rgbf000108-resize,-2.799336597579985,2.799336597579985,1.8505,12.019050657019696
325753.0,2.5,-0.1842156979711012,0.1842156979711012,001815_2014-06-26_20-52-55_260595134347_rgbf000020-resize,-3.39788930491602,3.39788930491602,3.3865,18.626322656731816
325753.0,2.5,-0.6098797296514585,0.6098797296514585,001029_2014-06-08_13-17-57_260595134347_rgbf000065-resize,-3.6795402906049985,3.6795402906049985,3.0835,18.209734661918688
325753.0,2.5,-0.6629212683131254,0.6629212683131254,000677_2014-06-08_23-10-32_260595134347_rgbf000158-resize,-3.957156628708673,3.957156628708673,3.556,19.65196273325612
325753.0,2.5,-0.6550965143510398,0.6550965143510398,003081_2014-06-15_15-19-16_094959634447_rgbf000150-resize,-4.1187729668123465,4.1187729668123465,3.9125,16.632991649560594
325753.0,2.5,-0.2102676196277633,0.2102676196277633,001650_2014-06-20_12-09-00_260595134347_rgbf000087-resize,-2.7414239525013264,2.7414239525013264,1.9505,47.6804595860539
325753.0,2.5,-0.2585408861914367,0.2585408861914367,001244_2014-06-17_16-47-45_260595134347_rgbf000030-resize,-2.8334239525013256,2.8334239525013256,2.0425,6.7629638807870815
325753.0,2.5,-0.2346207202937196,0.2346207202937196,003495_2014-05-21_16-01-51_094959634447_rgbf000100-resize,-2.6113076143976524,2.6113076143976524,1.6255,12.747278812179
325753.0,2.5,-0.16813325527866652,0.16813325527866652,000556_2014-06-09_22-42-56_260595134347_rgbf000214-resize,-4.073354657330714,4.073354657330714,4.8415,23.88242025565649
325753.0,2.5,-1.3027126303404652,1.3027126303404652,001150_2014-06-17_15-27-34_260595134347_rgbf000108-resize,-4.823423952501326,4.823423952501326,4.0325,11.088139074292139
325753.0,2.5,-0.9050746652602504,0.9050746652602504,002375_2014-06-28_20-13-44_260595134347_rgbf000032-resize,-4.418656628708673,4.418656628708673,4.0175,48.76103649676905
325753.0,2.5,-0.3646698508402345,0.3646698508402345,000788_2014-06-08_22-34-36_260595134347_rgbf000131-resize,-3.5652729668123464,3.5652729668123464,3.359,21.46386213810664
325753.0,2.5,-0.13310241692745226,0.13310241692745226,001235_2014-06-17_16-37-36_260595134347_rgbf000084-resize,-3.4770056430196936,3.4770056430196936,3.6605,14.547706659434104
325753.0,2.5,-0.5718841840870663,0.5718841840870663,000780_2014-06-08_22-28-29_260595134347_rgbf000126-resize,-3.7836566287086733,3.7836566287086733,3.3825,14.165390776882042
325753.0,2.5,-0.3424485059332303,0.3424485059332303,000470_2014-06-09_19-42-40_260595134347_rgbf000094-resize,-2.8168076143976526,2.8168076143976526,1.831,22.486379427626872
325753.0,2.5,-0.2873081295948812,0.2873081295948812,000109_2014-05-14_23-41-52_260595134347_rgbf000035-resize,-2.535191276293979,2.535191276293979,1.3545,6.620498200896815
325753.0,2.5,-0.06723841557837673,0.06723841557837673,002509_2014-06-24_13-19-22_094959634447_rgbf000077-resize,-2.2923076143976524,2.2923076143976524,1.3065,40.21868783296904
325753.0,2.5,-0.4649222679840508,0.4649222679840508,003338_2014-05-20_11-01-23_094959634447_rgbf000051-resize,-2.873691276293979,2.873691276293979,1.693,28.251495663089063
325753.0,2.5,-0.13374749599876845,0.13374749599876845,002784_2014-06-22_19-26-30_094959634447_rgbf000083-resize,-2.595590619168026,2.595590619168026,1.8046666666667,3.0422522474895675
325753.0,2.5,-0.9468219821665652,0.9468219821665652,001100_2014-06-15_17-46-26_260595134347_rgbf000225-resize,-3.6155749381903055,3.6155749381903055,2.24,9.548860596737413
325753.0,2.5,-0.4434091817980599,0.4434091817980599,000469_2014-06-09_19-42-10_260595134347_rgbf000081-resize,-2.8326912762939784,2.8326912762939784,1.652,25.13136208408983
325753.0,2.5,-0.2781257147593977,0.2781257147593977,000483_2014-06-09_20-41-45_260595134347_rgbf000116-resize,-2.517691276293979,2.517691276293979,1.337,29.232414989368262
325753.0,2.5,-0.463872849145708,0.463872849145708,002964_2014-06-08_17-46-11_094959634447_rgbf000091-resize,-2.8716912762939786,2.8716912762939786,1.6909999999999998,28.953812917975768
325753.0,2.5,-0.21367823085236812,0.21367823085236812,002136_2014-06-25_21-18-03_260595134347_rgbf000109-resize,-2.7479239525013264,2.7479239525013264,1.9569999999999999,13.297078442475444
325753.0,2.5,-0.5612194156450065,0.5612194156450065,002103_2014-06-25_20-00-40_260595134347_rgbf000049-resize,-4.11638930491602,4.11638930491602,4.105,11.598018874569219
325753.0,2.5,-0.11185168545105212,0.11185168545105212,002213_2014-06-28_18-37-58_260595134347_rgbf000055-resize,-3.4365056430196934,3.4365056430196934,3.62,11.387296889913552
325753.0,2.5,-0.3915218058688588,0.3915218058688588,000691_2014-06-08_13-08-50_260595134347_rgbf000132-resize,-3.9695056430196938,3.9695056430196938,4.1530000000000005,14.740846212587924
325753.0,2.5,-0.30192118792391537,0.30192118792391537,000929_2014-06-09_16-33-19_260595134347_rgbf000139-resize,-3.2691566287086733,3.2691566287086733,2.8680000000000003,19.501338012209015
325753.0,2.5,-0.7117192442959703,0.7117192442959703,000457_2014-06-08_16-52-43_260595134347_rgbf000199-resize,-4.050156628708673,4.050156628708673,3.6489999999999996,14.067279821032837
325753.0,2.5,-0.497467221215805,0.497467221215805,003621_2014-05-23_18-06-08_094959634447_rgbf000101-resize,-3.99488930491602,3.99488930491602,3.9835,23.07176470133362
325753.0,2.5,-0.64927882341469,0.64927882341469,001584_2014-06-20_11-07-43_260595134347_rgbf000002-resize,-3.9311566287086728,3.9311566287086728,3.53,17.602834139105468
325753.0,2.5,-0.365927090900558,0.365927090900558,002279_2014-06-28_18-55-32_260595134347_rgbf000040-resize,-2.6850246096272787,2.6850246096272787,1.5043333333333,15.963772282558683
325753.0,2.5,-0.21048408701188426,0.21048408701188426,002344_2014-06-28_20-06-29_260595134347_rgbf000030-resize,-2.5653076143976525,2.5653076143976525,1.5795,37.33165518125916
325753.0,2.5,-0.5425792620212629,0.5425792620212629,000549_2014-06-08_22-10-24_260595134347_rgbf000247-resize,-3.0216912762939785,3.0216912762939785,1.841,30.99307977870557
325753.0,2.5,-0.0567571964381573,0.0567571964381573,000736_2014-06-08_18-24-15_260595134347_rgbf000206-resize,-3.331505643019693,3.331505643019693,3.515,33.408170606136416
325753.0,2.5,-0.3938371109296542,0.3938371109296542,000137_2014-05-20_17-04-49_260595134347_rgbf000120-resize,-3.79738930491602,3.79738930491602,3.786,14.89611111351161
325753.0,2.5,-0.6239092219926676,0.6239092219926676,002199_2014-06-28_18-33-56_260595134347_rgbf000074-resize,-3.1766912762939787,3.1766912762939787,1.996,17.12852126070164
325753.0,2.5,-0.9937505571000464,0.9937505571000464,000917_2014-06-09_22-45-29_260595134347_rgbf000149-resize,-4.5876566287086735,4.5876566287086735,4.1865,9.740561609074897
325753.0,2.5,-0.2845140024403705,0.2845140024403705,000878_2014-06-08_22-52-45_260595134347_rgbf000045-resize,-2.8829239525013257,2.8829239525013257,2.092,5.576511521775202
325753.0,2.5,-0.0006462066692012325,0.0006462066692012325,002953_2014-06-08_17-32-18_094959634447_rgbf000059-resize,-2.3419239525013262,2.3419239525013262,1.551,13.905027931093345
325753.0,2.5,-0.6414869875348761,0.6414869875348761,002905_2014-06-03_18-04-43_094959634447_rgbf000151-resize,-3.210191276293979,3.210191276293979,2.0295,12.020604335789361
325753.0,2.5,-0.6787543255391595,0.6787543255391595,000414_2014-06-04_19-49-13_260595134347_rgbf000044-resize,-4.34038930491602,4.34038930491602,4.329,13.241348366125557
325753.0,2.5,-1.1892507030664692,1.1892507030664692,003129_2014-05-12_10-48-10_094959634447_rgbf000100-resize,-5.136772966812346,5.136772966812346,4.9305,17.9074543760639
325753.0,2.5,-0.1290424035504827,0.1290424035504827,002988_2014-06-15_12-24-20_094959634447_rgbf000150-resize,-3.998854657330714,3.998854657330714,4.7669999999999995,14.460306569198616
325753.0,2.5,-0.7558407228317406,0.7558407228317406,001052_2014-06-08_18-24-54_260595134347_rgbf000130-resize,-4.310772966812346,4.310772966812346,4.1045,25.87613690895519
325753.0,2.5,-0.5775642130470198,0.5775642130470198,001214_2014-06-17_16-13-55_260595134347_rgbf000111-resize,-3.441423952501326,3.441423952501326,2.6505,18.479282579459067
325753.0,2.5,-0.17370854034449845,0.17370854034449845,002272_2014-06-28_18-53-56_260595134347_rgbf000067-resize,-2.318691276293978,2.318691276293978,1.138,10.409245808146235
325753.0,2.5,-0.16278141719284933,0.16278141719284933,001571_2014-06-20_17-21-32_260595134347_rgbf000089-resize,-2.6509239525013264,2.6509239525013264,1.86,4.991960350191473
325753.0,2.5,-0.8119846306829722,0.8119846306829722,001133_2014-06-17_14-49-16_260595134347_rgbf000100-resize,-4.417772966812347,4.417772966812347,4.2115,26.759918254713728
325753.0,2.5,-0.3404873302329425,0.3404873302329425,003070_2014-06-15_14-58-27_094959634447_rgbf000150-resize,-3.342656628708673,3.342656628708673,2.9415,10.664823740812926
325753.0,2.5,-0.2239100645261891,0.2239100645261891,000943_2014-06-09_19-31-07_260595134347_rgbf000128-resize,-2.7674239525013262,2.7674239525013262,1.9765,15.893099149291922
325753.0,2.5,-0.7436347442144349,0.7436347442144349,002057_2014-06-24_21-00-13_260595134347_rgbf000120-resize,-3.7579239525013257,3.7579239525013257,2.967,10.990036854719376
325753.0,2.5,-0.3277566421964603,0.3277566421964603,000709_2014-06-08_13-51-55_260595134347_rgbf000068-resize,-2.788807614397652,2.788807614397652,1.8030000000000002,14.429351101546246
325753.0,2.5,-0.22710420836667802,0.22710420836667802,001164_2014-06-17_15-35-46_260595134347_rgbf000085-resize,-2.9500402906049983,2.9500402906049983,2.354,17.325668807481115
325753.0,2.5,-0.30633533066140084,0.30633533066140084,002153_2014-06-25_21-27-18_260595134347_rgbf000038-resize,-3.1010402906049985,3.1010402906049985,2.505,17.28886317575377
325753.0,2.5,-0.4564939991950495,0.4564939991950495,000739_2014-06-08_18-45-58_260595134347_rgbf000068-resize,-3.740272966812346,3.740272966812346,3.534,8.164356963721069
325753.0,2.5,-0.9473137735034628,0.9473137735034628,000734_2014-06-08_17-39-11_260595134347_rgbf000128-resize,-4.499156628708673,4.499156628708673,4.098,16.052231618370055
325753.0,2.5,-0.8209376088911422,0.8209376088911422,000522_2014-06-08_13-35-06_260595134347_rgbf000244-resize,-3.552191276293979,3.552191276293979,2.3715,25.742609854068213
325753.0,2.5,-1.3892896845035636,1.3892896845035636,002989_2014-06-15_12-25-03_094959634447_rgbf000150-resize,-4.988423952501326,4.988423952501326,4.1975,27.906783421951957
325753.0,2.5,-0.679141372981949,0.679141372981949,000866_2014-06-09_20-45-42_260595134347_rgbf000139-resize,-3.8115402906049987,3.8115402906049987,3.2155,8.082259189449621
325753.0,2.5,-0.43343970283382827,0.43343970283382827,001555_2014-06-20_17-12-10_260595134347_rgbf000065-resize,-2.8136912762939787,2.8136912762939787,1.633,7.608284543781994
325753.0,2.5,-0.5197085149618856,0.5197085149618856,003534_2014-05-22_15-06-10_094959634447_rgbf000102-resize,-2.801574938190305,2.801574938190305,1.426,12.376994007247625
325753.0,2.5,-0.0389958815941015,0.0389958815941015,002637_2014-06-24_14-51-13_094959634447_rgbf000066-resize,-2.591540290605,2.591540290605,1.9955,10.972027795242447
325753.0,2.5,-0.05600305039167475,0.05600305039167475,001016_2014-06-09_16-16-10_260595134347_rgbf000112-resize,-2.4474239525013264,2.4474239525013264,1.6565,7.049977084494088
325753.0,2.5,-0.4846906458538631,0.4846906458538631,002340_2014-06-28_20-05-46_260595134347_rgbf000113-resize,-3.2644239525013257,3.2644239525013257,2.4735,7.91768620575396
325753.0,2.5,-1.6013181771738516,1.6013181771738516,000773_2014-06-08_22-24-54_260595134347_rgbf000093-resize,-5.569040290604999,5.569040290604999,4.973,21.45352631724976
325753.0,2.5,-1.2812454314799422,1.2812454314799422,002414_2014-06-28_20-24-58_260595134347_rgbf000067-resize,-4.959040290605,4.959040290605,4.363,31.720662178139435
325753.0,2.5,-0.06606430400683777,0.06606430400683777,001059_2014-06-08_21-53-27_260595134347_rgbf000061-resize,-2.8196566287086733,2.8196566287086733,2.4185,8.755513319222857
325753.0,2.5,-0.12439882418567133,0.12439882418567133,001032_2014-06-08_13-23-17_260595134347_rgbf000021-resize,-3.28388930491602,3.28388930491602,3.2725,15.984983178828962
325753.0,2.5,-0.8187140784812573,0.8187140784812573,003292_2014-05-14_21-53-49_094959634447_rgbf000100-resize,-4.0775402906050005,4.0775402906050005,3.4815,33.084282711345374
325753.0,2.5,-0.7206851917473353,0.7206851917473353,002639_2014-06-24_14-51-37_094959634447_rgbf000074-resize,-4.243772966812346,4.243772966812346,4.0375,16.521406794569987
325753.0,2.5,-0.7574607384147212,0.7574607384147212,000447_2014-06-08_16-15-46_260595134347_rgbf000130-resize,-4.490389304916019,4.490389304916019,4.479,19.081432914605553
325753.0,2.5,-0.9681709729154804,0.9681709729154804,001447_2014-06-19_17-00-32_260595134347_rgbf000082-resize,-4.5389066287086735,4.5389066287086735,4.13775,46.830399423560245
325753.0,2.5,-0.37616757073652507,0.37616757073652507,002630_2014-06-24_14-47-50_094959634447_rgbf000055-resize,-3.410656628708673,3.410656628708673,3.0095,10.661401196716628
325753.0,2.5,-0.5274544635162501,0.5274544635162501,002758_2014-06-22_19-11-20_094959634447_rgbf000128-resize,-3.3459239525013262,3.3459239525013262,2.555,7.204478276142114
325753.0,2.5,-0.07262317174646821,0.07262317174646821,000502_2014-06-08_23-02-32_260595134347_rgbf000063-resize,-2.832156628708673,2.832156628708673,2.431,13.897287578908273
325753.0,2.5,-0.03488998089166903,0.03488998089166903,001806_2014-06-26_20-50-20_260595134347_rgbf000091-resize,-2.9367729668123466,2.9367729668123466,2.7305,13.909869710567438
325753.0,2.5,-0.6020549756893647,0.6020549756893647,000493_2014-06-09_21-01-18_260595134347_rgbf000196-resize,-3.841156628708673,3.841156628708673,3.44,19.629285382994567
325753.0,2.5,-0.21858416492675528,0.21858416492675528,001449_2014-06-19_17-01-27_260595134347_rgbf000116-resize,-3.46338930491602,3.46338930491602,3.452,8.994872108877228
325753.0,2.5,-0.3168381652069506,0.3168381652069506,001450_2014-06-19_17-02-03_260595134347_rgbf000203-resize,-3.8271723096863934,3.8271723096863934,4.0106666666667,12.34882649363641
325753.0,2.5,-0.049057135209262887,0.049057135209262887,002600_2014-06-24_14-27-04_094959634447_rgbf000074-resize,-2.9637729668123463,2.9637729668123463,2.7575,44.47386082434929
325753.0,2.5,-0.6861331754898157,0.6861331754898157,000368_2014-06-09_15-53-01_260595134347_rgbf000155-resize,-3.4718076143976533,3.4718076143976533,2.4859999999999998,21.090700959072958
325753.0,2.5,-0.13737889768854405,0.13737889768854405,002678_2014-06-13_16-15-32_094959634447_rgbf000151-resize,-2.779040290605,2.779040290605,2.1830000000000003,32.96558503300821
325753.0,2.5,-0.07030138206407066,0.07030138206407066,002763_2014-06-22_19-13-10_094959634447_rgbf000075-resize,-2.4746739525013264,2.4746739525013264,1.68375,5.5919783591245595
325753.0,2.5,-0.2661491727694063,0.2661491727694063,002209_2014-06-28_18-36-10_260595134347_rgbf000051-resize,-2.8479239525013256,2.8479239525013256,2.057,12.962068825921264
325753.0,2.5,-0.2024887529911334,0.2024887529911334,000927_2014-06-09_16-32-30_260595134347_rgbf000123-resize,-3.079656628708673,3.079656628708673,2.6785,11.715239650325241
325753.0,2.5,-0.17384620232088502,0.17384620232088502,001810_2014-06-26_20-51-35_260595134347_rgbf000040-resize,-2.8485402906049986,2.8485402906049986,2.2525,22.411391411207674
325753.0,2.5,-0.7560571902158666,0.7560571902158666,000409_2014-06-04_19-23-33_260595134347_rgbf000067-resize,-4.134656628708672,4.134656628708672,3.7335,12.696549983566419
325753.0,2.5,-0.2895446292479552,0.2895446292479552,001011_2014-06-08_23-18-54_260595134347_rgbf000044-resize,-3.0690402906049994,3.0690402906049994,2.4730000000000003,11.624075606213012
325753.0,2.5,-0.4140713416499844,0.4140713416499844,002875_2014-06-01_15-19-00_094959634447_rgbf000151-resize,-2.9533076143976524,2.9533076143976524,1.9675,11.625680938349673
325753.0,2.5,-0.015475732382356971,0.015475732382356971,001092_2014-06-15_17-34-58_260595134347_rgbf000171-resize,-2.899772966812346,2.899772966812346,2.6935,9.164038324933468
325753.0,2.5,-0.5475640015033825,0.5475640015033825,001167_2014-06-17_15-38-07_260595134347_rgbf000108-resize,-3.0311912762939786,3.0311912762939786,1.8505,12.019050657019696
325753.0,2.5,-0.4835035650391326,0.4835035650391326,003587_2014-05-23_16-48-02_094959634447_rgbf002384-resize,-2.732574938190305,2.732574938190305,1.357,20.788172722830538
686833.0,2.5,-0.5052261654227321,0.5052261654227321,000677_2014-06-08_23-10-32_260595134347_rgbf000158-resize,-3.79946152581828,3.79946152581828,3.556,19.65196273325612
686833.0,2.5,-0.16336886714131893,0.16336886714131893,001516_2014-06-20_16-25-09_260595134347_rgbf000076-resize,-2.5966153403639782,2.5966153403639782,1.7445,3.8622659094666254
686833.0,2.5,-0.3879581660841244,0.3879581660841244,003081_2014-06-15_15-19-16_094959634447_rgbf000150-resize,-3.851634618545431,3.851634618545431,3.9125,16.632991649560594
686833.0,2.5,-0.6773217432186872,0.6773217432186872,000682_2014-06-08_23-14-58_260595134347_rgbf000041-resize,-3.5761153403639785,3.5761153403639785,2.7239999999999998,8.707843071693064
686833.0,2.5,-0.2714590074904156,0.2714590074904156,001650_2014-06-20_12-09-00_260595134347_rgbf000087-resize,-2.802615340363978,2.802615340363978,1.9505,47.6804595860539
686833.0,2.5,-0.6240591813269379,0.6240591813269379,001244_2014-06-17_16-47-45_260595134347_rgbf000030-resize,-3.1989422476368268,3.1989422476368268,2.0425,6.7629638807870815
686833.0,2.5,-0.7095822608057438,0.7095822608057438,003495_2014-05-21_16-01-51_094959634447_rgbf000100-resize,-3.086269154909677,3.086269154909677,1.6255,12.747278812179
686833.0,2.5,-0.266759401947685,0.266759401947685,000556_2014-06-09_22-42-56_260595134347_rgbf000214-resize,-4.171980803999732,4.171980803999732,4.8415,23.88242025565649
686833.0,2.5,-0.1465963891117208,0.1465963891117208,001150_2014-06-17_15-27-34_260595134347_rgbf000108-resize,-3.667307711272581,3.667307711272581,4.0325,11.088139074292139
686833.0,2.5,-1.3560333769155557,1.3560333769155557,002375_2014-06-28_20-13-44_260595134347_rgbf000032-resize,-4.869615340363978,4.869615340363978,4.0175,48.76103649676905
686833.0,2.5,-0.525685276924412,0.525685276924412,002568_2014-06-24_13-59-21_094959634447_rgbf000062-resize,-3.562788433091129,3.562788433091129,3.015,29.63840999388049
686833.0,2.5,-0.40185840984616794,0.40185840984616794,000788_2014-06-08_22-34-36_260595134347_rgbf000131-resize,-3.60246152581828,3.60246152581828,3.359,21.46386213810664
686833.0,2.5,-0.5600582997260386,0.5600582997260386,001235_2014-06-17_16-37-36_260595134347_rgbf000084-resize,-3.90396152581828,3.90396152581828,3.6605,14.547706659434104
686833.0,2.5,-0.5130831391724051,0.5130831391724051,000470_2014-06-09_19-42-40_260595134347_rgbf000094-resize,-2.9874422476368268,2.9874422476368268,1.831,22.486379427626872
686833.0,2.5,-0.567386008210579,0.567386008210579,000109_2014-05-14_23-41-52_260595134347_rgbf000035-resize,-2.815269154909677,2.815269154909677,1.3545,6.620498200896815
686833.0,2.5,-0.4406732393268993,0.4406732393268993,003338_2014-05-20_11-01-23_094959634447_rgbf000051-resize,-2.8494422476368277,2.8494422476368277,1.693,28.251495663089063
686833.0,2.5,-0.4992657911342698,0.4992657911342698,002784_2014-06-22_19-26-30_094959634447_rgbf000083-resize,-2.9611089143035274,2.9611089143035274,1.8046666666667,3.0422522474895675
686833.0,2.5,-0.7276892916130873,0.7276892916130873,001100_2014-06-15_17-46-26_260595134347_rgbf000225-resize,-3.3964422476368274,3.3964422476368274,2.24,9.548860596737413
686833.0,2.5,-0.4191601531409084,0.4191601531409084,000469_2014-06-09_19-42-10_260595134347_rgbf000081-resize,-2.8084422476368265,2.8084422476368265,1.652,25.13136208408983
686833.0,2.5,-0.25387668610224623,0.25387668610224623,000483_2014-06-09_20-41-45_260595134347_rgbf000116-resize,-2.4934422476368274,2.4934422476368274,1.337,29.232414989368262
686833.0,2.5,-0.7439507277614059,0.7439507277614059,002964_2014-06-08_17-46-11_094959634447_rgbf000091-resize,-3.1517691549096765,3.1517691549096765,1.6909999999999998,28.953812917975768
686833.0,2.5,-0.5791965259878695,0.5791965259878695,002136_2014-06-25_21-18-03_260595134347_rgbf000109-resize,-3.1134422476368275,3.1134422476368275,1.9569999999999999,13.297078442475444
686833.0,2.5,-0.34362477601018737,0.34362477601018737,002039_2014-06-24_20-22-38_260595134347_rgbf000084-resize,-4.042807711272582,4.042807711272582,4.408,15.524303639345458
686833.0,2.5,-0.4889647292744178,0.4889647292744178,002103_2014-06-25_20-00-40_260595134347_rgbf000049-resize,-4.0441346185454305,4.0441346185454305,4.105,11.598018874569219
686833.0,2.5,-0.14422608503352224,0.14422608503352224,000929_2014-06-09_16-33-19_260595134347_rgbf000139-resize,-3.1114615258182803,3.1114615258182803,2.8680000000000003,19.501338012209015
686833.0,2.5,-0.8583510486784265,0.8583510486784265,000457_2014-06-08_16-52-43_260595134347_rgbf000199-resize,-4.196788433091129,4.196788433091129,3.6489999999999996,14.067279821032837
686833.0,2.5,-0.6460049695162559,0.6460049695162559,002279_2014-06-28_18-55-32_260595134347_rgbf000040-resize,-2.9651024882429766,2.9651024882429766,1.5043333333333,15.963772282558683
686833.0,2.5,-0.03193371348510987,0.03193371348510987,000635_2014-06-08_16-38-42_260595134347_rgbf000106-resize,-2.6217884330911287,2.6217884330911287,2.074,10.796976226722654
686833.0,2.5,-0.4356976115367026,0.4356976115367026,002043_2014-06-24_20-29-38_260595134347_rgbf000039-resize,-3.391288433091129,3.391288433091129,2.8435,8.475049543704081
686833.0,2.5,-0.13137981595576995,0.13137981595576995,003048_2014-06-15_13-49-43_094959634447_rgbf000150-resize,-3.6383077112725815,3.6383077112725815,4.0035,24.355606534500392
686833.0,2.5,-0.6854456275239085,0.6854456275239085,002344_2014-06-28_20-06-29_260595134347_rgbf000030-resize,-3.0402691549096765,3.0402691549096765,1.5795,37.33165518125916
686833.0,2.5,-0.8226571406369609,0.8226571406369609,000549_2014-06-08_22-10-24_260595134347_rgbf000247-resize,-3.3017691549096764,3.3017691549096764,1.841,30.99307977870557
686833.0,2.5,-0.4837130792367437,0.4837130792367437,000736_2014-06-08_18-24-15_260595134347_rgbf000206-resize,-3.75846152581828,3.75846152581828,3.515,33.408170606136416
686833.0,2.5,-0.017255517286216104,0.017255517286216104,000137_2014-05-20_17-04-49_260595134347_rgbf000120-resize,-3.4208077112725817,3.4208077112725817,3.786,14.89611111351161
686833.0,2.5,-0.7599634767380249,0.7599634767380249,000642_2014-06-08_16-59-25_260595134347_rgbf000098-resize,-3.733615340363978,3.733615340363978,2.8815,31.36214301237791
686833.0,2.5,-0.5996601933355161,0.5996601933355161,002199_2014-06-28_18-33-56_260595134347_rgbf000074-resize,-3.1524422476368272,3.1524422476368272,1.996,17.12852126070164
686833.0,2.5,-0.2274016396639551,0.2274016396639551,000917_2014-06-09_22-45-29_260595134347_rgbf000149-resize,-3.821307711272581,3.821307711272581,4.1865,9.740561609074897
686833.0,2.5,-0.34570539030302283,0.34570539030302283,000878_2014-06-08_22-52-45_260595134347_rgbf000045-resize,-2.9441153403639784,2.9441153403639784,2.092,5.576511521775202
686833.0,2.5,-0.670491409077552,0.670491409077552,002953_2014-06-08_17-32-18_094959634447_rgbf000059-resize,-3.0117691549096763,3.0117691549096763,1.551,13.905027931093345
686833.0,2.5,-0.31291105160487553,0.31291105160487553,002905_2014-06-03_18-04-43_094959634447_rgbf000151-resize,-2.8816153403639784,2.8816153403639784,2.0295,12.020604335789361
686833.0,2.5,-0.6064996391685707,0.6064996391685707,000414_2014-06-04_19-49-13_260595134347_rgbf000044-resize,-4.268134618545431,4.268134618545431,4.329,13.241348366125557
686833.0,2.5,-0.009131632981006388,0.009131632981006388,003129_2014-05-12_10-48-10_094959634447_rgbf000100-resize,-3.956653896726884,3.956653896726884,4.9305,17.9074543760639
686833.0,2.5,-0.184375467291976,0.184375467291976,001052_2014-06-08_18-24-54_260595134347_rgbf000130-resize,-3.739307711272581,3.739307711272581,4.1045,25.87613690895519
686833.0,2.5,-0.02799383699537006,0.02799383699537006,000810_2014-06-08_17-20-01_260595134347_rgbf000105-resize,-2.3386153403639782,2.3386153403639782,1.4865,3.0958890116960642
686833.0,2.5,-0.33442869363682304,0.33442869363682304,001214_2014-06-17_16-13-55_260595134347_rgbf000111-resize,-3.198288433091129,3.198288433091129,2.6505,18.479282579459067
686833.0,2.5,-0.4537864189601963,0.4537864189601963,002272_2014-06-28_18-53-56_260595134347_rgbf000067-resize,-2.5987691549096765,2.5987691549096765,1.138,10.409245808146235
686833.0,2.5,-0.5282997123283507,0.5282997123283507,001571_2014-06-20_17-21-32_260595134347_rgbf000089-resize,-3.0164422476368267,3.0164422476368267,1.86,4.991960350191473
686833.0,2.5,-0.18279222734254932,0.18279222734254932,003070_2014-06-15_14-58-27_094959634447_rgbf000150-resize,-3.18496152581828,3.18496152581828,2.9415,10.664823740812926
686833.0,2.5,-0.28510145238884144,0.28510145238884144,000943_2014-06-09_19-31-07_260595134347_rgbf000128-resize,-2.828615340363978,2.828615340363978,1.9765,15.893099149291922
686833.0,2.5,-0.857821783413293,0.857821783413293,000854_2014-06-09_19-43-13_260595134347_rgbf000066-resize,-3.9201153403639775,3.9201153403639775,3.068,11.910827625938722
686833.0,2.5,-0.48317925812565704,0.48317925812565704,001164_2014-06-17_15-35-46_260595134347_rgbf000085-resize,-3.2061153403639784,3.2061153403639784,2.354,17.325668807481115
686833.0,2.5,-0.2268587068609337,0.2268587068609337,001136_2014-06-17_15-19-41_260595134347_rgbf000076-resize,-2.7176153403639782,2.7176153403639782,1.8655,18.667799879387072
686833.0,2.5,-0.8667372876932289,0.8667372876932289,002153_2014-06-25_21-27-18_260595134347_rgbf000038-resize,-3.6614422476368267,3.6614422476368267,2.505,17.28886317575377
686833.0,2.5,-0.7896186706130697,0.7896186706130697,000734_2014-06-08_17-39-11_260595134347_rgbf000128-resize,-4.3414615258182785,4.3414615258182785,4.098,16.052231618370055
686833.0,2.5,-1.10101548750684,1.10101548750684,000522_2014-06-08_13-35-06_260595134347_rgbf000244-resize,-3.832269154909677,3.832269154909677,2.3715,25.742609854068213
686833.0,2.5,-0.6308895154680789,0.6308895154680789,000866_2014-06-09_20-45-42_260595134347_rgbf000139-resize,-3.76328843309113,3.76328843309113,3.2155,8.082259189449621
686833.0,2.5,-0.7135175814495262,0.7135175814495262,001555_2014-06-20_17-12-10_260595134347_rgbf000065-resize,-3.0937691549096766,3.0937691549096766,1.633,7.608284543781994
686833.0,2.5,-0.6049027316812571,0.6049027316812571,003534_2014-05-22_15-06-10_094959634447_rgbf000102-resize,-2.8867691549096763,2.8867691549096763,1.426,12.376994007247625
686833.0,2.5,-0.2950709313530805,0.2950709313530805,002637_2014-06-24_14-51-13_094959634447_rgbf000066-resize,-2.847615340363978,2.847615340363978,1.9955,10.972027795242447
686833.0,2.5,-0.031431783295735934,0.031431783295735934,000773_2014-06-08_22-24-54_260595134347_rgbf000093-resize,-3.999153896726883,3.999153896726883,4.973,21.45352631724976
686833.0,2.5,-0.212696108389294,0.212696108389294,001059_2014-06-08_21-53-27_260595134347_rgbf000061-resize,-2.9662884330911288,2.9662884330911288,2.4185,8.755513319222857
686833.0,2.5,-0.3564710450879314,0.3564710450879314,001032_2014-06-08_13-23-17_260595134347_rgbf000021-resize,-3.51596152581828,3.51596152581828,3.2725,15.984983178828962
686833.0,2.5,-0.7704622209673873,0.7704622209673873,003292_2014-05-14_21-53-49_094959634447_rgbf000100-resize,-4.029288433091129,4.029288433091129,3.4815,33.084282711345374
686833.0,2.5,-0.20037910457667166,0.20037910457667166,001392_2014-06-19_16-07-59_260595134347_rgbf000046-resize,-3.769807711272581,3.769807711272581,4.135,18.95235574822112
686833.0,2.5,-0.8104758700250871,0.8104758700250871,001447_2014-06-19_17-00-32_260595134347_rgbf000082-resize,-4.381211525818279,4.381211525818279,4.13775,46.830399423560245
686833.0,2.5,-0.4611596859043385,0.4611596859043385,000742_2014-06-08_18-48-09_260595134347_rgbf000164-resize,-4.266807711272581,4.266807711272581,4.632,18.91549953899407
686833.0,2.5,-0.6311382026397769,0.6311382026397769,002549_2014-06-24_13-41-39_094959634447_rgbf000022-resize,-2.9367691549096766,2.9367691549096766,1.476,4.1736441355391865
686833.0,2.5,-0.4831792581256568,0.4831792581256568,002750_2014-06-22_19-08-03_094959634447_rgbf000094-resize,-3.2061153403639784,3.2061153403639784,2.354,8.789636111124727
686833.0,2.5,-0.2192549761289244,0.2192549761289244,000502_2014-06-08_23-02-32_260595134347_rgbf000063-resize,-2.978788433091129,2.978788433091129,2.431,13.897287578908273
686833.0,2.5,-0.6807323544433009,0.6807323544433009,001806_2014-06-26_20-50-20_260595134347_rgbf000091-resize,-3.5826153403639784,3.5826153403639784,2.7305,13.909869710567438
686833.0,2.5,-0.4443598727989715,0.4443598727989715,000493_2014-06-09_21-01-18_260595134347_rgbf000196-resize,-3.68346152581828,3.68346152581828,3.44,19.629285382994567
686833.0,2.5,-0.4506563858290154,0.4506563858290154,001449_2014-06-19_17-01-27_260595134347_rgbf000116-resize,-3.69546152581828,3.69546152581828,3.452,8.994872108877228
686833.0,2.5,-0.13514023345983886,0.13514023345983886,001450_2014-06-19_17-02-03_260595134347_rgbf000203-resize,-3.6454743779392818,3.6454743779392818,4.0106666666667,12.34882649363641
686833.0,2.5,-0.0862456942151964,0.0862456942151964,002600_2014-06-24_14-27-04_094959634447_rgbf000074-resize,-3.00096152581828,3.00096152581828,2.7575,44.47386082434929
686833.0,2.5,-0.28064142232589673,0.28064142232589673,003228_2014-05-14_13-42-35_094959634447_rgbf000101-resize,-2.8201153403639783,2.8201153403639783,1.9680000000000002,14.40337638638131
686833.0,2.5,-0.435819677199572,0.435819677199572,002763_2014-06-22_19-13-10_094959634447_rgbf000075-resize,-2.8401922476368275,2.8401922476368275,1.68375,5.5919783591245595
686833.0,2.5,-0.32734056063205863,0.32734056063205863,002209_2014-06-28_18-36-10_260595134347_rgbf000051-resize,-2.9091153403639782,2.9091153403639782,2.057,12.962068825921264
686833.0,2.5,-0.5629533132234017,0.5629533132234017,001828_2014-06-26_21-40-03_260595134347_rgbf000024-resize,-4.460807711272582,4.460807711272582,4.8260000000000005,35.55232951340613
686833.0,2.5,-0.4503803635815484,0.4503803635815484,001110_2014-06-15_17-25-28_260595134347_rgbf000150-resize,-2.8679422476368277,2.8679422476368277,1.7115,9.336195527413247
686833.0,2.5,-0.04479365010074027,0.04479365010074027,000927_2014-06-09_16-32-30_260595134347_rgbf000123-resize,-2.92196152581828,2.92196152581828,2.6785,11.715239650325241
686833.0,2.5,-0.14895758149797889,0.14895758149797889,002570_2014-06-24_13-59-54_094959634447_rgbf000059-resize,-3.6718077112725815,3.6718077112725815,4.037,41.596140375002705
686833.0,2.5,-0.2940351800526246,0.2940351800526246,000409_2014-06-04_19-23-33_260595134347_rgbf000067-resize,-3.672634618545431,3.672634618545431,3.7335,12.696549983566419
686833.0,2.5,-0.5456196790069342,0.5456196790069342,001011_2014-06-08_23-18-54_260595134347_rgbf000044-resize,-3.3251153403639786,3.3251153403639786,2.4730000000000003,11.624075606213012
686833.0,2.5,-0.5847059748891592,0.5847059748891592,002875_2014-06-01_15-19-00_094959634447_rgbf000151-resize,-3.1239422476368266,3.1239422476368266,1.9675,11.625680938349673
686833.0,2.5,-0.2189880655733819,0.2189880655733819,001167_2014-06-17_15-38-07_260595134347_rgbf000108-resize,-2.702615340363978,2.702615340363978,1.8505,12.019050657019696
686833.0,2.5,-0.5686977817585039,0.5686977817585039,003587_2014-05-23_16-48-02_094959634447_rgbf002384-resize,-2.8177691549096764,2.8177691549096764,1.357,20.788172722830538
702027.0,2.5,-0.14589138352224978,0.14589138352224978,001808_2014-06-26_20-50-58_260595134347_rgbf000029-resize,-3.769503116432728,3.769503116432728,4.249,20.030651550568866
702027.0,2.5,-0.07851186899944393,0.07851186899944393,001029_2014-06-08_13-17-57_260595134347_rgbf000065-resize,-3.1481724299529845,3.1481724299529845,3.0835,18.209734661918688
702027.0,2.5,-0.04074817995930238,0.04074817995930238,000677_2014-06-08_23-10-32_260595134347_rgbf000158-resize,-3.3349835403548505,3.3349835403548505,3.556,19.65196273325612
702027.0,2.5,-0.6835503007900396,0.6835503007900396,001417_2014-06-19_16-25-36_260595134347_rgbf000115-resize,-4.4861089373828875,4.4861089373828875,4.6255,49.17091269608214
702027.0,2.5,-0.4182663476256333,0.4182663476256333,003081_2014-06-15_15-19-16_094959634447_rgbf000150-resize,-3.88194280008694,3.88194280008694,3.9125,16.632991649560594
702027.0,2.5,-0.02592116118775784,0.02592116118775784,000682_2014-06-08_23-14-58_260595134347_rgbf000041-resize,-2.9247147583330486,2.9247147583330486,2.7239999999999998,8.707843071693064
702027.0,2.5,-0.8649086995208732,0.8649086995208732,000556_2014-06-09_22-42-56_260595134347_rgbf000214-resize,-4.770130101572921,4.770130101572921,4.8415,23.88242025565649
702027.0,2.5,-0.44041877941205976,0.44041877941205976,001150_2014-06-17_15-27-34_260595134347_rgbf000108-resize,-3.96113010157292,3.96113010157292,4.0325,11.088139074292139
702027.0,2.5,-0.06460706939142997,0.06460706939142997,000665_2014-06-09_20-42-35_260595134347_rgbf000110-resize,-3.121672429952985,3.121672429952985,3.057,18.49880761375764
702027.0,2.5,-0.9767174516447544,0.9767174516447544,002375_2014-06-28_20-13-44_260595134347_rgbf000032-resize,-4.490299415093177,4.490299415093177,4.0175,48.76103649676905
702027.0,2.5,-0.3146539305463958,0.3146539305463958,002568_2014-06-24_13-59-21_094959634447_rgbf000062-resize,-3.351757086713113,3.351757086713113,3.015,29.63840999388049
702027.0,2.5,-0.012203704991773506,0.012203704991773506,000788_2014-06-08_22-34-36_260595134347_rgbf000131-resize,-3.2128068209638854,3.2128068209638854,3.359,21.46386213810664
702027.0,2.5,-0.5173115322408077,0.5173115322408077,001235_2014-06-17_16-37-36_260595134347_rgbf000084-resize,-3.8612147583330487,3.8612147583330487,3.6605,14.547706659434104
702027.0,2.5,-0.07815716628278116,0.07815716628278116,000692_2014-06-08_13-09-42_260595134347_rgbf000199-resize,-3.422298037665441,3.422298037665441,3.661,54.80046590295557
702027.0,2.5,-0.5238857891205542,0.5238857891205542,001094_2014-06-15_17-36-00_260595134347_rgbf000205-resize,-4.1325258687349145,4.1325258687349145,4.2175,17.196771274488466
702027.0,2.5,-0.2353999853313779,0.2353999853313779,000780_2014-06-08_22-28-29_260595134347_rgbf000126-resize,-3.4471724299529845,3.4471724299529845,3.3825,14.165390776882042
702027.0,2.5,-0.1800887874495012,0.1800887874495012,001100_2014-06-15_17-46-26_260595134347_rgbf000225-resize,-2.8488417434732414,2.8488417434732414,2.24,9.548860596737413
702027.0,2.5,-0.028065644705034698,0.028065644705034698,002964_2014-06-08_17-46-11_094959634447_rgbf000091-resize,-2.435884071853305,2.435884071853305,1.6909999999999998,28.953812917975768
702027.0,2.5,-0.3653625095503979,0.3653625095503979,002039_2014-06-24_20-22-38_260595134347_rgbf000084-resize,-4.064545444812794,4.064545444812794,4.408,15.524303639345458
702027.0,2.5,-0.7505448690620358,0.7505448690620358,002103_2014-06-25_20-00-40_260595134347_rgbf000049-resize,-4.305714758333049,4.305714758333049,4.105,11.598018874569219
702027.0,2.5,-0.3676039360420218,0.3676039360420218,000691_2014-06-08_13-08-50_260595134347_rgbf000132-resize,-3.945587773192857,3.945587773192857,4.1530000000000005,14.740846212587924
702027.0,2.5,-0.5112773739203462,0.5112773739203462,000457_2014-06-08_16-52-43_260595134347_rgbf000199-resize,-3.849714758333049,3.849714758333049,3.6489999999999996,14.067279821032837
702027.0,2.5,-0.22424875814061584,0.22424875814061584,003621_2014-05-23_18-06-08_094959634447_rgbf000101-resize,-3.7216708418408304,3.7216708418408304,3.9835,23.07176470133362
702027.0,2.5,-0.1087311320889055,0.1087311320889055,001584_2014-06-20_11-07-43_260595134347_rgbf000002-resize,-3.390608937382888,3.390608937382888,3.53,17.602834139105468
702027.0,2.5,-0.28508196841732697,0.28508196841732697,001175_2014-06-17_15-45-55_260595134347_rgbf000129-resize,-3.9115454448127918,3.9115454448127918,4.255,15.34903910495583
702027.0,2.5,-0.3728738531540125,0.3728738531540125,003490_2014-05-21_15-50-11_094959634447_rgbf000101-resize,-3.709172429952985,3.709172429952985,3.6445,19.999457360175192
702027.0,2.5,-0.12263451887363838,0.12263451887363838,002043_2014-06-24_20-29-38_260595134347_rgbf000039-resize,-3.078225340428065,3.078225340428065,2.8435,8.475049543704081
702027.0,2.5,-0.4388064390941153,0.4388064390941153,003048_2014-06-15_13-49-43_094959634447_rgbf000150-resize,-3.945734334410927,3.945734334410927,4.0035,24.355606534500392
702027.0,2.5,-0.10677205758058972,0.10677205758058972,000549_2014-06-08_22-10-24_260595134347_rgbf000247-resize,-2.5858840718533056,2.5858840718533056,1.841,30.99307977870557
702027.0,2.5,-0.29131975053344217,0.29131975053344217,000736_2014-06-08_18-24-15_260595134347_rgbf000206-resize,-3.5660681971149786,3.5660681971149786,3.515,33.408170606136416
702027.0,2.5,-0.5627562150896736,0.5627562150896736,000137_2014-05-20_17-04-49_260595134347_rgbf000120-resize,-3.9663084090760385,3.9663084090760385,3.786,14.89611111351161
702027.0,2.5,-0.12969386028885133,0.12969386028885133,001056_2014-06-08_18-46-44_260595134347_rgbf000068-resize,-2.999257086713113,2.999257086713113,2.6625,11.38594592369452
702027.0,2.5,-0.1881020175519943,0.1881020175519943,002199_2014-06-28_18-33-56_260595134347_rgbf000074-resize,-2.7408840718533054,2.7408840718533054,1.996,17.12852126070164
702027.0,2.5,-0.1130970448241016,0.1130970448241016,000917_2014-06-09_22-45-29_260595134347_rgbf000149-resize,-3.707003116432728,3.707003116432728,4.1865,9.740561609074897
702027.0,2.5,-0.3674385243067869,0.3674385243067869,003129_2014-05-12_10-48-10_094959634447_rgbf000100-resize,-4.314960788052664,4.314960788052664,4.9305,17.9074543760639
702027.0,2.5,-0.009563877512304477,0.009563877512304477,002988_2014-06-15_12-24-20_094959634447_rgbf000150-resize,-3.879376131292536,3.879376131292536,4.7669999999999995,14.460306569198616
702027.0,2.5,-0.3954820040189351,0.3954820040189351,001214_2014-06-17_16-13-55_260595134347_rgbf000111-resize,-3.259341743473241,3.259341743473241,2.6505,18.479282579459067
702027.0,2.5,-0.09497174694241528,0.09497174694241528,002748_2014-06-22_19-07-22_094959634447_rgbf000078-resize,-3.9189184596725988,3.9189184596725988,4.6705,35.71435075733748
702027.0,2.5,-0.6774191994952409,0.6774191994952409,002995_2014-06-15_12-31-26_094959634447_rgbf000150-resize,-4.104735922523082,4.104735922523082,3.8360000000000003,27.231594395483473
702027.0,2.5,-0.5283789015305583,0.5283789015305583,000436_2014-06-09_22-25-11_260595134347_rgbf000137-resize,-4.067151265762953,4.067151265762953,4.0705,20.69156545677159
702027.0,2.5,-0.7635200157263538,0.7635200157263538,002444_2014-06-28_20-32-08_260595134347_rgbf000027-resize,-4.4536724299529835,4.4536724299529835,4.388999999999999,17.102760279009576
702027.0,2.5,-0.12621478030335406,0.12621478030335406,001133_2014-06-17_14-49-16_260595134347_rgbf000100-resize,-3.732003116432728,3.732003116432728,4.2115,26.759918254713728
702027.0,2.5,-0.5658471535140608,0.5658471535140608,001132_2014-06-17_14-48-54_260595134347_rgbf000100-resize,-3.953714758333049,3.953714758333049,3.753,14.398279213278778
702027.0,2.5,-0.5066975779627461,0.5066975779627461,000758_2014-06-08_22-05-08_260595134347_rgbf000085-resize,-3.7177570867131133,3.7177570867131133,3.3810000000000002,11.91317737826679
702027.0,2.5,-0.5465270223325239,0.5465270223325239,000854_2014-06-09_19-43-13_260595134347_rgbf000066-resize,-3.6088205792832087,3.6088205792832087,3.068,11.910827625938722
702027.0,2.5,-0.10386333285485584,0.10386333285485584,001164_2014-06-17_15-35-46_260595134347_rgbf000085-resize,-2.826799415093177,2.826799415093177,2.354,17.325668807481115
702027.0,2.5,-0.31489346233568777,0.31489346233568777,000739_2014-06-08_18-45-58_260595134347_rgbf000068-resize,-3.5986724299529844,3.5986724299529844,3.534,8.164356963721069
702027.0,2.5,-0.6380380404237874,0.6380380404237874,000734_2014-06-08_17-39-11_260595134347_rgbf000128-resize,-4.189880895628997,4.189880895628997,4.098,16.052231618370055
702027.0,2.5,-0.2490880760704044,0.2490880760704044,000522_2014-06-08_13-35-06_260595134347_rgbf000244-resize,-2.9803417434732413,2.9803417434732413,2.3715,25.742609854068213
702027.0,2.5,-0.9351228187153506,0.9351228187153506,002989_2014-06-15_12-25-03_094959634447_rgbf000150-resize,-4.5342570867131125,4.5342570867131125,4.1975,27.906783421951957
702027.0,2.5,-0.2838158407099986,0.2838158407099986,000866_2014-06-09_20-45-42_260595134347_rgbf000139-resize,-3.416214758333049,3.416214758333049,3.2155,8.082259189449621
702027.0,2.5,-0.5938021671916127,0.5938021671916127,000773_2014-06-08_22-24-54_260595134347_rgbf000093-resize,-4.56152428062276,4.56152428062276,4.973,21.45352631724976
702027.0,2.5,-0.34175058568773525,0.34175058568773525,002414_2014-06-28_20-24-58_260595134347_rgbf000067-resize,-4.019545444812793,4.019545444812793,4.363,31.720662178139435
702027.0,2.5,-0.0016647620112777428,0.0016647620112777428,001059_2014-06-08_21-53-27_260595134347_rgbf000061-resize,-2.7552570867131125,2.7552570867131125,2.4185,8.755513319222857
702027.0,2.5,-0.4497666059827645,0.4497666059827645,001032_2014-06-08_13-23-17_260595134347_rgbf000021-resize,-3.6092570867131126,3.6092570867131126,3.2725,15.984983178828962
702027.0,2.5,-0.6954732029694352,0.6954732029694352,003292_2014-05-14_21-53-49_094959634447_rgbf000100-resize,-3.954299415093177,3.954299415093177,3.4815,33.084282711345374
702027.0,2.5,-0.9872116400281659,0.9872116400281659,002639_2014-06-24_14-51-37_094959634447_rgbf000074-resize,-4.510299415093177,4.510299415093177,4.0375,16.521406794569987
702027.0,2.5,-0.9467861918317504,0.9467861918317504,000447_2014-06-08_16-15-46_260595134347_rgbf000130-resize,-4.6797147583330485,4.6797147583330485,4.479,19.081432914605553
702027.0,2.5,-1.0398137592999843,1.0398137592999843,001447_2014-06-19_17-00-32_260595134347_rgbf000082-resize,-4.6105494150931765,4.6105494150931765,4.13775,46.830399423560245
702027.0,2.5,-0.5456230179557056,0.5456230179557056,001066_2014-06-08_22-03-20_260595134347_rgbf000066-resize,-4.161630101572921,4.161630101572921,4.2330000000000005,19.743449467077777
702027.0,2.5,-0.7549820762046775,0.7549820762046775,000742_2014-06-08_18-48-09_260595134347_rgbf000164-resize,-4.5606301015729205,4.5606301015729205,4.632,18.91549953899407
702027.0,2.5,-0.40030133176581456,0.40030133176581456,001199_2014-06-17_16-03-48_260595134347_rgbf000077-resize,-3.638214758333049,3.638214758333049,3.4375,28.282249848901696
702027.0,2.5,-0.008223629750908179,0.008223629750908179,000502_2014-06-08_23-02-32_260595134347_rgbf000063-resize,-2.7677570867131127,2.7677570867131127,2.431,13.897287578908273
702027.0,2.5,-0.16537410079243564,0.16537410079243564,001806_2014-06-26_20-50-20_260595134347_rgbf000091-resize,-3.0672570867131133,3.0672570867131133,2.7305,13.909869710567438
702027.0,2.5,-0.18211915636529552,0.18211915636529552,000191_2014-05-12_17-07-38_260595134347_rgbf000199-resize,-3.5920877731928567,3.5920877731928567,3.7995,12.340757267219296
702027.0,2.5,-0.3520294780254283,0.3520294780254283,000506_2014-06-08_23-21-00_260595134347_rgbf000070-resize,-3.885098355287873,3.885098355287873,4.0585,16.716212007621664
702027.0,2.5,-0.4079096183437844,0.4079096183437844,001449_2014-06-19_17-01-27_260595134347_rgbf000116-resize,-3.652714758333049,3.652714758333049,3.452,8.994872108877228
702027.0,2.5,-0.5650049521402418,0.5650049521402418,001450_2014-06-19_17-02-03_260595134347_rgbf000203-resize,-4.075339096619683,4.075339096619683,4.0106666666667,12.34882649363641
702027.0,2.5,-0.3363757702414173,0.3363757702414173,000368_2014-06-09_15-53-01_260595134347_rgbf000155-resize,-3.122050209149254,3.122050209149254,2.4859999999999998,21.090700959072958
702027.0,2.5,-0.11616976846176995,0.11616976846176995,002678_2014-06-13_16-15-32_094959634447_rgbf000151-resize,-2.7578311613782254,2.7578311613782254,2.1830000000000003,32.96558503300821
702027.0,2.5,-0.07046273090331523,0.07046273090331523,002209_2014-06-28_18-36-10_260595134347_rgbf000051-resize,-2.652237510635235,2.652237510635235,2.057,12.962068825921264
702027.0,2.5,-0.0838559061654987,0.0838559061654987,000009_2014-05-26_14-32-05_260595134347_rgbf000034-resize,-3.5280454448127925,3.5280454448127925,3.8715,34.796526826055185
702027.0,2.5,-0.312606390003484,0.312606390003484,001828_2014-06-26_21-40-03_260595134347_rgbf000024-resize,-4.210460788052663,4.210460788052663,4.8260000000000005,35.55232951340613
702027.0,2.5,-0.8509069569385102,0.8509069569385102,002570_2014-06-24_13-59-54_094959634447_rgbf000059-resize,-4.3737570867131135,4.3737570867131135,4.037,41.596140375002705
702027.0,2.5,-0.6766577839333567,0.6766577839333567,002467_2014-06-28_20-38-07_260595134347_rgbf000026-resize,-4.5345877731928566,4.5345877731928566,4.742,15.331046216195933
702027.0,2.5,-0.21385612086513986,0.21385612086513986,001810_2014-06-26_20-51-35_260595134347_rgbf000040-resize,-2.888550209149254,2.888550209149254,2.2525,22.411391411207674
702027.0,2.5,-0.2329190270504668,0.2329190270504668,003010_2014-06-15_12-54-35_094959634447_rgbf000112-resize,-3.319214758333049,3.319214758333049,3.1185,6.696951333567531
702027.0,2.5,-0.6805931045771427,0.6805931045771427,002663_2014-06-13_15-50-26_094959634447_rgbf000075-resize,-4.542087773192856,4.542087773192856,4.7495,16.725954086732166
702027.0,2.5,-0.2835306630801142,0.2835306630801142,000409_2014-06-04_19-23-33_260595134347_rgbf000067-resize,-3.66213010157292,3.66213010157292,3.7335,12.696549983566419
702027.0,2.5,-0.14595985228312358,0.14595985228312358,001092_2014-06-15_17-34-58_260595134347_rgbf000171-resize,-3.0302570867131133,3.0302570867131133,2.6935,9.164038324933468
702027.0,2.5,-0.04373563287267701,0.04373563287267701,001167_2014-06-17_15-38-07_260595134347_rgbf000108-resize,-2.527362907663273,2.527362907663273,1.8505,12.019050657019696
321432.0,2.5,-0.4225311206262921,0.4225311206262921,001029_2014-06-08_13-17-57_260595134347_rgbf000065-resize,-3.4921916815798326,3.4921916815798326,3.0835,18.209734661918688
321432.0,2.5,-0.11744917934332665,0.11744917934332665,000677_2014-06-08_23-10-32_260595134347_rgbf000158-resize,-3.4116845397388733,3.4116845397388733,3.556,19.65196273325612
321432.0,2.5,-0.08861663625114613,0.08861663625114613,001516_2014-06-20_16-25-09_260595134347_rgbf000076-resize,-2.5218631094738053,2.5218631094738053,1.7445,3.8622659094666254
321432.0,2.5,-0.12561876130506644,0.12561876130506644,001417_2014-06-19_16-25-36_260595134347_rgbf000115-resize,-3.9281773978979153,3.9281773978979153,4.6255,49.17091269608214
321432.0,2.5,-0.012371062653256493,0.012371062653256493,001650_2014-06-20_12-09-00_260595134347_rgbf000087-resize,-2.543527395526819,2.543527395526819,1.9505,47.6804595860539
321432.0,2.5,-0.6076274237398406,0.6076274237398406,000556_2014-06-09_22-42-56_260595134347_rgbf000214-resize,-4.512848825791887,4.512848825791887,4.8415,23.88242025565649
321432.0,2.5,-0.36747321757801343,0.36747321757801343,001150_2014-06-17_15-27-34_260595134347_rgbf000108-resize,-3.8881845397388735,3.8881845397388735,4.0325,11.088139074292139
321432.0,2.5,-0.19841713771374825,0.19841713771374825,000788_2014-06-08_22-34-36_260595134347_rgbf000131-resize,-3.39902025368586,3.39902025368586,3.359,21.46386213810664
321432.0,2.5,-0.2107478090642534,0.2107478090642534,000780_2014-06-08_22-28-29_260595134347_rgbf000126-resize,-3.42252025368586,3.42252025368586,3.3825,14.165390776882042
321432.0,2.5,-0.5026754289033553,0.5026754289033553,000470_2014-06-09_19-42-40_260595134347_rgbf000094-resize,-2.9770345373677776,2.9770345373677776,1.831,22.486379427626872
321432.0,2.5,-1.1743299604036117,1.1743299604036117,000109_2014-05-14_23-41-52_260595134347_rgbf000035-resize,-3.4222131071027087,3.4222131071027087,1.3545,6.620498200896815
321432.0,2.5,-0.4118010524954878,0.4118010524954878,002509_2014-06-24_13-19-22_094959634447_rgbf000077-resize,-2.636870251314764,2.636870251314764,1.3065,40.21868783296904
321432.0,2.5,-0.4302655290578494,0.4302655290578494,003338_2014-05-20_11-01-23_094959634447_rgbf000051-resize,-2.8390345373677777,2.8390345373677777,1.693,28.251495663089063
321432.0,2.5,-0.8575295087591924,0.8575295087591924,002784_2014-06-22_19-26-30_094959634447_rgbf000083-resize,-3.3193726319284496,3.3193726319284496,1.8046666666667,3.0422522474895675
321432.0,2.5,-1.08595300923801,1.08595300923801,001100_2014-06-15_17-46-26_260595134347_rgbf000225-resize,-3.75470596526175,3.75470596526175,2.24,9.548860596737413
321432.0,2.5,-1.1460952986598036,1.1460952986598036,000469_2014-06-09_19-42-10_260595134347_rgbf000081-resize,-3.535377393155722,3.535377393155722,1.652,25.13136208408983
321432.0,2.5,-0.9808118316211416,0.9808118316211416,000483_2014-06-09_20-41-45_260595134347_rgbf000116-resize,-3.2203773931557222,3.2203773931557222,1.337,29.232414989368262
321432.0,2.5,-0.06054468232553468,0.06054468232553468,002964_2014-06-08_17-46-11_094959634447_rgbf000091-resize,-2.468363109473805,2.468363109473805,1.6909999999999998,28.953812917975768
321432.0,2.5,-0.3844531017718337,0.3844531017718337,002136_2014-06-25_21-18-03_260595134347_rgbf000109-resize,-2.918698823420792,2.918698823420792,1.9569999999999999,13.297078442475444
321432.0,2.5,-0.4724781623388634,0.4724781623388634,001584_2014-06-20_11-07-43_260595134347_rgbf000002-resize,-3.754355967632846,3.754355967632846,3.53,17.602834139105468
321432.0,2.5,-1.1080538657699543,1.1080538657699543,002344_2014-06-28_20-06-29_260595134347_rgbf000030-resize,-3.4628773931557224,3.4628773931557224,1.5795,37.33165518125916
321432.0,2.5,-0.8765939509890341,0.8765939509890341,000549_2014-06-08_22-10-24_260595134347_rgbf000247-resize,-3.35570596526175,3.35570596526175,1.841,30.99307977870557
321432.0,2.5,-0.833278948945283,0.833278948945283,000736_2014-06-08_18-24-15_260595134347_rgbf000206-resize,-4.108027395526818,4.108027395526818,3.515,33.408170606136416
321432.0,2.5,-0.6068037736464809,0.6068037736464809,000137_2014-05-20_17-04-49_260595134347_rgbf000120-resize,-4.010355967632846,4.010355967632846,3.786,14.89611111351161
321432.0,2.5,-0.20162845515557115,0.20162845515557115,001056_2014-06-08_18-46-44_260595134347_rgbf000068-resize,-3.0711916815798332,3.0711916815798332,2.6625,11.38594592369452
321432.0,2.5,-0.03624534122550793,0.03624534122550793,002199_2014-06-28_18-33-56_260595134347_rgbf000074-resize,-2.589027395526819,2.589027395526819,1.996,17.12852126070164
321432.0,2.5,-1.499623325327042,1.499623325327042,002323_2014-06-28_20-01-54_260595134347_rgbf000051-resize,-4.877034537367777,4.877034537367777,3.7310000000000003,18.09172628388976
321432.0,2.5,-0.0538231067677164,0.0538231067677164,002905_2014-06-03_18-04-43_094959634447_rgbf000151-resize,-2.622527395526819,2.622527395526819,2.0295,12.020604335789361
321432.0,2.5,-0.03658086786429593,0.03658086786429593,001052_2014-06-08_18-24-54_260595134347_rgbf000130-resize,-3.5915131118449013,3.5915131118449013,4.1045,25.87613690895519
321432.0,2.5,-0.19533194212552665,0.19533194212552665,001214_2014-06-17_16-13-55_260595134347_rgbf000111-resize,-3.0591916815798332,3.0591916815798332,2.6505,18.479282579459067
321432.0,2.5,-0.6920589432592559,0.6920589432592559,002272_2014-06-28_18-53-56_260595134347_rgbf000067-resize,-2.8370416792087365,2.8370416792087365,1.138,10.409245808146235
321432.0,2.5,-0.7022277160062871,0.7022277160062871,001571_2014-06-20_17-21-32_260595134347_rgbf000089-resize,-3.190370251314764,3.190370251314764,1.86,4.991960350191473
321432.0,2.5,-0.2030764615594937,0.2030764615594937,000436_2014-06-09_22-25-11_260595134347_rgbf000137-resize,-3.7418488257918883,3.7418488257918883,4.0705,20.69156545677159
321432.0,2.5,-0.026013507551682302,0.026013507551682302,000943_2014-06-09_19-31-07_260595134347_rgbf000128-resize,-2.5695273955268187,2.5695273955268187,1.9765,15.893099149291922
321432.0,2.5,-0.4879835651665853,0.4879835651665853,000709_2014-06-08_13-51-55_260595134347_rgbf000068-resize,-2.9490345373677767,2.9490345373677767,1.8030000000000002,14.429351101546246
321432.0,2.5,-0.02562503098850744,0.02562503098850744,000758_2014-06-08_22-05-08_260595134347_rgbf000085-resize,-3.236684539738873,3.236684539738873,3.3810000000000002,11.91317737826679
321432.0,2.5,-0.5987338385761338,0.5987338385761338,000854_2014-06-09_19-43-13_260595134347_rgbf000066-resize,-3.6610273955268187,3.6610273955268187,3.068,11.910827625938722
321432.0,2.5,-0.15210647597076088,0.15210647597076088,001136_2014-06-17_15-19-41_260595134347_rgbf000076-resize,-2.6428631094738053,2.6428631094738053,1.8655,18.667799879387072
321432.0,2.5,-0.3033224355832207,0.3033224355832207,002153_2014-06-25_21-27-18_260595134347_rgbf000038-resize,-3.0980273955268185,3.0980273955268185,2.505,17.28886317575377
321432.0,2.5,-0.6589127139625359,0.6589127139625359,000739_2014-06-08_18-45-58_260595134347_rgbf000068-resize,-3.942691681579833,3.942691681579833,3.534,8.164356963721069
321432.0,2.5,-0.9548488263746228,0.9548488263746228,000734_2014-06-08_17-39-11_260595134347_rgbf000128-resize,-4.5066916815798335,4.5066916815798335,4.098,16.052231618370055
321432.0,2.5,-1.154952297858913,1.154952297858913,000522_2014-06-08_13-35-06_260595134347_rgbf000244-resize,-3.8862059652617504,3.8862059652617504,2.3715,25.742609854068213
321432.0,2.5,-0.5344203487631649,0.5344203487631649,002949_2014-06-26_15-57-42_094959634447_rgbf000079-resize,-3.0375345373677773,3.0375345373677773,1.8915,17.99500168321199
321432.0,2.5,-0.6761284779037688,0.6761284779037688,000866_2014-06-09_20-45-42_260595134347_rgbf000139-resize,-3.8085273955268186,3.8085273955268186,3.2155,8.082259189449621
321432.0,2.5,-0.3987829639076269,0.3987829639076269,001555_2014-06-20_17-12-10_260595134347_rgbf000065-resize,-2.7790345373677767,2.7790345373677767,1.633,7.608284543781994
321432.0,2.5,-1.0275109699273028,1.0275109699273028,003534_2014-05-22_15-06-10_094959634447_rgbf000102-resize,-3.3093773931557227,3.3093773931557227,1.426,12.376994007247625
321432.0,2.5,-0.03598298651592136,0.03598298651592136,002637_2014-06-24_14-51-13_094959634447_rgbf000066-resize,-2.5885273955268198,2.5885273955268198,1.9955,10.972027795242447
321432.0,2.5,-0.2267779213111403,0.2267779213111403,001016_2014-06-09_16-16-10_260595134347_rgbf000112-resize,-2.618198823420792,2.618198823420792,1.6565,7.049977084494088
321432.0,2.5,-0.2867940888793563,0.2867940888793563,002340_2014-06-28_20-05-46_260595134347_rgbf000113-resize,-3.0665273955268186,3.0665273955268186,2.4735,7.91768620575396
321432.0,2.5,-0.8609624263077268,0.8609624263077268,000773_2014-06-08_22-24-54_260595134347_rgbf000093-resize,-4.828684539738874,4.828684539738874,4.973,21.45352631724976
321432.0,2.5,-0.2579350708249839,0.2579350708249839,001059_2014-06-08_21-53-27_260595134347_rgbf000061-resize,-3.0115273955268185,3.0115273955268185,2.4185,8.755513319222857
321432.0,2.5,-0.5217012008494843,0.5217012008494843,001032_2014-06-08_13-23-17_260595134347_rgbf000021-resize,-3.6811916815798327,3.6811916815798327,3.2725,15.984983178828962
321432.0,2.5,-0.04245231836656516,0.04245231836656516,001570_2014-06-20_17-21-09_260595134347_rgbf000135-resize,-3.7696773978979152,3.7696773978979152,4.467,22.179510675592084
321432.0,2.5,-0.2883417421746729,0.2883417421746729,001066_2014-06-08_22-03-20_260595134347_rgbf000066-resize,-3.904348825791888,3.904348825791888,4.2330000000000005,19.743449467077777
321432.0,2.5,-0.4977008004236448,0.4977008004236448,000742_2014-06-08_18-48-09_260595134347_rgbf000164-resize,-4.303348825791888,4.303348825791888,4.632,18.91549953899407
321432.0,2.5,-1.2380821548328096,1.2380821548328096,002549_2014-06-24_13-41-39_094959634447_rgbf000022-resize,-3.5437131071027093,3.5437131071027093,1.476,4.1736441355391865
321432.0,2.5,-1.1457698830234284,1.1457698830234284,002750_2014-06-22_19-08-03_094959634447_rgbf000094-resize,-3.8687059652617504,3.8687059652617504,2.354,8.789636111124727
321432.0,2.5,-0.6331653664585867,0.6331653664585867,000502_2014-06-08_23-02-32_260595134347_rgbf000063-resize,-3.3926988234207918,3.3926988234207918,2.431,13.897287578908273
321432.0,2.5,-0.9746515514471,0.9746515514471,001806_2014-06-26_20-50-20_260595134347_rgbf000091-resize,-3.876534537367777,3.876534537367777,2.7305,13.909869710567438
321432.0,2.5,-0.7937630346893236,0.7937630346893236,001617_2014-06-20_11-35-32_260595134347_rgbf000066-resize,-4.199691681579832,4.199691681579832,3.7910000000000004,19.974169961071475
321432.0,2.5,-0.6095900285605245,0.6095900285605245,000493_2014-06-09_21-01-18_260595134347_rgbf000196-resize,-3.8486916815798327,3.8486916815798327,3.44,19.629285382994567
321432.0,2.5,-1.3027942322113613,1.3027942322113613,000506_2014-06-08_23-21-00_260595134347_rgbf000070-resize,-4.835863109473807,4.835863109473807,4.0585,16.716212007621664
321432.0,2.5,-0.8674481221181535,0.8674481221181535,003079_2014-06-15_15-18-20_094959634447_rgbf000152-resize,-3.839198823420791,3.839198823420791,2.8775,9.032134209869396
321432.0,2.5,-0.431550827643582,0.431550827643582,001449_2014-06-19_17-01-27_260595134347_rgbf000116-resize,-3.6763559676328463,3.6763559676328463,3.452,8.994872108877228
321432.0,2.5,-0.17168134797914514,0.17168134797914514,001450_2014-06-19_17-02-03_260595134347_rgbf000203-resize,-3.682015492458588,3.682015492458588,4.0106666666667,12.34882649363641
321432.0,2.5,-0.4358115639237357,0.4358115639237357,002600_2014-06-24_14-27-04_094959634447_rgbf000074-resize,-3.3505273955268184,3.3505273955268184,2.7575,44.47386082434929
321432.0,2.5,-0.6620243845129546,0.6620243845129546,000368_2014-06-09_15-53-01_260595134347_rgbf000155-resize,-3.4476988234207915,3.4476988234207915,2.4859999999999998,21.090700959072958
321432.0,2.5,-0.6873731444513222,0.6873731444513222,002678_2014-06-13_16-15-32_094959634447_rgbf000151-resize,-3.3290345373677783,3.3290345373677783,2.1830000000000003,32.96558503300821
321432.0,2.5,-0.4254119669305222,0.4254119669305222,002763_2014-06-22_19-13-10_094959634447_rgbf000075-resize,-2.829784537367777,2.829784537367777,1.68375,5.5919783591245595
321432.0,2.5,-0.0682526157948995,0.0682526157948995,002209_2014-06-28_18-36-10_260595134347_rgbf000051-resize,-2.650027395526819,2.650027395526819,2.057,12.962068825921264
321432.0,2.5,-0.25563693936551257,0.25563693936551257,001110_2014-06-15_17-25-28_260595134347_rgbf000150-resize,-2.6731988234207917,2.6731988234207917,1.7115,9.336195527413247
321432.0,2.5,-0.3943595198092795,0.3943595198092795,000927_2014-06-09_16-32-30_260595134347_rgbf000123-resize,-3.2715273955268187,3.2715273955268187,2.6785,11.715239650325241
321432.0,2.5,-0.7238404490836632,0.7238404490836632,001810_2014-06-26_20-51-35_260595134347_rgbf000040-resize,-3.3985345373677776,3.3985345373677776,2.2525,22.411391411207674
321432.0,2.5,-0.625231664244237,0.625231664244237,003010_2014-06-15_12-54-35_094959634447_rgbf000112-resize,-3.7115273955268187,3.7115273955268187,3.1185,6.696951333567531
321432.0,2.5,-0.5593541571761743,0.5593541571761743,002663_2014-06-13_15-50-26_094959634447_rgbf000075-resize,-4.4208488257918885,4.4208488257918885,4.7495,16.725954086732166
321432.0,2.5,-0.5742982646201094,0.5742982646201094,002875_2014-06-01_15-19-00_094959634447_rgbf000151-resize,-3.1135345373677774,3.1135345373677774,1.9675,11.625680938349673
321432.0,2.5,-0.8069703060575635,0.8069703060575635,003587_2014-05-23_16-48-02_094959634447_rgbf002384-resize,-3.0560416792087364,3.0560416792087364,1.357,20.788172722830538
749139.0,2.5,-0.24935232719376105,0.24935232719376105,001029_2014-06-08_13-17-57_260595134347_rgbf000065-resize,-3.3190128881473018,3.3190128881473018,3.0835,18.209734661918688
749139.0,2.5,-0.4972775277517541,0.4972775277517541,000677_2014-06-08_23-10-32_260595134347_rgbf000158-resize,-3.7915128881473015,3.7915128881473015,3.556,19.65196273325612
749139.0,2.5,-1.3924543474724431,1.3924543474724431,001417_2014-06-19_16-25-36_260595134347_rgbf000115-resize,-5.195012984065292,5.195012984065292,4.6255,49.17091269608214
749139.0,2.5,-0.06071929100201073,0.06071929100201073,000682_2014-06-08_23-14-58_260595134347_rgbf000041-resize,-2.9595128881473016,2.9595128881473016,2.7239999999999998,8.707843071693064
749139.0,2.5,-0.9908569389456992,0.9908569389456992,001650_2014-06-20_12-09-00_260595134347_rgbf000087-resize,-3.5220132718192616,3.5220132718192616,1.9505,47.6804595860539
749139.0,2.5,-0.037129917755402635,0.037129917755402635,001244_2014-06-17_16-47-45_260595134347_rgbf000030-resize,-2.612012984065292,2.612012984065292,2.0425,6.7629638807870815
749139.0,2.5,-0.4863262817973388,0.4863262817973388,003495_2014-05-21_16-01-51_094959634447_rgbf000100-resize,-2.863013175901272,2.863013175901272,1.6255,12.747278812179
749139.0,2.5,-1.0734310206168691,1.0734310206168691,002375_2014-06-28_20-13-44_260595134347_rgbf000032-resize,-4.587012984065292,4.587012984065292,4.0175,48.76103649676905
749139.0,2.5,-1.0619099640111698,1.0619099640111698,000788_2014-06-08_22-34-36_260595134347_rgbf000131-resize,-4.2625130799832815,4.2625130799832815,3.359,21.46386213810664
749139.0,2.5,-0.5521096620550605,0.5521096620550605,001235_2014-06-17_16-37-36_260595134347_rgbf000084-resize,-3.8960128881473017,3.8960128881473017,3.6605,14.547706659434104
749139.0,2.5,-0.4062404435256951,0.4062404435256951,000780_2014-06-08_22-28-29_260595134347_rgbf000126-resize,-3.6180128881473017,3.6180128881473017,3.3825,14.165390776882042
749139.0,2.5,-0.7611541153958443,0.7611541153958443,000470_2014-06-09_19-42-40_260595134347_rgbf000094-resize,-3.2355132238602664,3.2355132238602664,1.831,22.486379427626872
749139.0,2.5,-0.6781301251201641,0.6781301251201641,000109_2014-05-14_23-41-52_260595134347_rgbf000035-resize,-2.926013271819261,2.926013271819261,1.3545,6.620498200896815
749139.0,2.5,-0.318943977081996,0.318943977081996,002509_2014-06-24_13-19-22_094959634447_rgbf000077-resize,-2.544013175901272,2.544013175901272,1.3065,40.21868783296904
749139.0,2.5,-0.6887442155503385,0.6887442155503385,003338_2014-05-20_11-01-23_094959634447_rgbf000051-resize,-3.0975132238602665,3.0975132238602665,1.693,28.251495663089063
749139.0,2.5,-0.5803367193987142,0.5803367193987142,002784_2014-06-22_19-26-30_094959634447_rgbf000083-resize,-3.042179842567972,3.042179842567972,1.8046666666667,3.0422522474895675
749139.0,2.5,-1.1427603157955215,1.1427603157955215,001100_2014-06-15_17-46-26_260595134347_rgbf000225-resize,-3.811513271819262,3.811513271819262,2.24,9.548860596737413
749139.0,2.5,-0.5002310814053528,0.5002310814053528,000469_2014-06-09_19-42-10_260595134347_rgbf000081-resize,-2.8895131759012718,2.8895131759012718,1.652,25.13136208408983
749139.0,2.5,-0.5019476623256854,0.5019476623256854,000483_2014-06-09_20-41-45_260595134347_rgbf000116-resize,-2.741513223860266,2.741513223860266,1.337,29.232414989368262
749139.0,2.5,-0.854694844670991,0.854694844670991,002964_2014-06-08_17-46-11_094959634447_rgbf000091-resize,-3.262513271819261,3.262513271819261,1.6909999999999998,28.953812917975768
749139.0,2.5,-0.6602674542523139,0.6602674542523139,002136_2014-06-25_21-18-03_260595134347_rgbf000109-resize,-3.1945131759012715,3.1945131759012715,1.9569999999999999,13.297078442475444
749139.0,2.5,-0.7853429988762886,0.7853429988762886,002103_2014-06-25_20-00-40_260595134347_rgbf000049-resize,-4.340512888147302,4.340512888147302,4.105,11.598018874569219
749139.0,2.5,-0.546075503734599,0.546075503734599,000457_2014-06-08_16-52-43_260595134347_rgbf000199-resize,-3.884512888147302,3.884512888147302,3.6489999999999996,14.067279821032837
749139.0,2.5,-0.7215908044470869,0.7215908044470869,003621_2014-05-23_18-06-08_094959634447_rgbf000101-resize,-4.219012888147302,4.219012888147302,3.9835,23.07176470133362
749139.0,2.5,-0.7567490864258409,0.7567490864258409,002279_2014-06-28_18-55-32_260595134347_rgbf000040-resize,-3.0758466051525617,3.0758466051525617,1.5043333333333,15.963772282558683
749139.0,2.5,-0.1234220665928752,0.1234220665928752,002043_2014-06-24_20-29-38_260595134347_rgbf000039-resize,-3.0790128881473016,3.0790128881473016,2.8435,8.475049543704081
749139.0,2.5,-0.0640848009945102,0.0640848009945102,003048_2014-06-15_13-49-43_094959634447_rgbf000150-resize,-3.5710126963113216,3.5710126963113216,4.0035,24.355606534500392
749139.0,2.5,-0.4621896485155035,0.4621896485155035,002344_2014-06-28_20-06-29_260595134347_rgbf000030-resize,-2.8170131759012715,2.8170131759012715,1.5795,37.33165518125916
749139.0,2.5,-0.5994011616285561,0.5994011616285561,000549_2014-06-08_22-10-24_260595134347_rgbf000247-resize,-3.0785131759012714,3.0785131759012714,1.841,30.99307977870557
749139.0,2.5,-0.8097645374837558,0.8097645374837558,000736_2014-06-08_18-24-15_260595134347_rgbf000206-resize,-4.084512984065292,4.084512984065292,3.515,33.408170606136416
749139.0,2.5,-0.1433610245213484,0.1433610245213484,000642_2014-06-08_16-59-25_260595134347_rgbf000098-resize,-3.117012888147302,3.117012888147302,2.8815,31.36214301237791
749139.0,2.5,-0.6807311215999605,0.6807311215999605,002199_2014-06-28_18-33-56_260595134347_rgbf000074-resize,-3.233513175901272,3.233513175901272,1.996,17.12852126070164
749139.0,2.5,-0.8281068165386751,0.8281068165386751,000917_2014-06-09_22-45-29_260595134347_rgbf000149-resize,-4.422012888147301,4.422012888147301,4.1865,9.740561609074897
749139.0,2.5,-0.06310303400433648,0.06310303400433648,000878_2014-06-08_22-52-45_260595134347_rgbf000045-resize,-2.661512984065292,2.661512984065292,2.092,5.576511521775202
749139.0,2.5,-0.44723543006914707,0.44723543006914707,002953_2014-06-08_17-32-18_094959634447_rgbf000059-resize,-2.788513175901272,2.788513175901272,1.551,13.905027931093345
749139.0,2.5,-0.3643087912241789,0.3643087912241789,002905_2014-06-03_18-04-43_094959634447_rgbf000151-resize,-2.9330130799832816,2.9330130799832816,2.0295,12.020604335789361
749139.0,2.5,-0.07939157661467344,0.07939157661467344,000810_2014-06-08_17-20-01_260595134347_rgbf000105-resize,-2.390013079983281,2.390013079983281,1.4865,3.0958890116960642
749139.0,2.5,-0.6901533405289755,0.6901533405289755,001214_2014-06-17_16-13-55_260595134347_rgbf000111-resize,-3.5540130799832816,3.5540130799832816,2.6505,18.479282579459067
749139.0,2.5,-0.2305304399517913,0.2305304399517913,002272_2014-06-28_18-53-56_260595134347_rgbf000067-resize,-2.3755131759012715,2.3755131759012715,1.138,10.409245808146235
749139.0,2.5,-0.6093706405927951,0.6093706405927951,001571_2014-06-20_17-21-32_260595134347_rgbf000089-resize,-3.0975131759012715,3.0975131759012715,1.86,4.991960350191473
749139.0,2.5,-0.3364991920081448,0.3364991920081448,000943_2014-06-09_19-31-07_260595134347_rgbf000128-resize,-2.8800130799832813,2.8800130799832813,1.9765,15.893099149291922
749139.0,2.5,-0.24546210778208946,0.24546210778208946,000709_2014-06-08_13-51-55_260595134347_rgbf000068-resize,-2.706513079983281,2.706513079983281,1.8030000000000002,14.429351101546246
749139.0,2.5,-0.5752194271146066,0.5752194271146066,000854_2014-06-09_19-43-13_260595134347_rgbf000066-resize,-3.637512984065292,3.637512984065292,3.068,11.910827625938722
749139.0,2.5,-0.5345769977449604,0.5345769977449604,001164_2014-06-17_15-35-46_260595134347_rgbf000085-resize,-3.2575130799832817,3.2575130799832817,2.354,17.325668807481115
749139.0,2.5,-0.2798080241216935,0.2798080241216935,002153_2014-06-25_21-27-18_260595134347_rgbf000038-resize,-3.074512984065292,3.074512984065292,2.505,17.28886317575377
749139.0,2.5,-0.17377162021717724,0.17377162021717724,002660_2014-06-13_15-44-18_094959634447_rgbf001878-resize,-3.4775127922293114,3.4775127922293114,3.576,15.11997681444361
749139.0,2.5,-0.4476699370241015,0.4476699370241015,000734_2014-06-08_17-39-11_260595134347_rgbf000128-resize,-3.9995127922293108,3.9995127922293108,4.098,16.052231618370055
749139.0,2.5,-1.2117596044164252,1.2117596044164252,000522_2014-06-08_13-35-06_260595134347_rgbf000244-resize,-3.943013271819262,3.943013271819262,2.3715,25.742609854068213
749139.0,2.5,-0.2918988913786692,0.2918988913786692,002949_2014-06-26_15-57-42_094959634447_rgbf000079-resize,-2.7950130799832813,2.7950130799832813,1.8915,17.99500168321199
749139.0,2.5,-0.4902616024411212,0.4902616024411212,001555_2014-06-20_17-12-10_260595134347_rgbf000065-resize,-2.870513175901272,2.870513175901272,1.633,7.608284543781994
749139.0,2.5,-0.38164675267285203,0.38164675267285203,003534_2014-05-22_15-06-10_094959634447_rgbf000102-resize,-2.663513175901272,2.663513175901272,1.426,12.376994007247625
749139.0,2.5,-0.5727905828801744,0.5727905828801744,000773_2014-06-08_22-24-54_260595134347_rgbf000093-resize,-4.540512696311322,4.540512696311322,4.973,21.45352631724976
749139.0,2.5,-0.3485224074169533,0.3485224074169533,001032_2014-06-08_13-23-17_260595134347_rgbf000021-resize,-3.508012888147302,3.508012888147302,3.2725,15.984983178828962
749139.0,2.5,-0.7921867719415501,0.7921867719415501,003292_2014-05-14_21-53-49_094959634447_rgbf000100-resize,-4.051012984065292,4.051012984065292,3.4815,33.084282711345374
749139.0,2.5,-0.4159250171643005,0.4159250171643005,002639_2014-06-24_14-51-37_094959634447_rgbf000074-resize,-3.939012792229311,3.939012792229311,4.0375,16.521406794569987
749139.0,2.5,-1.1365273282720991,1.1365273282720991,001447_2014-06-19_17-00-32_260595134347_rgbf000082-resize,-4.707262984065292,4.707262984065292,4.13775,46.830399423560245
749139.0,2.5,-0.3060434950802161,0.3060434950802161,002758_2014-06-22_19-11-20_094959634447_rgbf000128-resize,-3.124512984065292,3.124512984065292,2.555,7.204478276142114
749139.0,2.5,-0.5748822715903668,0.5748822715903668,002549_2014-06-24_13-41-39_094959634447_rgbf000022-resize,-2.8805132238602664,2.8805132238602664,1.476,4.1736441355391865
749139.0,2.5,-0.2005769018269704,0.2005769018269704,002750_2014-06-22_19-08-03_094959634447_rgbf000094-resize,-2.923512984065292,2.923512984065292,2.354,8.789636111124727
749139.0,2.5,-0.43509946158006746,0.43509946158006746,001199_2014-06-17_16-03-48_260595134347_rgbf000077-resize,-3.673012888147302,3.673012888147302,3.4375,28.282249848901696
749139.0,2.5,-0.9089797189390668,0.9089797189390668,000502_2014-06-08_23-02-32_260595134347_rgbf000063-resize,-3.668513175901272,3.668513175901272,2.431,13.897287578908273
749139.0,2.5,-0.3981299981446146,0.3981299981446146,001806_2014-06-26_20-50-20_260595134347_rgbf000091-resize,-3.300012984065292,3.300012984065292,2.7305,13.909869710567438
749139.0,2.5,-0.7704113310459836,0.7704113310459836,000493_2014-06-09_21-01-18_260595134347_rgbf000196-resize,-4.009512984065291,4.009512984065291,3.44,19.629285382994567
749139.0,2.5,-0.07829705654421831,0.07829705654421831,002600_2014-06-24_14-27-04_094959634447_rgbf000074-resize,-2.9930128881473017,2.9930128881473017,2.7575,44.47386082434929
749139.0,2.5,-0.6038386410754448,0.6038386410754448,000368_2014-06-09_15-53-01_260595134347_rgbf000155-resize,-3.3895130799832818,3.3895130799832818,2.4859999999999998,21.090700959072958
749139.0,2.5,-0.11085159114883668,0.11085159114883668,002678_2014-06-13_16-15-32_094959634447_rgbf000151-resize,-2.7525129840652918,2.7525129840652918,2.1830000000000003,32.96558503300821
749139.0,2.5,-0.1828905095460264,0.1828905095460264,002763_2014-06-22_19-13-10_094959634447_rgbf000075-resize,-2.5872630799832814,2.5872630799832814,1.68375,5.5919783591245595
749139.0,2.5,-0.7127383961693521,0.7127383961693521,002209_2014-06-28_18-36-10_260595134347_rgbf000051-resize,-3.294513175901272,3.294513175901272,2.057,12.962068825921264
749139.0,2.5,-1.1636584900981215,1.1636584900981215,001828_2014-06-26_21-40-03_260595134347_rgbf000024-resize,-5.061512888147302,5.061512888147302,4.8260000000000005,35.55232951340613
749139.0,2.5,-0.5314512918459928,0.5314512918459928,001110_2014-06-15_17-25-28_260595134347_rgbf000150-resize,-2.949013175901272,2.949013175901272,1.7115,9.336195527413247
749139.0,2.5,-0.03684501242976218,0.03684501242976218,000927_2014-06-09_16-32-30_260595134347_rgbf000123-resize,-2.9140128881473015,2.9140128881473015,2.6785,11.715239650325241
749139.0,2.5,-1.0836628542906892,1.0836628542906892,002570_2014-06-24_13-59-54_094959634447_rgbf000059-resize,-4.606512984065292,4.606512984065292,4.037,41.596140375002705
749139.0,2.5,-0.8153190876171574,0.8153190876171574,001810_2014-06-26_20-51-35_260595134347_rgbf000040-resize,-3.490013175901272,3.490013175901272,2.2525,22.411391411207674
749139.0,2.5,-0.7127158455532923,0.7127158455532923,001092_2014-06-15_17-34-58_260595134347_rgbf000171-resize,-3.5970130799832813,3.5970130799832813,2.6935,9.164038324933468
749139.0,2.5,-0.6043859011106754,0.6043859011106754,001167_2014-06-17_15-38-07_260595134347_rgbf000108-resize,-3.0880131759012714,3.0880131759012714,1.8505,12.019050657019696
749139.0,2.5,-0.679441898668089,0.679441898668089,003587_2014-05-23_16-48-02_094959634447_rgbf002384-resize,-2.928513271819262,2.928513271819262,1.357,20.788172722830538
844666.0,2.5,-0.08264737862669458,0.08264737862669458,001808_2014-06-26_20-50-58_260595134347_rgbf000029-resize,-3.7062591115371726,3.7062591115371726,4.249,20.030651550568866
844666.0,2.5,-1.0193618754222709,1.0193618754222709,001417_2014-06-19_16-25-36_260595134347_rgbf000115-resize,-4.8219205120151205,4.8219205120151205,4.6255,49.17091269608214
844666.0,2.5,-0.3549255796195039,0.3549255796195039,001650_2014-06-20_12-09-00_260595134347_rgbf000087-resize,-2.8860819124930663,2.8860819124930663,1.9505,47.6804595860539
844666.0,2.5,-0.18439501838913366,0.18439501838913366,003495_2014-05-21_16-01-51_094959634447_rgbf000100-resize,-2.5610819124930666,2.5610819124930666,1.6255,12.747278812179
844666.0,2.5,-0.23087778954232,0.23087778954232,001158_2014-06-17_15-32-16_260595134347_rgbf000138-resize,-3.988759111537173,3.988759111537173,4.5315,26.954451973303737
844666.0,2.5,-0.7082091898542587,0.7082091898542587,001150_2014-06-17_15-27-34_260595134347_rgbf000108-resize,-4.2289205120151205,4.2289205120151205,4.0325,11.088139074292139
844666.0,2.5,-0.196355151453565,0.196355151453565,000665_2014-06-09_20-42-35_260595134347_rgbf000110-resize,-3.2534205120151194,3.2534205120151194,3.057,18.49880761375764
844666.0,2.5,-0.7003385485666971,0.7003385485666971,002375_2014-06-28_20-13-44_260595134347_rgbf000032-resize,-4.21392051201512,4.21392051201512,4.0175,48.76103649676905
844666.0,2.5,-1.0939787965209546,1.0939787965209546,000788_2014-06-08_22-34-36_260595134347_rgbf000131-resize,-4.294581912493067,4.294581912493067,3.359,21.46386213810664
844666.0,2.5,-1.2521786864008253,1.2521786864008253,001235_2014-06-17_16-37-36_260595134347_rgbf000084-resize,-4.596081912493066,4.596081912493066,3.6605,14.547706659434104
844666.0,2.5,-0.5132796406324592,0.5132796406324592,000692_2014-06-08_13-09-42_260595134347_rgbf000199-resize,-3.85742051201512,3.85742051201512,3.661,54.80046590295557
844666.0,2.5,-0.8052804324007595,0.8052804324007595,001094_2014-06-15_17-36-00_260595134347_rgbf000205-resize,-4.41392051201512,4.41392051201512,4.2175,17.196771274488466
844666.0,2.5,-0.7813601662719158,0.7813601662719158,000109_2014-05-14_23-41-52_260595134347_rgbf000035-resize,-3.0292433129710137,3.0292433129710137,1.3545,6.620498200896815
844666.0,2.5,-0.7561741141517377,0.7561741141517377,002509_2014-06-24_13-19-22_094959634447_rgbf000077-resize,-2.9812433129710136,2.9812433129710136,1.3065,40.21868783296904
844666.0,2.5,-0.21876348534479573,0.21876348534479573,002964_2014-06-08_17-46-11_094959634447_rgbf000091-resize,-2.6265819124930663,2.6265819124930663,1.6909999999999998,28.953812917975768
844666.0,2.5,-0.3583361908441087,0.3583361908441087,002136_2014-06-25_21-18-03_260595134347_rgbf000109-resize,-2.8925819124930667,2.8925819124930667,1.9569999999999999,13.297078442475444
844666.0,2.5,-0.16607617627477864,0.16607617627477864,002039_2014-06-24_20-22-38_260595134347_rgbf000084-resize,-3.865259111537173,3.865259111537173,4.408,15.524303639345458
844666.0,2.5,-0.7462506227441065,0.7462506227441065,002103_2014-06-25_20-00-40_260595134347_rgbf000049-resize,-4.30142051201512,4.30142051201512,4.105,11.598018874569219
844666.0,2.5,-0.771436674864285,0.771436674864285,000691_2014-06-08_13-08-50_260595134347_rgbf000132-resize,-4.34942051201512,4.34942051201512,4.1530000000000005,14.740846212587924
844666.0,2.5,-1.575507872186256,1.575507872186256,000929_2014-06-09_16-33-19_260595134347_rgbf000139-resize,-4.542743312971014,4.542743312971014,2.8680000000000003,19.501338012209015
844666.0,2.5,-1.2461445280803638,1.2461445280803638,000457_2014-06-08_16-52-43_260595134347_rgbf000199-resize,-4.584581912493066,4.584581912493066,3.6489999999999996,14.067279821032837
844666.0,2.5,-0.8249570356196544,0.8249570356196544,001175_2014-06-17_15-45-55_260595134347_rgbf000129-resize,-4.451420512015121,4.451420512015121,4.255,15.34903910495583
844666.0,2.5,-0.12081772709964568,0.12081772709964568,002279_2014-06-28_18-55-32_260595134347_rgbf000040-resize,-2.4399152458263664,2.4399152458263664,1.5043333333333,15.963772282558683
844666.0,2.5,-0.4197271928870472,0.4197271928870472,000635_2014-06-08_16-38-42_260595134347_rgbf000106-resize,-3.0095819124930663,3.0095819124930663,2.074,10.796976226722654
844666.0,2.5,-0.16025838510729828,0.16025838510729828,002344_2014-06-28_20-06-29_260595134347_rgbf000030-resize,-2.5150819124930663,2.5150819124930663,1.5795,37.33165518125916
844666.0,2.5,-0.578868318028754,0.578868318028754,000137_2014-05-20_17-04-49_260595134347_rgbf000120-resize,-3.98242051201512,3.98242051201512,3.786,14.89611111351161
844666.0,2.5,-1.3757477546154415,1.3757477546154415,002425_2014-06-28_20-27-29_260595134347_rgbf000031-resize,-4.831581912493066,4.831581912493066,3.8960000000000004,8.40495801096819
844666.0,2.5,-0.3787998581917553,0.3787998581917553,002199_2014-06-28_18-33-56_260595134347_rgbf000074-resize,-2.9315819124930664,2.9315819124930664,1.996,17.12852126070164
844666.0,2.5,-0.4291719624321111,0.4291719624321111,000878_2014-06-08_22-52-45_260595134347_rgbf000045-resize,-3.0275819124930665,3.0275819124930665,2.092,5.576511521775202
844666.0,2.5,-1.6029469331162065,1.6029469331162065,000414_2014-06-04_19-49-13_260595134347_rgbf000044-resize,-5.264581912493067,5.264581912493067,4.329,13.241348366125557
844666.0,2.5,-1.1793982482692429,1.1793982482692429,003129_2014-05-12_10-48-10_094959634447_rgbf000100-resize,-5.12692051201512,5.12692051201512,4.9305,17.9074543760639
844666.0,2.5,-1.0936082582348885,1.0936082582348885,002988_2014-06-15_12-24-20_094959634447_rgbf000150-resize,-4.96342051201512,4.96342051201512,4.7669999999999995,14.460306569198616
844666.0,2.5,-0.7222221730387604,0.7222221730387604,001214_2014-06-17_16-13-55_260595134347_rgbf000111-resize,-3.5860819124930665,3.5860819124930665,2.6505,18.479282579459067
844666.0,2.5,-0.1954139161917151,0.1954139161917151,002788_2014-06-22_19-36-03_094959634447_rgbf000088-resize,-2.5820819124930665,2.5820819124930665,1.6465,21.7158464010581
844666.0,2.5,-0.7281481477827253,0.7281481477827253,000436_2014-06-09_22-25-11_260595134347_rgbf000137-resize,-4.266920512015121,4.266920512015121,4.0705,20.69156545677159
844666.0,2.5,-0.15610669731054205,0.15610669731054205,002444_2014-06-28_20-32-08_260595134347_rgbf000027-resize,-3.8462591115371714,3.8462591115371714,4.388999999999999,17.102760279009576
844666.0,2.5,-0.8882927042061755,0.8882927042061755,002057_2014-06-24_21-00-13_260595134347_rgbf000120-resize,-3.9025819124930665,3.9025819124930665,2.967,10.990036854719376
844666.0,2.5,-1.0494866794679691,1.0494866794679691,001136_2014-06-17_15-19-41_260595134347_rgbf000076-resize,-3.5402433129710134,3.5402433129710134,1.8655,18.667799879387072
844666.0,2.5,-0.4686793400029853,0.4686793400029853,002660_2014-06-13_15-44-18_094959634447_rgbf001878-resize,-3.77242051201512,3.77242051201512,3.576,15.11997681444361
844666.0,2.5,-0.0034162563319628525,0.0034162563319628525,000734_2014-06-08_17-39-11_260595134347_rgbf000128-resize,-3.5552591115371732,3.5552591115371732,4.098,16.052231618370055
844666.0,2.5,-1.3149896455681769,1.3149896455681769,000522_2014-06-08_13-35-06_260595134347_rgbf000244-resize,-4.046243312971013,4.046243312971013,2.3715,25.742609854068213
844666.0,2.5,-0.3239677238884541,0.3239677238884541,002949_2014-06-26_15-57-42_094959634447_rgbf000079-resize,-2.8270819124930666,2.8270819124930666,1.8915,17.99500168321199
844666.0,2.5,-1.5339476444953042,1.5339476444953042,002989_2014-06-15_12-25-03_094959634447_rgbf000150-resize,-5.133081912493066,5.133081912493066,4.1975,27.906783421951957
844666.0,2.5,-1.7578443953479632,1.7578443953479632,000866_2014-06-09_20-45-42_260595134347_rgbf000139-resize,-4.890243312971013,4.890243312971013,3.2155,8.082259189449621
844666.0,2.5,-0.07971548926464678,0.07971548926464678,003534_2014-05-22_15-06-10_094959634447_rgbf000102-resize,-2.3615819124930657,2.3615819124930657,1.426,12.376994007247625
844666.0,2.5,-1.1176989039601155,1.1176989039601155,002637_2014-06-24_14-51-13_094959634447_rgbf000066-resize,-3.6702433129710137,3.6702433129710137,1.9955,10.972027795242447
844666.0,2.5,-0.6004895877912313,0.6004895877912313,001059_2014-06-08_21-53-27_260595134347_rgbf000061-resize,-3.3540819124930663,3.3540819124930663,2.4185,8.755513319222857
844666.0,2.5,-1.0485914317627179,1.0485914317627179,001032_2014-06-08_13-23-17_260595134347_rgbf000021-resize,-4.208081912493066,4.208081912493066,3.2725,15.984983178828962
844666.0,2.5,-0.4190942998913777,0.4190942998913777,003292_2014-05-14_21-53-49_094959634447_rgbf000100-resize,-3.67792051201512,3.67792051201512,3.4815,33.084282711345374
844666.0,2.5,-0.7108327369501085,0.7108327369501085,002639_2014-06-24_14-51-37_094959634447_rgbf000074-resize,-4.23392051201512,4.23392051201512,4.0375,16.521406794569987
844666.0,2.5,-0.20333054503587444,0.20333054503587444,000447_2014-06-08_16-15-46_260595134347_rgbf000130-resize,-3.9362591115371734,3.9362591115371734,4.479,19.081432914605553
844666.0,2.5,-0.8134134283979045,0.8134134283979045,001066_2014-06-08_22-03-20_260595134347_rgbf000066-resize,-4.42942051201512,4.42942051201512,4.2330000000000005,19.743449467077777
844666.0,2.5,-0.1714314540429717,0.1714314540429717,002630_2014-06-24_14-47-50_094959634447_rgbf000055-resize,-3.2059205120151195,3.2059205120151195,3.0095,10.661401196716628
844666.0,2.5,-0.8451123607011137,0.8451123607011137,002549_2014-06-24_13-41-39_094959634447_rgbf000022-resize,-3.1507433129710134,3.1507433129710134,1.476,4.1736441355391865
844666.0,2.5,-0.7641989265723892,0.7641989265723892,001806_2014-06-26_20-50-20_260595134347_rgbf000091-resize,-3.6660819124930666,3.6660819124930666,2.7305,13.909869710567438
844666.0,2.5,-1.142776772503802,1.142776772503802,001449_2014-06-19_17-01-27_260595134347_rgbf000116-resize,-4.387581912493067,4.387581912493067,3.452,8.994872108877228
844666.0,2.5,-0.7783660808899828,0.7783660808899828,002600_2014-06-24_14-27-04_094959634447_rgbf000074-resize,-3.6930819124930654,3.6930819124930654,2.7575,44.47386082434929
844666.0,2.5,-1.2160819200545585,1.2160819200545585,002678_2014-06-13_16-15-32_094959634447_rgbf000151-resize,-3.8577433129710137,3.8577433129710137,2.1830000000000003,32.96558503300821
844666.0,2.5,-0.21495934205581124,0.21495934205581124,002763_2014-06-22_19-13-10_094959634447_rgbf000075-resize,-2.6193319124930667,2.6193319124930667,1.68375,5.5919783591245595
844666.0,2.5,-1.149968533239094,1.149968533239094,002209_2014-06-28_18-36-10_260595134347_rgbf000051-resize,-3.731743312971013,3.731743312971013,2.057,12.962068825921264
844666.0,2.5,-0.38540471348799293,0.38540471348799293,001828_2014-06-26_21-40-03_260595134347_rgbf000024-resize,-4.283259111537173,4.283259111537173,4.8260000000000005,35.55232951340613
844666.0,2.5,-1.4497317827184637,1.4497317827184637,002570_2014-06-24_13-59-54_094959634447_rgbf000059-resize,-4.972581912493066,4.972581912493066,4.037,41.596140375002705
844666.0,2.5,-0.5513210735223132,0.5513210735223132,000409_2014-06-04_19-23-33_260595134347_rgbf000067-resize,-3.9299205120151193,3.9299205120151193,3.7335,12.696549983566419
844666.0,2.5,-0.7447846780630771,0.7447846780630771,001092_2014-06-15_17-34-58_260595134347_rgbf000171-resize,-3.629081912493066,3.629081912493066,2.6935,9.164038324933468
844666.0,2.5,-0.30245463770247016,0.30245463770247016,001167_2014-06-17_15-38-07_260595134347_rgbf000108-resize,-2.7860819124930662,2.7860819124930662,1.8505,12.019050657019696
844666.0,2.5,-0.7826719398198407,0.7826719398198407,003587_2014-05-23_16-48-02_094959634447_rgbf002384-resize,-3.031743312971013,3.031743312971013,1.357,20.788172722830538
862035.0,2.5,-0.1996446148327892,0.1996446148327892,001808_2014-06-26_20-50-58_260595134347_rgbf000029-resize,-3.8232563477432673,3.8232563477432673,4.249,20.030651550568866
862035.0,2.5,-0.14372733295529488,0.14372733295529488,001029_2014-06-08_13-17-57_260595134347_rgbf000065-resize,-3.2133878939088354,3.2133878939088354,3.0835,18.209734661918688
862035.0,2.5,-0.5107258429291122,0.5107258429291122,000682_2014-06-08_23-14-58_260595134347_rgbf000041-resize,-3.409519440074403,3.409519440074403,2.7239999999999998,8.707843071693064
862035.0,2.5,-1.216126199531976,1.216126199531976,001650_2014-06-20_12-09-00_260595134347_rgbf000087-resize,-3.7472825324055385,3.7472825324055385,1.9505,47.6804595860539
862035.0,2.5,-0.7087679199300814,0.7087679199300814,001244_2014-06-17_16-47-45_260595134347_rgbf000030-resize,-3.2836509862399703,3.2836509862399703,2.0425,6.7629638807870815
862035.0,2.5,-0.4899640921360378,0.4899640921360378,003495_2014-05-21_16-01-51_094959634447_rgbf000100-resize,-2.8666509862399705,2.8666509862399705,1.6255,12.747278812179
862035.0,2.5,-0.5105349456912202,0.5105349456912202,000556_2014-06-09_22-42-56_260595134347_rgbf000214-resize,-4.415756347743267,4.415756347743267,4.8415,23.88242025565649
862035.0,2.5,-0.6854540795128485,0.6854540795128485,000665_2014-06-09_20-42-35_260595134347_rgbf000110-resize,-3.7425194400744033,3.7425194400744033,3.057,18.49880761375764
862035.0,2.5,-1.1894374766259803,1.1894374766259803,002375_2014-06-28_20-13-44_260595134347_rgbf000032-resize,-4.703019440074403,4.703019440074403,4.0175,48.76103649676905
862035.0,2.5,-0.2882847779367237,0.2882847779367237,000788_2014-06-08_22-34-36_260595134347_rgbf000131-resize,-3.4888878939088355,3.4888878939088355,3.359,21.46386213810664
862035.0,2.5,-0.3006154492872289,0.3006154492872289,000780_2014-06-08_22-28-29_260595134347_rgbf000126-resize,-3.5123878939088358,3.5123878939088358,3.3825,14.165390776882042
862035.0,2.5,-1.1534234239411163,1.1534234239411163,000470_2014-06-09_19-42-40_260595134347_rgbf000094-resize,-3.627782532405538,3.627782532405538,1.831,22.486379427626872
862035.0,2.5,-0.9033993857064408,0.9033993857064408,000109_2014-05-14_23-41-52_260595134347_rgbf000035-resize,-3.1512825324055385,3.1512825324055385,1.3545,6.620498200896815
862035.0,2.5,-0.8782133335862627,0.8782133335862627,002509_2014-06-24_13-19-22_094959634447_rgbf000077-resize,-3.1032825324055384,3.1032825324055384,1.3065,40.21868783296904
862035.0,2.5,-0.5253819779300426,0.5253819779300426,003338_2014-05-20_11-01-23_094959634447_rgbf000051-resize,-2.9341509862399704,2.9341509862399704,1.693,28.251495663089063
862035.0,2.5,-0.028342983571845726,0.028342983571845726,002784_2014-06-22_19-26-30_094959634447_rgbf000083-resize,-2.490186106741103,2.490186106741103,1.8046666666667,3.0422522474895675
862035.0,2.5,-1.3680295763817985,1.3680295763817985,001100_2014-06-15_17-46-26_260595134347_rgbf000225-resize,-4.036782532405539,4.036782532405539,2.24,9.548860596737413
862035.0,2.5,-1.0595004379096196,1.0595004379096196,000469_2014-06-09_19-42-10_260595134347_rgbf000081-resize,-3.4487825324055383,3.4487825324055383,1.652,25.13136208408983
862035.0,2.5,-0.8942169708709574,0.8942169708709574,000483_2014-06-09_20-41-45_260595134347_rgbf000116-resize,-3.1337825324055384,3.1337825324055384,1.337,29.232414989368262
862035.0,2.5,-1.0799641052572675,1.0799641052572675,002964_2014-06-08_17-46-11_094959634447_rgbf000091-resize,-3.4877825324055385,3.4877825324055385,1.6909999999999998,28.953812917975768
862035.0,2.5,-0.10827371842544542,0.10827371842544542,002136_2014-06-25_21-18-03_260595134347_rgbf000109-resize,-2.642519440074403,2.642519440074403,1.9569999999999999,13.297078442475444
862035.0,2.5,-0.6797180046378224,0.6797180046378224,002103_2014-06-25_20-00-40_260595134347_rgbf000049-resize,-4.234887893908836,4.234887893908836,4.105,11.598018874569219
862035.0,2.5,-0.06033426404305275,0.06033426404305275,003621_2014-05-23_18-06-08_094959634447_rgbf000101-resize,-3.5577563477432674,3.5577563477432674,3.9835,23.07176470133362
862035.0,2.5,-0.9820183470121177,0.9820183470121177,002279_2014-06-28_18-55-32_260595134347_rgbf000040-resize,-3.3011158657388378,3.3011158657388378,1.5043333333333,15.963772282558683
862035.0,2.5,-0.16966472046838388,0.16966472046838388,000635_2014-06-08_16-38-42_260595134347_rgbf000106-resize,-2.7595194400744028,2.7595194400744028,2.074,10.796976226722654
862035.0,2.5,-0.017797072354409027,0.017797072354409027,002043_2014-06-24_20-29-38_260595134347_rgbf000039-resize,-2.973387893908836,2.973387893908836,2.8435,8.475049543704081
862035.0,2.5,-1.0214590050197705,1.0214590050197705,002344_2014-06-28_20-06-29_260595134347_rgbf000030-resize,-3.376282532405538,3.376282532405538,1.5795,37.33165518125916
862035.0,2.5,-1.1586705181328227,1.1586705181328227,000549_2014-06-08_22-10-24_260595134347_rgbf000247-resize,-3.6377825324055375,3.6377825324055375,1.841,30.99307977870557
862035.0,2.5,-0.3701394473272995,0.3701394473272995,000736_2014-06-08_18-24-15_260595134347_rgbf000206-resize,-3.644887893908836,3.644887893908836,3.515,33.408170606136416
862035.0,2.5,-1.2400004781042273,1.2400004781042273,002199_2014-06-28_18-33-56_260595134347_rgbf000074-resize,-3.7927825324055378,3.7927825324055378,1.996,17.12852126070164
862035.0,2.5,-0.4508732404078459,0.4508732404078459,002953_2014-06-08_17-32-18_094959634447_rgbf000059-resize,-2.7921509862399705,2.7921509862399705,1.551,13.905027931093345
862035.0,2.5,-1.2575782436464358,1.2575782436464358,002905_2014-06-03_18-04-43_094959634447_rgbf000151-resize,-3.8262825324055374,3.8262825324055374,2.0295,12.020604335789361
862035.0,2.5,-0.2350267718909334,0.2350267718909334,003423_2014-05-21_10-23-26_094959634447_rgbf002665-resize,-3.3873878939088358,3.3873878939088358,3.2575,35.43119222475438
862035.0,2.5,-0.2416213683664073,0.2416213683664073,000414_2014-06-04_19-49-13_260595134347_rgbf000044-resize,-3.9032563477432674,3.9032563477432674,4.329,13.241348366125557
862035.0,2.5,-0.001602537831823403,0.001602537831823403,003129_2014-05-12_10-48-10_094959634447_rgbf000100-resize,-3.949124801577701,3.949124801577701,4.9305,17.9074543760639
862035.0,2.5,-0.7897997964560581,0.7897997964560581,002272_2014-06-28_18-53-56_260595134347_rgbf000067-resize,-2.9347825324055385,2.9347825324055385,1.138,10.409245808146235
862035.0,2.5,-0.613008450931494,0.613008450931494,001571_2014-06-20_17-21-32_260595134347_rgbf000089-resize,-3.1011509862399707,3.1011509862399707,1.86,4.991960350191473
862035.0,2.5,-0.027468467873211,0.027468467873211,000709_2014-06-08_13-51-55_260595134347_rgbf000068-resize,-2.4885194400744033,2.4885194400744033,1.8030000000000002,14.429351101546246
862035.0,2.5,-1.2468574292892851,1.2468574292892851,000854_2014-06-09_19-43-13_260595134347_rgbf000066-resize,-4.30915098623997,4.30915098623997,3.068,11.910827625938722
862035.0,2.5,-0.8722149040016494,0.8722149040016494,001164_2014-06-17_15-35-46_260595134347_rgbf000085-resize,-3.595150986239971,3.595150986239971,2.354,17.325668807481115
862035.0,2.5,-0.06026280657135862,0.06026280657135862,001136_2014-06-17_15-19-41_260595134347_rgbf000076-resize,-2.5510194400744033,2.5510194400744033,1.8655,18.667799879387072
862035.0,2.5,-0.3958144801308048,0.3958144801308048,002153_2014-06-25_21-27-18_260595134347_rgbf000038-resize,-3.1905194400744032,3.1905194400744032,2.505,17.28886317575377
862035.0,2.5,-0.4021467218967013,0.4021467218967013,002660_2014-06-13_15-44-18_094959634447_rgbf001878-resize,-3.705887893908836,3.705887893908836,3.576,15.11997681444361
862035.0,2.5,-0.12041349253805746,0.12041349253805746,000734_2014-06-08_17-39-11_260595134347_rgbf000128-resize,-3.672256347743268,3.672256347743268,4.098,16.052231618370055
862035.0,2.5,-1.4370288650027017,1.4370288650027017,000522_2014-06-08_13-35-06_260595134347_rgbf000244-resize,-4.168282532405539,4.168282532405539,2.3715,25.742609854068213
862035.0,2.5,-0.6295367976353582,0.6295367976353582,002949_2014-06-26_15-57-42_094959634447_rgbf000079-resize,-3.1326509862399705,3.1326509862399705,1.8915,17.99500168321199
862035.0,2.5,-0.4938994127798201,0.4938994127798201,001555_2014-06-20_17-12-10_260595134347_rgbf000065-resize,-2.874150986239971,2.874150986239971,1.633,7.608284543781994
862035.0,2.5,-0.9409161091771188,0.9409161091771188,003534_2014-05-22_15-06-10_094959634447_rgbf000102-resize,-3.2227825324055384,3.2227825324055384,1.426,12.376994007247625
862035.0,2.5,-0.6841065772290729,0.6841065772290729,002637_2014-06-24_14-51-13_094959634447_rgbf000066-resize,-3.2366509862399706,3.2366509862399706,1.9955,10.972027795242447
862035.0,2.5,-0.2428974131784872,0.2428974131784872,001032_2014-06-08_13-23-17_260595134347_rgbf000021-resize,-3.4023878939088354,3.4023878939088354,3.2725,15.984983178828962
862035.0,2.5,-0.3525616817850937,0.3525616817850937,003292_2014-05-14_21-53-49_094959634447_rgbf000100-resize,-3.611387893908836,3.611387893908836,3.4815,33.084282711345374
862035.0,2.5,-0.08866857267825645,0.08866857267825645,002639_2014-06-24_14-51-37_094959634447_rgbf000074-resize,-3.6117563477432673,3.6117563477432673,4.0375,16.521406794569987
862035.0,2.5,-0.32032778124196903,0.32032778124196903,000447_2014-06-08_16-15-46_260595134347_rgbf000130-resize,-4.053256347743267,4.053256347743267,4.479,19.081432914605553
862035.0,2.5,-0.6969022381156429,0.6969022381156429,001447_2014-06-19_17-00-32_260595134347_rgbf000082-resize,-4.267637893908836,4.267637893908836,4.13775,46.830399423560245
862035.0,2.5,-0.19124926412605248,0.19124926412605248,001066_2014-06-08_22-03-20_260595134347_rgbf000066-resize,-3.807256347743268,3.807256347743268,4.2330000000000005,19.743449467077777
862035.0,2.5,-0.3165833578360817,0.3165833578360817,002750_2014-06-22_19-08-03_094959634447_rgbf000094-resize,-3.0395194400744034,3.0395194400744034,2.354,8.789636111124727
862035.0,2.5,-0.5141364541537259,0.5141364541537259,001806_2014-06-26_20-50-20_260595134347_rgbf000091-resize,-3.4160194400744035,3.4160194400744035,2.7305,13.909869710567438
862035.0,2.5,-0.5149592470183264,0.5149592470183264,001617_2014-06-20_11-35-32_260595134347_rgbf000066-resize,-3.9208878939088354,3.9208878939088354,3.7910000000000004,19.974169961071475
862035.0,2.5,-0.3307862408895273,0.3307862408895273,000493_2014-06-09_21-01-18_260595134347_rgbf000196-resize,-3.5698878939088354,3.5698878939088354,3.44,19.629285382994567
862035.0,2.5,-0.09968747048082338,0.09968747048082338,000506_2014-06-08_23-21-00_260595134347_rgbf000070-resize,-3.632756347743268,3.632756347743268,4.0585,16.716212007621664
862035.0,2.5,-0.33708275391957115,0.33708275391957115,001449_2014-06-19_17-01-27_260595134347_rgbf000116-resize,-3.5818878939088354,3.5818878939088354,3.452,8.994872108877228
862035.0,2.5,-0.6696770682018891,0.6696770682018891,003228_2014-05-14_13-42-35_094959634447_rgbf000101-resize,-3.2091509862399707,3.2091509862399707,1.9680000000000002,14.40337638638131
862035.0,2.5,-0.3858450011665664,0.3858450011665664,000368_2014-06-09_15-53-01_260595134347_rgbf000155-resize,-3.171519440074404,3.171519440074404,2.4859999999999998,21.090700959072958
862035.0,2.5,-0.16074466034248358,0.16074466034248358,002209_2014-06-28_18-36-10_260595134347_rgbf000051-resize,-2.7425194400744037,2.7425194400744037,2.057,12.962068825921264
862035.0,2.5,-0.5024019496940876,0.5024019496940876,001828_2014-06-26_21-40-03_260595134347_rgbf000024-resize,-4.400256347743269,4.400256347743269,4.8260000000000005,35.55232951340613
862035.0,2.5,-1.1996693102998004,1.1996693102998004,002570_2014-06-24_13-59-54_094959634447_rgbf000059-resize,-4.722519440074404,4.722519440074404,4.037,41.596140375002705
862035.0,2.5,-0.2633253517902889,0.2633253517902889,001810_2014-06-26_20-51-35_260595134347_rgbf000040-resize,-2.9380194400744037,2.9380194400744037,2.2525,22.411391411207674
862035.0,2.5,-0.16209216262625353,0.16209216262625353,003010_2014-06-15_12-54-35_094959634447_rgbf000112-resize,-3.2483878939088355,3.2483878939088355,3.1185,6.696951333567531
862035.0,2.5,-1.0503537518099813,1.0503537518099813,001092_2014-06-15_17-34-58_260595134347_rgbf000171-resize,-3.93465098623997,3.93465098623997,2.6935,9.164038324933468
862035.0,2.5,-0.08912182462573104,0.08912182462573104,002545_2014-06-24_13-38-53_094959634447_rgbf000080-resize,-2.6060194400744034,2.6060194400744034,1.9205,12.083824048628237
862035.0,2.5,-0.6080237114493743,0.6080237114493743,001167_2014-06-17_15-38-07_260595134347_rgbf000108-resize,-3.0916509862399706,3.0916509862399706,1.8505,12.019050657019696
862035.0,2.5,-0.9047111592543656,0.9047111592543656,003587_2014-05-23_16-48-02_094959634447_rgbf002384-resize,-3.1537825324055384,3.1537825324055384,1.357,20.788172722830538
645407.0,2.5,-0.3140324993804285,0.3140324993804285,001815_2014-06-26_20-52-55_260595134347_rgbf000020-resize,-3.527706106325347,3.527706106325347,3.3865,18.626322656731816
645407.0,2.5,-1.1607085465181834,1.1607085465181834,001029_2014-06-08_13-17-57_260595134347_rgbf000065-resize,-4.230369107471724,4.230369107471724,3.0835,18.209734661918688
645407.0,2.5,-0.40297074592979937,0.40297074592979937,000677_2014-06-08_23-10-32_260595134347_rgbf000158-resize,-3.6972061063253467,3.6972061063253467,3.556,19.65196273325612
645407.0,2.5,-0.3956822133677913,0.3956822133677913,003495_2014-05-21_16-01-51_094959634447_rgbf000100-resize,-2.7723691074717243,2.7723691074717243,1.6255,12.747278812179
645407.0,2.5,-1.0774847042732996,1.0774847042732996,000556_2014-06-09_22-42-56_260595134347_rgbf000214-resize,-4.982706106325347,4.982706106325347,4.8415,23.88242025565649
645407.0,2.5,-1.6586577853108633,1.6586577853108633,001150_2014-06-17_15-27-34_260595134347_rgbf000108-resize,-5.1793691074717225,5.1793691074717225,4.0325,11.088139074292139
645407.0,2.5,-1.1468037469101695,1.1468037469101695,000665_2014-06-09_20-42-35_260595134347_rgbf000110-resize,-4.203869107471723,4.203869107471723,3.057,18.49880761375764
645407.0,2.5,-1.1479556434501128,1.1479556434501128,002375_2014-06-28_20-13-44_260595134347_rgbf000032-resize,-4.661537606898536,4.661537606898536,4.0175,48.76103649676905
645407.0,2.5,-0.2996029903532352,0.2996029903532352,000788_2014-06-08_22-34-36_260595134347_rgbf000131-resize,-3.5002061063253467,3.5002061063253467,3.359,21.46386213810664
645407.0,2.5,-1.463465881379483,1.463465881379483,001235_2014-06-17_16-37-36_260595134347_rgbf000084-resize,-4.807369107471724,4.807369107471724,3.6605,14.547706659434104
645407.0,2.5,-0.3119336617037403,0.3119336617037403,000780_2014-06-08_22-28-29_260595134347_rgbf000126-resize,-3.523706106325347,3.523706106325347,3.3825,14.165390776882042
645407.0,2.5,-0.43110009916179615,0.43110009916179615,003338_2014-05-20_11-01-23_094959634447_rgbf000051-resize,-2.8398691074717237,2.8398691074717237,1.693,28.251495663089063
645407.0,2.5,-0.21528465087479545,0.21528465087479545,001100_2014-06-15_17-46-26_260595134347_rgbf000225-resize,-2.884037606898536,2.884037606898536,2.24,9.548860596737413
645407.0,2.5,-1.0724548863959542,1.0724548863959542,002136_2014-06-25_21-18-03_260595134347_rgbf000109-resize,-3.606700608044912,3.606700608044912,1.9569999999999999,13.297078442475444
645407.0,2.5,-1.8556861722093296,1.8556861722093296,002039_2014-06-24_20-22-38_260595134347_rgbf000084-resize,-5.554869107471723,5.554869107471723,4.408,15.524303639345458
645407.0,2.5,-0.7162222691745124,0.7162222691745124,000691_2014-06-08_13-08-50_260595134347_rgbf000132-resize,-4.294206106325348,4.294206106325348,4.1530000000000005,14.740846212587924
645407.0,2.5,-0.38932830103136395,0.38932830103136395,001584_2014-06-20_11-07-43_260595134347_rgbf000002-resize,-3.671206106325347,3.671206106325347,3.53,17.602834139105468
645407.0,2.5,-0.029115284770920458,0.029115284770920458,002043_2014-06-24_20-29-38_260595134347_rgbf000039-resize,-2.9847061063253477,2.9847061063253477,2.8435,8.475049543704081
645407.0,2.5,-0.6377782110085353,0.6377782110085353,003048_2014-06-15_13-49-43_094959634447_rgbf000150-resize,-4.144706106325347,4.144706106325347,4.0035,24.355606534500392
645407.0,2.5,-1.5144200943453852,1.5144200943453852,000549_2014-06-08_22-10-24_260595134347_rgbf000247-resize,-3.993532108618101,3.993532108618101,1.841,30.99307977870557
645407.0,2.5,-2.060380244992148,2.060380244992148,000642_2014-06-08_16-59-25_260595134347_rgbf000098-resize,-5.034032108618102,5.034032108618102,2.8815,31.36214301237791
645407.0,2.5,-1.5870349495940994,1.5870349495940994,002425_2014-06-28_20-27-29_260595134347_rgbf000031-resize,-5.042869107471724,5.042869107471724,3.8960000000000004,8.40495801096819
645407.0,2.5,-0.7338000347167204,0.7338000347167204,000917_2014-06-09_22-45-29_260595134347_rgbf000149-resize,-4.327706106325347,4.327706106325347,4.1865,9.740561609074897
645407.0,2.5,-1.5004578954309888,1.5004578954309888,002323_2014-06-28_20-01-54_260595134347_rgbf000051-resize,-4.8778691074717235,4.8778691074717235,3.7310000000000003,18.09172628388976
645407.0,2.5,-0.3565913616395995,0.3565913616395995,002953_2014-06-08_17-32-18_094959634447_rgbf000059-resize,-2.6978691074717243,2.6978691074717243,1.551,13.905027931093345
645407.0,2.5,-1.814234128094864,1.814234128094864,000414_2014-06-04_19-49-13_260595134347_rgbf000044-resize,-5.4758691074717225,5.4758691074717225,4.329,13.241348366125557
645407.0,2.5,-2.129846843725847,2.129846843725847,003129_2014-05-12_10-48-10_094959634447_rgbf000100-resize,-6.077369107471725,6.077369107471725,4.9305,17.9074543760639
645407.0,2.5,-1.0383938525451155,1.0383938525451155,002988_2014-06-15_12-24-20_094959634447_rgbf000150-resize,-4.908206106325348,4.908206106325348,4.7669999999999995,14.460306569198616
645407.0,2.5,-0.1398863715222438,0.1398863715222438,002272_2014-06-28_18-53-56_260595134347_rgbf000067-resize,-2.284869107471724,2.284869107471724,1.138,10.409245808146235
645407.0,2.5,-1.524389573309624,1.524389573309624,001571_2014-06-20_17-21-32_260595134347_rgbf000089-resize,-4.0125321086181005,4.0125321086181005,1.86,4.991960350191473
645407.0,2.5,-0.4067011111703728,0.4067011111703728,002788_2014-06-22_19-36-03_094959634447_rgbf000088-resize,-2.793369107471724,2.793369107471724,1.6465,21.7158464010581
645407.0,2.5,-1.5555523844438843,1.5555523844438843,002995_2014-06-15_12-31-26_094959634447_rgbf000150-resize,-4.982869107471724,4.982869107471724,3.8360000000000003,27.231594395483473
645407.0,2.5,-0.6729337420929526,0.6729337420929526,000436_2014-06-09_22-25-11_260595134347_rgbf000137-resize,-4.211706106325347,4.211706106325347,4.0705,20.69156545677159
645407.0,2.5,-0.8400536920987159,0.8400536920987159,002444_2014-06-28_20-32-08_260595134347_rgbf000027-resize,-4.5302061063253465,4.5302061063253465,4.388999999999999,17.102760279009576
645407.0,2.5,-0.7469177701959728,0.7469177701959728,001133_2014-06-17_14-49-16_260595134347_rgbf000100-resize,-4.352706106325347,4.352706106325347,4.2115,26.759918254713728
645407.0,2.5,-1.5120015026527358,1.5120015026527358,001132_2014-06-17_14-48-54_260595134347_rgbf000100-resize,-4.899869107471725,4.899869107471725,3.753,14.398279213278778
645407.0,2.5,-1.0861998089959937,1.0861998089959937,003070_2014-06-15_14-58-27_094959634447_rgbf000150-resize,-4.088369107471723,4.088369107471723,2.9415,10.664823740812926
645407.0,2.5,-1.0995798991848331,1.0995798991848331,002057_2014-06-24_21-00-13_260595134347_rgbf000120-resize,-4.113869107471723,4.113869107471723,2.967,10.990036854719376
645407.0,2.5,-0.3111465975749801,0.3111465975749801,000758_2014-06-08_22-05-08_260595134347_rgbf000085-resize,-3.522206106325347,3.522206106325347,3.3810000000000002,11.91317737826679
645407.0,2.5,-0.6497440499478502,0.6497440499478502,000854_2014-06-09_19-43-13_260595134347_rgbf000066-resize,-3.712037606898536,3.712037606898536,3.068,11.910827625938722
645407.0,2.5,-0.8571641475281258,0.8571641475281258,002153_2014-06-25_21-27-18_260595134347_rgbf000038-resize,-3.6518691074717236,3.6518691074717236,2.505,17.28886317575377
645407.0,2.5,-0.4134649343132127,0.4134649343132127,002660_2014-06-13_15-44-18_094959634447_rgbf001878-resize,-3.7172061063253468,3.7172061063253468,3.576,15.11997681444361
645407.0,2.5,-0.7871154400688873,0.7871154400688873,000522_2014-06-08_13-35-06_260595134347_rgbf000244-resize,-3.5183691074717243,3.5183691074717243,2.3715,25.742609854068213
645407.0,2.5,-0.5352549188671117,0.5352549188671117,002949_2014-06-26_15-57-42_094959634447_rgbf000079-resize,-3.0383691074717243,3.0383691074717243,1.8915,17.99500168321199
645407.0,2.5,-2.2356331909950504,2.2356331909950504,000866_2014-06-09_20-45-42_260595134347_rgbf000139-resize,-5.3680321086181015,5.3680321086181015,3.2155,8.082259189449621
645407.0,2.5,-0.8117767827698891,0.8117767827698891,001059_2014-06-08_21-53-27_260595134347_rgbf000061-resize,-3.5653691074717235,3.5653691074717235,2.4185,8.755513319222857
645407.0,2.5,-0.2542156255949986,0.2542156255949986,001032_2014-06-08_13-23-17_260595134347_rgbf000021-resize,-3.4137061063253467,3.4137061063253467,3.2725,15.984983178828962
645407.0,2.5,-1.3695428953479822,1.3695428953479822,003292_2014-05-14_21-53-49_094959634447_rgbf000100-resize,-4.628369107471723,4.628369107471723,3.4815,33.084282711345374
645407.0,2.5,-0.6556183312603359,0.6556183312603359,002639_2014-06-24_14-51-37_094959634447_rgbf000074-resize,-4.178706106325347,4.178706106325347,4.0375,16.521406794569987
645407.0,2.5,-1.886644027940374,1.886644027940374,001570_2014-06-20_17-21-09_260595134347_rgbf000135-resize,-5.613869107471722,5.613869107471722,4.467,22.179510675592084
645407.0,2.5,-0.7067774996294369,0.7067774996294369,001392_2014-06-19_16-07-59_260595134347_rgbf000046-resize,-4.276206106325347,4.276206106325347,4.135,18.95235574822112
645407.0,2.5,-0.205388949958966,0.205388949958966,001447_2014-06-19_17-00-32_260595134347_rgbf000082-resize,-3.776124605752158,3.776124605752158,4.13775,46.830399423560245
645407.0,2.5,-0.7581990227081319,0.7581990227081319,001066_2014-06-08_22-03-20_260595134347_rgbf000066-resize,-4.374206106325348,4.374206106325348,4.2330000000000005,19.743449467077777
645407.0,2.5,-0.11621704835319907,0.11621704835319907,002630_2014-06-24_14-47-50_094959634447_rgbf000055-resize,-3.1507061063253468,3.1507061063253468,3.0095,10.661401196716628
645407.0,2.5,-0.8833996184866484,0.8833996184866484,002758_2014-06-22_19-11-20_094959634447_rgbf000128-resize,-3.701869107471724,3.701869107471724,2.555,7.204478276142114
645407.0,2.5,-1.34645568090449,1.34645568090449,001199_2014-06-17_16-03-48_260595134347_rgbf000077-resize,-4.5843691074717245,4.5843691074717245,3.4375,28.282249848901696
645407.0,2.5,-1.531940460581215,1.531940460581215,001617_2014-06-20_11-35-32_260595134347_rgbf000066-resize,-4.937869107471723,4.937869107471723,3.7910000000000004,19.974169961071475
645407.0,2.5,-0.3421044533060387,0.3421044533060387,000493_2014-06-09_21-01-18_260595134347_rgbf000196-resize,-3.5812061063253466,3.5812061063253466,3.44,19.629285382994567
645407.0,2.5,-0.6666372290629028,0.6666372290629028,000506_2014-06-08_23-21-00_260595134347_rgbf000070-resize,-4.199706106325348,4.199706106325348,4.0585,16.716212007621664
645407.0,2.5,-0.04695540502270906,0.04695540502270906,003079_2014-06-15_15-18-20_094959634447_rgbf000152-resize,-3.0187061063253466,3.0187061063253466,2.8775,9.032134209869396
645407.0,2.5,-1.3540639674824595,1.3540639674824595,001449_2014-06-19_17-01-27_260595134347_rgbf000116-resize,-4.5988691074717245,4.5988691074717245,3.452,8.994872108877228
645407.0,2.5,-0.6415386285126041,0.6415386285126041,001450_2014-06-19_17-02-03_260595134347_rgbf000203-resize,-4.151872772992047,4.151872772992047,4.0106666666667,12.34882649363641
645407.0,2.5,-0.9896532758686408,0.9896532758686408,002600_2014-06-24_14-27-04_094959634447_rgbf000074-resize,-3.9043691074717235,3.9043691074717235,2.7575,44.47386082434929
645407.0,2.5,-0.5685165676780535,0.5685165676780535,000009_2014-05-26_14-32-05_260595134347_rgbf000034-resize,-4.012706106325346,4.012706106325346,3.8715,34.796526826055185
645407.0,2.5,-2.0750147094225437,2.0750147094225437,001828_2014-06-26_21-40-03_260595134347_rgbf000024-resize,-5.972869107471725,5.972869107471725,4.8260000000000005,35.55232951340613
645407.0,2.5,-0.4408072234164453,0.4408072234164453,001110_2014-06-15_17-25-28_260595134347_rgbf000150-resize,-2.8583691074717237,2.8583691074717237,1.7115,9.336195527413247
645407.0,2.5,-0.01961311591947057,0.01961311591947057,002467_2014-06-28_20-38-07_260595134347_rgbf000026-resize,-3.87754310517897,3.87754310517897,4.742,15.331046216195933
645407.0,2.5,-1.0292114377096333,1.0292114377096333,002663_2014-06-13_15-50-26_094959634447_rgbf000075-resize,-4.8907061063253465,4.8907061063253465,4.7495,16.725954086732166
645407.0,2.5,-1.5017696689789175,1.5017696689789175,000409_2014-06-04_19-23-33_260595134347_rgbf000067-resize,-4.880369107471724,4.880369107471724,3.7335,12.696549983566419
558829.0,2.5,-0.4681962098604841,0.4681962098604841,000677_2014-06-08_23-10-32_260595134347_rgbf000158-resize,-3.762431570256032,3.762431570256032,3.556,19.65196273325612
558829.0,2.5,-0.3912934377952102,0.3912934377952102,003081_2014-06-15_15-19-16_094959634447_rgbf000150-resize,-3.8549698902565166,3.8549698902565166,3.9125,16.632991649560594
558829.0,2.5,-0.5595613331097703,0.5595613331097703,000682_2014-06-08_23-14-58_260595134347_rgbf000041-resize,-3.4583549302550614,3.4583549302550614,2.7239999999999998,8.707843071693064
558829.0,2.5,-0.9455836373800433,0.9455836373800433,001650_2014-06-20_12-09-00_260595134347_rgbf000087-resize,-3.4767399702536057,3.4767399702536057,1.9505,47.6804595860539
558829.0,2.5,-0.4659335439446868,0.4659335439446868,001244_2014-06-17_16-47-45_260595134347_rgbf000030-resize,-3.040816610254576,3.040816610254576,2.0425,6.7629638807870815
558829.0,2.5,-0.775053076149673,0.775053076149673,003495_2014-05-21_16-01-51_094959634447_rgbf000100-resize,-3.151739970253605,3.151739970253605,1.6255,12.747278812179
558829.0,2.5,-0.1824262468085792,0.1824262468085792,002375_2014-06-28_20-13-44_260595134347_rgbf000032-resize,-3.696008210257002,3.696008210257002,4.0175,48.76103649676905
558829.0,2.5,-0.11319744563491005,0.11319744563491005,000780_2014-06-08_22-28-29_260595134347_rgbf000126-resize,-3.3249698902565163,3.3249698902565163,3.3825,14.165390776882042
558829.0,2.5,-0.35495750179015384,0.35495750179015384,000470_2014-06-09_19-42-40_260595134347_rgbf000094-resize,-2.829316610254576,2.829316610254576,1.831,22.486379427626872
558829.0,2.5,-0.3688951435549932,0.3688951435549932,000109_2014-05-14_23-41-52_260595134347_rgbf000035-resize,-2.6167782902540906,2.6167782902540906,1.3545,6.620498200896815
558829.0,2.5,-0.07974741143530029,0.07974741143530029,002509_2014-06-24_13-19-22_094959634447_rgbf000077-resize,-2.3048166102545764,2.3048166102545764,1.3065,40.21868783296904
558829.0,2.5,-0.5465092819441628,0.5465092819441628,003338_2014-05-20_11-01-23_094959634447_rgbf000051-resize,-2.955278290254091,2.955278290254091,1.693,28.251495663089063
558829.0,2.5,-0.6051018337515334,0.6051018337515334,002784_2014-06-22_19-26-30_094959634447_rgbf000083-resize,-3.0669449569207914,3.0669449569207914,1.8046666666667,3.0422522474895675
558829.0,2.5,-0.8335253342303508,0.8335253342303508,001100_2014-06-15_17-46-26_260595134347_rgbf000225-resize,-3.502278290254091,3.502278290254091,2.24,9.548860596737413
558829.0,2.5,-0.5249961957581719,0.5249961957581719,000469_2014-06-09_19-42-10_260595134347_rgbf000081-resize,-2.9142782902540905,2.9142782902540905,1.652,25.13136208408983
558829.0,2.5,-0.6236744087190248,0.6236744087190248,000483_2014-06-09_20-41-45_260595134347_rgbf000116-resize,-2.863239970253605,2.863239970253605,1.337,29.232414989368262
558829.0,2.5,-0.5454598631058201,0.5454598631058201,002964_2014-06-08_17-46-11_094959634447_rgbf000091-resize,-2.9532782902540906,2.9532782902540906,1.6909999999999998,28.953812917975768
558829.0,2.5,-0.10719612947127412,0.10719612947127412,000929_2014-06-09_16-33-19_260595134347_rgbf000139-resize,-3.074431570256032,3.074431570256032,2.8680000000000003,19.501338012209015
558829.0,2.5,-0.2530325058438141,0.2530325058438141,000457_2014-06-08_16-52-43_260595134347_rgbf000199-resize,-3.5914698902565165,3.5914698902565165,3.6489999999999996,14.067279821032837
558829.0,2.5,-0.2506713134575447,0.2506713134575447,003490_2014-05-21_15-50-11_094959634447_rgbf000101-resize,-3.5869698902565164,3.5869698902565164,3.6445,19.999457360175192
558829.0,2.5,-0.44751410486066995,0.44751410486066995,002279_2014-06-28_18-55-32_260595134347_rgbf000040-resize,-2.7666116235873908,2.7666116235873908,1.5043333333333,15.963772282558683
558829.0,2.5,-0.218500210649042,0.218500210649042,000635_2014-06-08_16-38-42_260595134347_rgbf000106-resize,-2.808354930255061,2.808354930255061,2.074,10.796976226722654
558829.0,2.5,-0.09434074870160516,0.09434074870160516,002043_2014-06-24_20-29-38_260595134347_rgbf000039-resize,-3.049931570256032,3.049931570256032,2.8435,8.475049543704081
558829.0,2.5,-0.2819900503686493,0.2819900503686493,002725_2014-06-22_11-47-51_094959634447_rgbf000070-resize,-2.929354930255061,2.929354930255061,2.195,3.938570017428758
558829.0,2.5,-0.7509164428678377,0.7509164428678377,002344_2014-06-28_20-06-29_260595134347_rgbf000030-resize,-3.1057399702536057,3.1057399702536057,1.5795,37.33165518125916
558829.0,2.5,-0.8881279559808901,0.8881279559808901,000549_2014-06-08_22-10-24_260595134347_rgbf000247-resize,-3.3672399702536064,3.3672399702536064,1.841,30.99307977870557
558829.0,2.5,-0.9694579159522948,0.9694579159522948,002199_2014-06-28_18-33-56_260595134347_rgbf000074-resize,-3.5222399702536062,3.5222399702536062,1.996,17.12852126070164
558829.0,2.5,-0.4919066601936206,0.4919066601936206,000878_2014-06-08_22-52-45_260595134347_rgbf000045-resize,-3.0903166102545763,3.0903166102545763,2.092,5.576511521775202
558829.0,2.5,-0.7359622244214812,0.7359622244214812,002953_2014-06-08_17-32-18_094959634447_rgbf000059-resize,-3.0772399702536064,3.0772399702536064,1.551,13.905027931093345
558829.0,2.5,-0.4591123214954733,0.4591123214954733,002905_2014-06-03_18-04-43_094959634447_rgbf000151-resize,-3.0278166102545763,3.0278166102545763,2.0295,12.020604335789361
558829.0,2.5,-0.13356258651209518,0.13356258651209518,003129_2014-05-12_10-48-10_094959634447_rgbf000100-resize,-4.081084850257972,4.081084850257972,4.9305,17.9074543760639
558829.0,2.5,-0.5756959564767705,0.5756959564767705,002988_2014-06-15_12-24-20_094959634447_rgbf000150-resize,-4.445508210257002,4.445508210257002,4.7669999999999995,14.460306569198616
558829.0,2.5,-1.019961006274941,1.019961006274941,001052_2014-06-08_18-24-54_260595134347_rgbf000130-resize,-4.574893250255546,4.574893250255546,4.1045,25.87613690895519
558829.0,2.5,-0.17419510688596784,0.17419510688596784,000810_2014-06-08_17-20-01_260595134347_rgbf000105-resize,-2.484816610254576,2.484816610254576,1.4865,3.0958890116960642
558829.0,2.5,-0.5209951908007552,0.5209951908007552,001214_2014-06-17_16-13-55_260595134347_rgbf000111-resize,-3.384854930255061,3.384854930255061,2.6505,18.479282579459067
558829.0,2.5,-0.5192572343041255,0.5192572343041255,002272_2014-06-28_18-53-56_260595134347_rgbf000067-resize,-2.6642399702536057,2.6642399702536057,1.138,10.409245808146235
558829.0,2.5,-0.6341357549456142,0.6341357549456142,001571_2014-06-20_17-21-32_260595134347_rgbf000089-resize,-3.12227829025409,3.12227829025409,1.86,4.991960350191473
558829.0,2.5,-0.4313027222794392,0.4313027222794392,000943_2014-06-09_19-31-07_260595134347_rgbf000128-resize,-2.9748166102545763,2.9748166102545763,1.9765,15.893099149291922
558829.0,2.5,-0.34026563805338383,0.34026563805338383,000709_2014-06-08_13-51-55_260595134347_rgbf000068-resize,-2.801316610254576,2.801316610254576,1.8030000000000002,14.429351101546246
558829.0,2.5,-1.0040230533038907,1.0040230533038907,000854_2014-06-09_19-43-13_260595134347_rgbf000066-resize,-4.066316610254576,4.066316610254576,3.068,11.910827625938722
558829.0,2.5,-0.1014571680172251,0.1014571680172251,001164_2014-06-17_15-35-46_260595134347_rgbf000085-resize,-2.8243932502555467,2.8243932502555467,2.354,17.325668807481115
558829.0,2.5,-0.4446499703114629,0.4446499703114629,002153_2014-06-25_21-27-18_260595134347_rgbf000038-resize,-3.2393549302550606,3.2393549302550606,2.505,17.28886317575377
558829.0,2.5,-0.21472871824438244,0.21472871824438244,002660_2014-06-13_15-44-18_094959634447_rgbf001878-resize,-3.518469890256517,3.518469890256517,3.576,15.11997681444361
558829.0,2.5,-0.19269092263921994,0.19269092263921994,000739_2014-06-08_18-45-58_260595134347_rgbf000068-resize,-3.4764698902565163,3.4764698902565163,3.534,8.164356963721069
558829.0,2.5,-1.0165503950503365,1.0165503950503365,000734_2014-06-08_17-39-11_260595134347_rgbf000128-resize,-4.5683932502555455,4.5683932502555455,4.098,16.052231618370055
558829.0,2.5,-1.166486302850769,1.166486302850769,000522_2014-06-08_13-35-06_260595134347_rgbf000244-resize,-3.8977399702536064,3.8977399702536064,2.3715,25.742609854068213
558829.0,2.5,-0.6506641016494784,0.6506641016494784,002949_2014-06-26_15-57-42_094959634447_rgbf000079-resize,-3.153778290254091,3.153778290254091,1.8915,17.99500168321199
558829.0,2.5,-1.3453793726310406,1.3453793726310406,000866_2014-06-09_20-45-42_260595134347_rgbf000139-resize,-4.477778290254091,4.477778290254091,3.2155,8.082259189449621
558829.0,2.5,-0.7789883967934553,0.7789883967934553,001555_2014-06-20_17-12-10_260595134347_rgbf000065-resize,-3.1592399702536063,3.1592399702536063,1.633,7.608284543781994
558829.0,2.5,-0.6703735470251861,0.6703735470251861,003534_2014-05-22_15-06-10_094959634447_rgbf000102-resize,-2.9522399702536064,2.9522399702536064,1.426,12.376994007247625
558829.0,2.5,-0.5273573881444397,0.5273573881444397,001016_2014-06-09_16-16-10_260595134347_rgbf000112-resize,-2.91877829025409,2.91877829025409,1.6565,7.049977084494088
558829.0,2.5,-0.09975167113243022,0.09975167113243022,002414_2014-06-28_20-24-58_260595134347_rgbf000067-resize,-3.777546530257488,3.777546530257488,4.363,31.720662178139435
558829.0,2.5,-0.13530092555371115,0.13530092555371115,001059_2014-06-08_21-53-27_260595134347_rgbf000061-resize,-2.8888932502555464,2.8888932502555464,2.4185,8.755513319222857
558829.0,2.5,-0.16514367813277486,0.16514367813277486,003292_2014-05-14_21-53-49_094959634447_rgbf000100-resize,-3.4239698902565165,3.4239698902565165,3.4815,33.084282711345374
558829.0,2.5,-0.4568821151915057,0.4568821151915057,002639_2014-06-24_14-51-37_094959634447_rgbf000074-resize,-3.979969890256516,3.979969890256516,4.0375,16.521406794569987
558829.0,2.5,-0.4182831307256517,0.4182831307256517,001570_2014-06-20_17-21-09_260595134347_rgbf000135-resize,-4.1455082102570024,4.1455082102570024,4.467,22.179510675592084
558829.0,2.5,-0.5094842344633241,0.5094842344633241,001447_2014-06-19_17-00-32_260595134347_rgbf000082-resize,-4.080219890256516,4.080219890256516,4.13775,46.830399423560245
558829.0,2.5,-0.24089850488924405,0.24089850488924405,000742_2014-06-08_18-48-09_260595134347_rgbf000164-resize,-4.046546530257487,4.046546530257487,4.632,18.91549953899407
558829.0,2.5,-0.20692376127047055,0.20692376127047055,002758_2014-06-22_19-11-20_094959634447_rgbf000128-resize,-3.0253932502555463,3.0253932502555463,2.555,7.204478276142114
558829.0,2.5,-0.6966090179837061,0.6966090179837061,002549_2014-06-24_13-41-39_094959634447_rgbf000022-resize,-3.0022399702536062,3.0022399702536062,1.476,4.1736441355391865
558829.0,2.5,-0.1418597932933416,0.1418597932933416,000502_2014-06-08_23-02-32_260595134347_rgbf000063-resize,-2.9013932502555466,2.9013932502555466,2.431,13.897287578908273
558829.0,2.5,-0.29901026433486905,0.29901026433486905,001806_2014-06-26_20-50-20_260595134347_rgbf000091-resize,-3.2008932502555463,3.2008932502555463,2.7305,13.909869710567438
558829.0,2.5,-0.8554646033650373,0.8554646033650373,001617_2014-06-20_11-35-32_260595134347_rgbf000066-resize,-4.261393250255547,4.261393250255547,3.7910000000000004,19.974169961071475
558829.0,2.5,-0.14336823723720848,0.14336823723720848,000493_2014-06-09_21-01-18_260595134347_rgbf000196-resize,-3.3824698902565165,3.3824698902565165,3.44,19.629285382994567
558829.0,2.5,-0.20393933299455766,0.20393933299455766,000506_2014-06-08_23-21-00_260595134347_rgbf000070-resize,-3.7370082102570015,3.7370082102570015,4.0585,16.716212007621664
558829.0,2.5,-0.14966475026725234,0.14966475026725234,001449_2014-06-19_17-01-27_260595134347_rgbf000116-resize,-3.3944698902565165,3.3944698902565165,3.452,8.994872108877228
558829.0,2.5,-0.4268426922164945,0.4268426922164945,003228_2014-05-14_13-42-35_094959634447_rgbf000101-resize,-2.966316610254576,2.966316610254576,1.9680000000000002,14.40337638638131
558829.0,2.5,-0.4346804913472245,0.4346804913472245,000368_2014-06-09_15-53-01_260595134347_rgbf000155-resize,-3.2203549302550614,3.2203549302550614,2.4859999999999998,21.090700959072958
558829.0,2.5,-0.2756935373386061,0.2756935373386061,002678_2014-06-13_16-15-32_094959634447_rgbf000151-resize,-2.917354930255061,2.917354930255061,2.1830000000000003,32.96558503300821
558829.0,2.5,-0.8056173998163506,0.8056173998163506,002763_2014-06-22_19-13-10_094959634447_rgbf000075-resize,-3.2099899702536057,3.2099899702536057,1.68375,5.5919783591245595
558829.0,2.5,-0.7375035105221712,0.7375035105221712,002209_2014-06-28_18-36-10_260595134347_rgbf000051-resize,-3.3192782902540907,3.3192782902540907,2.057,12.962068825921264
558829.0,2.5,-0.3426921322083072,0.3426921322083072,001828_2014-06-26_21-40-03_260595134347_rgbf000024-resize,-4.240546530257489,4.240546530257489,4.8260000000000005,35.55232951340613
558829.0,2.5,-0.29225472619929715,0.29225472619929715,001110_2014-06-15_17-25-28_260595134347_rgbf000150-resize,-2.709816610254576,2.709816610254576,1.7115,9.336195527413247
558829.0,2.5,-0.007763694538492154,0.007763694538492154,000927_2014-06-09_16-32-30_260595134347_rgbf000123-resize,-2.884931570256032,2.884931570256032,2.6785,11.715239650325241
558829.0,2.5,-0.3121608419709471,0.3121608419709471,001810_2014-06-26_20-51-35_260595134347_rgbf000040-resize,-2.9868549302550607,2.9868549302550607,2.2525,22.411391411207674
558829.0,2.5,-0.3025518616417735,0.3025518616417735,002663_2014-06-13_15-50-26_094959634447_rgbf000075-resize,-4.1640465302574885,4.1640465302574885,4.7495,16.725954086732166
558829.0,2.5,-0.033408771764195384,0.033408771764195384,000409_2014-06-04_19-23-33_260595134347_rgbf000067-resize,-3.4120082102570017,3.4120082102570017,3.7335,12.696549983566419
558829.0,2.5,-0.6905420175064227,0.6905420175064227,002875_2014-06-01_15-19-00_094959634447_rgbf000151-resize,-3.2297782902540906,3.2297782902540906,1.9675,11.625680938349673
558829.0,2.5,-0.8075193758245867,0.8075193758245867,001092_2014-06-15_17-34-58_260595134347_rgbf000171-resize,-3.6918166102545764,3.6918166102545764,2.6935,9.164038324933468
558829.0,2.5,-0.13795731480638918,0.13795731480638918,002545_2014-06-24_13-38-53_094959634447_rgbf000080-resize,-2.6548549302550613,2.6548549302550613,1.9205,12.083824048628237
558829.0,2.5,-0.6291510154634945,0.6291510154634945,001167_2014-06-17_15-38-07_260595134347_rgbf000108-resize,-3.1127782902540906,3.1127782902540906,1.8505,12.019050657019696
558829.0,2.5,-0.6341685971024331,0.6341685971024331,003587_2014-05-23_16-48-02_094959634447_rgbf002384-resize,-2.8832399702536065,2.8832399702536065,1.357,20.788172722830538
215322.0,2.5,-0.6511293119474526,0.6511293119474526,001808_2014-06-26_20-50-58_260595134347_rgbf000029-resize,-4.27474104485793,4.27474104485793,4.249,20.030651550568866
215322.0,2.5,-0.17990361463402527,0.17990361463402527,001815_2014-06-26_20-52-55_260595134347_rgbf000020-resize,-3.393577221578944,3.393577221578944,3.3865,18.626322656731816
215322.0,2.5,-0.4688484193210963,0.4688484193210963,001029_2014-06-08_13-17-57_260595134347_rgbf000065-resize,-3.538508980274637,3.538508980274637,3.0835,18.209734661918688
215322.0,2.5,-0.5954587685656725,0.5954587685656725,000677_2014-06-08_23-10-32_260595134347_rgbf000158-resize,-3.8896941289612204,3.8896941289612204,3.556,19.65196273325612
215322.0,2.5,-1.1846312272868522,1.1846312272868522,001417_2014-06-19_16-25-36_260595134347_rgbf000115-resize,-4.987189863879701,4.987189863879701,4.6255,49.17091269608214
215322.0,2.5,-0.7545219415814327,0.7545219415814327,003081_2014-06-15_15-19-16_094959634447_rgbf000150-resize,-4.218198394042739,4.218198394042739,3.9125,16.632991649560594
215322.0,2.5,-0.04691759214200583,0.04691759214200583,000682_2014-06-08_23-14-58_260595134347_rgbf000041-resize,-2.945711189287297,2.945711189287297,2.7239999999999998,8.707843071693064
215322.0,2.5,-1.4472790480595514,1.4472790480595514,000556_2014-06-09_22-42-56_260595134347_rgbf000214-resize,-5.352500450111599,5.352500450111599,4.8415,23.88242025565649
215322.0,2.5,-0.8268189835213721,0.8268189835213721,001150_2014-06-17_15-27-34_260595134347_rgbf000108-resize,-4.347530305682231,4.347530305682231,4.0325,11.088139074292139
215322.0,2.5,-1.117569514697606,1.117569514697606,002375_2014-06-28_20-13-44_260595134347_rgbf000032-resize,-4.631151478146029,4.631151478146029,4.0175,48.76103649676905
215322.0,2.5,-0.3395867077129839,0.3395867077129839,002568_2014-06-24_13-59-21_094959634447_rgbf000062-resize,-3.376689863879701,3.376689863879701,3.015,29.63840999388049
215322.0,2.5,-0.0534911659329087,0.0534911659329087,000788_2014-06-08_22-34-36_260595134347_rgbf000131-resize,-3.2540942819050205,3.2540942819050205,3.359,21.46386213810664
215322.0,2.5,-0.6316270795899918,0.6316270795899918,001235_2014-06-17_16-37-36_260595134347_rgbf000084-resize,-3.975530305682233,3.975530305682233,3.6605,14.547706659434104
215322.0,2.5,-0.3146044385567898,0.3146044385567898,000692_2014-06-08_13-09-42_260595134347_rgbf000199-resize,-3.65874530993945,3.65874530993945,3.661,54.80046590295557
215322.0,2.5,-0.9238902260678729,0.9238902260678729,001094_2014-06-15_17-36-00_260595134347_rgbf000205-resize,-4.532530305682234,4.532530305682234,4.2175,17.196771274488466
215322.0,2.5,-0.16623469884330122,0.16623469884330122,001100_2014-06-15_17-46-26_260595134347_rgbf000225-resize,-2.8349876548670414,2.8349876548670414,2.24,9.548860596737413
215322.0,2.5,-0.05506957977605786,0.05506957977605786,002136_2014-06-25_21-18-03_260595134347_rgbf000109-resize,-2.589315301425016,2.589315301425016,1.9569999999999999,13.297078442475444
215322.0,2.5,-1.0705069286173068,1.0705069286173068,002039_2014-06-24_20-22-38_260595134347_rgbf000084-resize,-4.7696898638797025,4.7696898638797025,4.408,15.524303639345458
215322.0,2.5,-0.8275327698532454,0.8275327698532454,002103_2014-06-25_20-00-40_260595134347_rgbf000049-resize,-4.382702659124258,4.382702659124258,4.105,11.598018874569219
215322.0,2.5,-0.3957423804052387,0.3957423804052387,002213_2014-06-28_18-37-58_260595134347_rgbf000055-resize,-3.72039633797388,3.72039633797388,3.62,11.387296889913552
215322.0,2.5,-0.9833655849263344,0.9833655849263344,000691_2014-06-08_13-08-50_260595134347_rgbf000132-resize,-4.5613494220771695,4.5613494220771695,4.1530000000000005,14.740846212587924
215322.0,2.5,-0.4490926558848156,0.4490926558848156,000929_2014-06-09_16-33-19_260595134347_rgbf000139-resize,-3.4163280966695737,3.4163280966695737,2.8680000000000003,19.501338012209015
215322.0,2.5,-0.6255929212695303,0.6255929212695303,000457_2014-06-08_16-52-43_260595134347_rgbf000199-resize,-3.964030305682233,3.964030305682233,3.6489999999999996,14.067279821032837
215322.0,2.5,-0.8197720452610053,0.8197720452610053,003621_2014-05-23_18-06-08_094959634447_rgbf000101-resize,-4.31719412896122,4.31719412896122,3.9835,23.07176470133362
215322.0,2.5,-0.7031311749806539,0.7031311749806539,001584_2014-06-20_11-07-43_260595134347_rgbf000002-resize,-3.9850089802746367,3.9850089802746367,3.53,17.602834139105468
215322.0,2.5,-0.7165508452781969,0.7165508452781969,003490_2014-05-21_15-50-11_094959634447_rgbf000101-resize,-4.052849422077169,4.052849422077169,3.6445,19.999457360175192
215322.0,2.5,-0.9307759026832076,0.9307759026832076,000137_2014-05-20_17-04-49_260595134347_rgbf000120-resize,-4.334328096669573,4.334328096669573,3.786,14.89611111351161
215322.0,2.5,-0.6992046779676466,0.6992046779676466,002425_2014-06-28_20-27-29_260595134347_rgbf000031-resize,-4.155038835845272,4.155038835845272,3.8960000000000004,8.40495801096819
215322.0,2.5,-0.2012861956529074,0.2012861956529074,001056_2014-06-08_18-46-44_260595134347_rgbf000068-resize,-3.0708494220771687,3.0708494220771687,2.6625,11.38594592369452
215322.0,2.5,-0.9262880573525936,0.9262880573525936,000917_2014-06-09_22-45-29_260595134347_rgbf000149-resize,-4.52019412896122,4.52019412896122,4.1865,9.740561609074897
215322.0,2.5,-0.7152786518389658,0.7152786518389658,002323_2014-06-28_20-01-54_260595134347_rgbf000051-resize,-4.092689863879701,4.092689863879701,3.7310000000000003,18.09172628388976
215322.0,2.5,-0.07444718938692574,0.07444718938692574,002905_2014-06-03_18-04-43_094959634447_rgbf000151-resize,-2.643151478146029,2.643151478146029,2.0295,12.020604335789361
215322.0,2.5,-0.2055352159559778,0.2055352159559778,003423_2014-05-21_10-23-26_094959634447_rgbf002665-resize,-3.35789633797388,3.35789633797388,3.2575,35.43119222475438
215322.0,2.5,-0.3944848930172754,0.3944848930172754,000414_2014-06-04_19-49-13_260595134347_rgbf000044-resize,-4.056119872394135,4.056119872394135,4.329,13.241348366125557
215322.0,2.5,-0.6914337853692714,0.6914337853692714,003129_2014-05-12_10-48-10_094959634447_rgbf000100-resize,-4.638956049115148,4.638956049115148,4.9305,17.9074543760639
215322.0,2.5,-1.3521967264944057,1.3521967264944057,002988_2014-06-15_12-24-20_094959634447_rgbf000150-resize,-5.222008980274636,5.222008980274636,4.7669999999999995,14.460306569198616
215322.0,2.5,-0.8832618849806144,0.8832618849806144,001052_2014-06-08_18-24-54_260595134347_rgbf000130-resize,-4.43819412896122,4.43819412896122,4.1045,25.87613690895519
215322.0,2.5,-0.2416492408203309,0.2416492408203309,001214_2014-06-17_16-13-55_260595134347_rgbf000111-resize,-3.105508980274637,3.105508980274637,2.6505,18.479282579459067
215322.0,2.5,-1.1802474162310357,1.1802474162310357,002748_2014-06-22_19-07-22_094959634447_rgbf000078-resize,-5.00419412896122,5.00419412896122,4.6705,35.71435075733748
215322.0,2.5,-0.8636922572467972,0.8636922572467972,002995_2014-06-15_12-31-26_094959634447_rgbf000150-resize,-4.291008980274637,4.291008980274637,3.8360000000000003,27.231594395483473
215322.0,2.5,-0.2588475081617413,0.2588475081617413,000436_2014-06-09_22-25-11_260595134347_rgbf000137-resize,-3.797619872394136,3.797619872394136,4.0705,20.69156545677159
215322.0,2.5,-0.5006227512834535,0.5006227512834535,002444_2014-06-28_20-32-08_260595134347_rgbf000027-resize,-4.190775165510082,4.190775165510082,4.388999999999999,17.102760279009576
215322.0,2.5,-0.9207419695528588,0.9207419695528588,001133_2014-06-17_14-49-16_260595134347_rgbf000100-resize,-4.5265303056822335,4.5265303056822335,4.2115,26.759918254713728
215322.0,2.5,-0.5868435844683088,0.5868435844683088,001132_2014-06-17_14-48-54_260595134347_rgbf000100-resize,-3.974711189287297,3.974711189287297,3.753,14.398279213278778
215322.0,2.5,-0.25436100720650245,0.25436100720650245,003070_2014-06-15_14-58-27_094959634447_rgbf000150-resize,-3.256530305682233,3.256530305682233,2.9415,10.664823740812926
215322.0,2.5,-0.3983878603482525,0.3983878603482525,002057_2014-06-24_21-00-13_260595134347_rgbf000120-resize,-3.4126770686351438,3.4126770686351438,2.967,10.990036854719376
215322.0,2.5,-0.12476660430218195,0.12476660430218195,000854_2014-06-09_19-43-13_260595134347_rgbf000066-resize,-3.1870601612528677,3.1870601612528677,3.068,11.910827625938722
215322.0,2.5,-0.5033019289146561,0.5033019289146561,002660_2014-06-13_15-44-18_094959634447_rgbf001878-resize,-3.807043100926791,3.807043100926791,3.576,15.11997681444361
215322.0,2.5,-0.7985491290522764,0.7985491290522764,000739_2014-06-08_18-45-58_260595134347_rgbf000068-resize,-4.082328096669573,4.082328096669573,3.534,8.164356963721069
215322.0,2.5,-0.8014130980105473,0.8014130980105473,002989_2014-06-15_12-25-03_094959634447_rgbf000150-resize,-4.4005473660083085,4.4005473660083085,4.1975,27.906783421951957
215322.0,2.5,-0.21149315526931053,0.21149315526931053,000866_2014-06-09_20-45-42_260595134347_rgbf000139-resize,-3.3438920728923613,3.3438920728923613,3.2155,8.082259189449621
215322.0,2.5,-1.5536059832384257,1.5536059832384257,000773_2014-06-08_22-24-54_260595134347_rgbf000093-resize,-5.521328096669574,5.521328096669574,4.973,21.45352631724976
215322.0,2.5,-0.8602567719647718,0.8602567719647718,002414_2014-06-28_20-24-58_260595134347_rgbf000067-resize,-4.53805163108983,4.53805163108983,4.363,31.720662178139435
215322.0,2.5,-0.036099536093152966,0.036099536093152966,001032_2014-06-08_13-23-17_260595134347_rgbf000021-resize,-3.1955900168235014,3.1955900168235014,3.2725,15.984983178828962
215322.0,2.5,-0.2577467443736827,0.2577467443736827,003292_2014-05-14_21-53-49_094959634447_rgbf000100-resize,-3.516572956497425,3.516572956497425,3.4815,33.084282711345374
215322.0,2.5,-0.4281703301189967,0.4281703301189967,002639_2014-06-24_14-51-37_094959634447_rgbf000074-resize,-3.951258105184008,3.951258105184008,4.0375,16.521406794569987
215322.0,2.5,-1.1854519891037931,1.1854519891037931,001570_2014-06-20_17-21-09_260595134347_rgbf000135-resize,-4.912677068635143,4.912677068635143,4.467,22.179510675592084
215322.0,2.5,-0.8526059640678421,0.8526059640678421,001392_2014-06-19_16-07-59_260595134347_rgbf000046-resize,-4.422034570763752,4.422034570763752,4.135,18.95235574822112
215322.0,2.5,-1.191748502133845,1.191748502133845,000447_2014-06-08_16-15-46_260595134347_rgbf000130-resize,-4.924677068635144,4.924677068635144,4.479,19.081432914605553
215322.0,2.5,-1.0220233244814445,1.0220233244814445,001447_2014-06-19_17-00-32_260595134347_rgbf000082-resize,-4.5927589802746365,4.5927589802746365,4.13775,46.830399423560245
215322.0,2.5,-0.950687045344005,0.950687045344005,001066_2014-06-08_22-03-20_260595134347_rgbf000066-resize,-4.5666941289612195,4.5666941289612195,4.2330000000000005,19.743449467077777
215322.0,2.5,-1.188041838511458,1.188041838511458,000742_2014-06-08_18-48-09_260595134347_rgbf000164-resize,-4.993689863879701,4.993689863879701,4.632,18.91549953899407
215322.0,2.5,-0.38336036410502106,0.38336036410502106,002630_2014-06-24_14-47-50_094959634447_rgbf000055-resize,-3.4178494220771687,3.4178494220771687,3.0095,10.661401196716628
215322.0,2.5,-0.04222890505766352,0.04222890505766352,002758_2014-06-22_19-11-20_094959634447_rgbf000128-resize,-2.8606983940427395,2.8606983940427395,2.555,7.204478276142114
215322.0,2.5,-0.7572465817418325,0.7572465817418325,001199_2014-06-17_16-03-48_260595134347_rgbf000077-resize,-3.9951600083090666,3.9951600083090666,3.4375,28.282249848901696
215322.0,2.5,-0.2477903746258492,0.2477903746258492,000502_2014-06-08_23-02-32_260595134347_rgbf000063-resize,-3.0073238315880535,3.0073238315880535,2.431,13.897287578908273
215322.0,2.5,-0.7435089261993517,0.7435089261993517,003083_2014-06-15_15-21-03_094959634447_rgbf000063-resize,-4.3155516310898285,4.3155516310898285,4.1405,19.172834459547143
215322.0,2.5,-0.21830261287750455,0.21830261287750455,001806_2014-06-26_20-50-20_260595134347_rgbf000091-resize,-3.1201855987981815,3.1201855987981815,2.7305,13.909869710567438
215322.0,2.5,-0.718765482070711,0.718765482070711,001617_2014-06-20_11-35-32_260595134347_rgbf000066-resize,-4.12469412896122,4.12469412896122,3.7910000000000004,19.974169961071475
215322.0,2.5,-0.04933307068824416,0.04933307068824416,000493_2014-06-09_21-01-18_260595134347_rgbf000196-resize,-3.2884347237075517,3.2884347237075517,3.44,19.629285382994567
215322.0,2.5,-0.2846256650774597,0.2846256650774597,000191_2014-05-12_17-07-38_260595134347_rgbf000199-resize,-3.6945942819050206,3.6945942819050206,3.7995,12.340757267219296
215322.0,2.5,-0.6538231956299166,0.6538231956299166,000506_2014-06-08_23-21-00_260595134347_rgbf000070-resize,-4.186892072892361,4.186892072892361,4.0585,16.716212007621664
215322.0,2.5,-0.4540773953669353,0.4540773953669353,003079_2014-06-15_15-18-20_094959634447_rgbf000152-resize,-3.4258280966695733,3.4258280966695733,2.8775,9.032134209869396
215322.0,2.5,-0.5408889889719557,0.5408889889719557,001449_2014-06-19_17-01-27_260595134347_rgbf000116-resize,-3.7856941289612203,3.7856941289612203,3.452,8.994872108877228
215322.0,2.5,-0.936677679182907,0.936677679182907,001450_2014-06-19_17-02-03_260595134347_rgbf000203-resize,-4.44701182366235,4.44701182366235,4.0106666666667,12.34882649363641
215322.0,2.5,-0.2511335904740856,0.2511335904740856,002600_2014-06-24_14-27-04_094959634447_rgbf000074-resize,-3.165849422077169,3.165849422077169,2.7575,44.47386082434929
215322.0,2.5,-0.3410685665367143,0.3410685665367143,000009_2014-05-26_14-32-05_260595134347_rgbf000034-resize,-3.7852581051840084,3.7852581051840084,3.8715,34.796526826055185
215322.0,2.5,-0.7579165023793852,0.7579165023793852,001828_2014-06-26_21-40-03_260595134347_rgbf000024-resize,-4.655770900428566,4.655770900428566,4.8260000000000005,35.55232951340613
215322.0,2.5,-0.5005933391809038,0.5005933391809038,002805_2014-06-22_19-54-03_094959634447_rgbf000079-resize,-3.5990089802746366,3.5990089802746366,3.1439999999999997,7.377848172936663
215322.0,2.5,-0.2563411045570975,0.2563411045570975,000927_2014-06-09_16-32-30_260595134347_rgbf000123-resize,-3.1335089802746365,3.1335089802746365,2.6785,11.715239650325241
215322.0,2.5,-0.32525694737497524,0.32525694737497524,002570_2014-06-24_13-59-54_094959634447_rgbf000059-resize,-3.8481070771495784,3.8481070771495784,4.037,41.596140375002705
215322.0,2.5,-0.9098110555984312,0.9098110555984312,002467_2014-06-28_20-38-07_260595134347_rgbf000026-resize,-4.767741044857932,4.767741044857932,4.742,15.331046216195933
215322.0,2.5,-0.039281490296361764,0.039281490296361764,003010_2014-06-15_12-54-35_094959634447_rgbf000112-resize,-3.125577221578944,3.125577221578944,3.1185,6.696951333567531
215322.0,2.5,-0.7177762318128516,0.7177762318128516,002663_2014-06-13_15-50-26_094959634447_rgbf000075-resize,-4.5792709004285665,4.5792709004285665,4.7495,16.725954086732166
215322.0,2.5,-0.055194202522657,0.055194202522657,001011_2014-06-08_23-18-54_260595134347_rgbf000044-resize,-2.8346898638797007,2.8346898638797007,2.4730000000000003,11.624075606213012
215322.0,2.5,-0.3761946855185711,0.3761946855185711,001092_2014-06-15_17-34-58_260595134347_rgbf000171-resize,-3.26049191994856,3.26049191994856,2.6935,9.164038324933468
273030.0,2.5,-0.2354742187036542,0.2354742187036542,001808_2014-06-26_20-50-58_260595134347_rgbf000029-resize,-3.859085951614132,3.859085951614132,4.249,20.030651550568866
273030.0,2.5,-0.6835741574504218,0.6835741574504218,001029_2014-06-08_13-17-57_260595134347_rgbf000065-resize,-3.7532347184039625,3.7532347184039625,3.0835,18.209734661918688
273030.0,2.5,-1.2847156136050248,1.2847156136050248,000677_2014-06-08_23-10-32_260595134347_rgbf000158-resize,-4.5789509740005725,4.5789509740005725,3.556,19.65196273325612
273030.0,2.5,-0.4330273150212837,0.4330273150212837,001417_2014-06-19_16-25-36_260595134347_rgbf000115-resize,-4.235585951614132,4.235585951614132,4.6255,49.17091269608214
273030.0,2.5,-0.41212575474943614,0.41212575474943614,003081_2014-06-15_15-19-16_094959634447_rgbf000150-resize,-3.8758022072107434,3.8758022072107434,3.9125,16.632991649560594
273030.0,2.5,-0.4949411212586715,0.4949411212586715,000682_2014-06-08_23-14-58_260595134347_rgbf000041-resize,-3.393734718403963,3.393734718403963,2.7239999999999998,8.707843071693064
273030.0,2.5,-0.7955108967236197,0.7955108967236197,001650_2014-06-20_12-09-00_260595134347_rgbf000087-resize,-3.3266672295971818,3.3266672295971818,1.9505,47.6804595860539
273030.0,2.5,-0.1373516520940733,0.1373516520940733,001244_2014-06-17_16-47-45_260595134347_rgbf000030-resize,-2.7122347184039626,2.7122347184039626,2.0425,6.7629638807870815
273030.0,2.5,-0.27176407989663964,0.27176407989663964,003495_2014-05-21_16-01-51_094959634447_rgbf000100-resize,-2.6484509740005717,2.6484509740005717,1.6255,12.747278812179
273030.0,2.5,-0.1931482939654756,0.1931482939654756,000556_2014-06-09_22-42-56_260595134347_rgbf000214-resize,-4.098369696017523,4.098369696017523,4.8415,23.88242025565649
273030.0,2.5,-0.12187462945327172,0.12187462945327172,001150_2014-06-17_15-27-34_260595134347_rgbf000108-resize,-3.642585951614132,3.642585951614132,4.0325,11.088139074292139
273030.0,2.5,-0.31645310224579803,0.31645310224579803,000665_2014-06-09_20-42-35_260595134347_rgbf000110-resize,-3.3735184628073527,3.3735184628073527,3.057,18.49880761375764
273030.0,2.5,-0.8204364993589299,0.8204364993589299,002375_2014-06-28_20-13-44_260595134347_rgbf000032-resize,-4.334018462807353,4.334018462807353,4.0175,48.76103649676905
273030.0,2.5,-0.4749153468352408,0.4749153468352408,000788_2014-06-08_22-34-36_260595134347_rgbf000131-resize,-3.6755184628073527,3.6755184628073527,3.359,21.46386213810664
273030.0,2.5,-0.27989898111850153,0.27989898111850153,001235_2014-06-17_16-37-36_260595134347_rgbf000084-resize,-3.623802207210743,3.623802207210743,3.6605,14.547706659434104
273030.0,2.5,-0.6333775914246922,0.6333775914246922,000692_2014-06-08_13-09-42_260595134347_rgbf000199-resize,-3.9775184628073528,3.9775184628073528,3.661,54.80046590295557
273030.0,2.5,-0.134029762589136,0.134029762589136,000780_2014-06-08_22-28-29_260595134347_rgbf000126-resize,-3.3458022072107427,3.3458022072107427,3.3825,14.165390776882042
273030.0,2.5,-0.7328081211327602,0.7328081211327602,000470_2014-06-09_19-42-40_260595134347_rgbf000094-resize,-3.2071672295971823,3.2071672295971823,1.831,22.486379427626872
273030.0,2.5,-0.4827840828980847,0.4827840828980847,000109_2014-05-14_23-41-52_260595134347_rgbf000035-resize,-2.7306672295971826,2.7306672295971826,1.3545,6.620498200896815
273030.0,2.5,-0.012558261901405077,0.012558261901405077,002784_2014-06-22_19-26-30_094959634447_rgbf000083-resize,-2.4744013850706623,2.4744013850706623,1.8046666666667,3.0422522474895675
273030.0,2.5,-0.5941980179768325,0.5941980179768325,001100_2014-06-15_17-46-26_260595134347_rgbf000225-resize,-3.2629509740005727,3.2629509740005727,2.24,9.548860596737413
273030.0,2.5,-0.6388851351012634,0.6388851351012634,000469_2014-06-09_19-42-10_260595134347_rgbf000081-resize,-3.0281672295971815,3.0281672295971815,1.652,25.13136208408983
273030.0,2.5,-0.12038541246599145,0.12038541246599145,000483_2014-06-09_20-41-45_260595134347_rgbf000116-resize,-2.3599509740005717,2.3599509740005717,1.337,29.232414989368262
273030.0,2.5,-0.6593488024489116,0.6593488024489116,002964_2014-06-08_17-46-11_094959634447_rgbf000091-resize,-3.0671672295971817,3.0671672295971817,1.6909999999999998,28.953812917975768
273030.0,2.5,-0.09248899675500476,0.09248899675500476,002136_2014-06-25_21-18-03_260595134347_rgbf000109-resize,-2.6267347184039624,2.6267347184039624,1.9569999999999999,13.297078442475444
273030.0,2.5,-0.15991606234311945,0.15991606234311945,002103_2014-06-25_20-00-40_260595134347_rgbf000049-resize,-3.715085951614133,3.715085951614133,4.105,11.598018874569219
273030.0,2.5,-0.18510211446329802,0.18510211446329802,000691_2014-06-08_13-08-50_260595134347_rgbf000132-resize,-3.763085951614133,3.763085951614133,4.1530000000000005,14.740846212587924
273030.0,2.5,-0.5704992776192049,0.5704992776192049,000929_2014-06-09_16-33-19_260595134347_rgbf000139-resize,-3.537734718403963,3.537734718403963,2.8680000000000003,19.501338012209015
273030.0,2.5,-0.6270810783946499,0.6270810783946499,000457_2014-06-08_16-52-43_260595134347_rgbf000199-resize,-3.9655184628073528,3.9655184628073528,3.6489999999999996,14.067279821032837
273030.0,2.5,-0.0961638679139178,0.0961638679139178,003621_2014-05-23_18-06-08_094959634447_rgbf000101-resize,-3.5935859516141324,3.5935859516141324,3.9835,23.07176470133362
273030.0,2.5,-0.5614030442037615,0.5614030442037615,002279_2014-06-28_18-55-32_260595134347_rgbf000040-resize,-2.8805005629304823,2.8805005629304823,1.5043333333333,15.963772282558683
273030.0,2.5,-0.15387999879794326,0.15387999879794326,000635_2014-06-08_16-38-42_260595134347_rgbf000106-resize,-2.7437347184039624,2.7437347184039624,2.074,10.796976226722654
273030.0,2.5,-0.20442764125292606,0.20442764125292606,002043_2014-06-24_20-29-38_260595134347_rgbf000039-resize,-3.1600184628073533,3.1600184628073533,2.8435,8.475049543704081
273030.0,2.5,-0.8130905674905409,0.8130905674905409,003048_2014-06-15_13-49-43_094959634447_rgbf000150-resize,-4.3200184628073535,4.3200184628073535,4.0035,24.355606534500392
273030.0,2.5,-0.2173698385175505,0.2173698385175505,002725_2014-06-22_11-47-51_094959634447_rgbf000070-resize,-2.8647347184039624,2.8647347184039624,2.195,3.938570017428758
273030.0,2.5,-0.6008437022114141,0.6008437022114141,002344_2014-06-28_20-06-29_260595134347_rgbf000030-resize,-2.9556672295971818,2.9556672295971818,1.5795,37.33165518125916
273030.0,2.5,-0.3848389597278568,0.3848389597278568,000549_2014-06-08_22-10-24_260595134347_rgbf000247-resize,-2.8639509740005726,2.8639509740005726,1.841,30.99307977870557
273030.0,2.5,-0.5775828547780092,0.5775828547780092,000642_2014-06-08_16-59-25_260595134347_rgbf000098-resize,-3.5512347184039625,3.5512347184039625,2.8815,31.36214301237791
273030.0,2.5,-0.05025179373650784,0.05025179373650784,002425_2014-06-28_20-27-29_260595134347_rgbf000031-resize,-3.5060859516141325,3.5060859516141325,3.8960000000000004,8.40495801096819
273030.0,2.5,-0.4626714919797009,0.4626714919797009,001056_2014-06-08_18-46-44_260595134347_rgbf000068-resize,-3.3322347184039627,3.3322347184039627,2.6625,11.38594592369452
273030.0,2.5,-0.8193851752958712,0.8193851752958712,002199_2014-06-28_18-33-56_260595134347_rgbf000074-resize,-3.3721672295971823,3.3721672295971823,1.996,17.12852126070164
273030.0,2.5,-0.5558961356021161,0.5558961356021161,000917_2014-06-09_22-45-29_260595134347_rgbf000149-resize,-4.149802207210741,4.149802207210741,4.1865,9.740561609074897
273030.0,2.5,-0.16332476834300713,0.16332476834300713,000878_2014-06-08_22-52-45_260595134347_rgbf000045-resize,-2.7617347184039627,2.7617347184039627,2.092,5.576511521775202
273030.0,2.5,-0.23267322816844785,0.23267322816844785,002953_2014-06-08_17-32-18_094959634447_rgbf000059-resize,-2.5739509740005726,2.5739509740005726,1.551,13.905027931093345
273030.0,2.5,-0.13053042964485986,0.13053042964485986,002905_2014-06-03_18-04-43_094959634447_rgbf000151-resize,-2.6992347184039627,2.6992347184039627,2.0295,12.020604335789361
273030.0,2.5,-1.6527124546580856,1.6527124546580856,003129_2014-05-12_10-48-10_094959634447_rgbf000100-resize,-5.6002347184039625,5.6002347184039625,4.9305,17.9074543760639
273030.0,2.5,-0.19882947063196432,0.19882947063196432,000810_2014-06-08_17-20-01_260595134347_rgbf000105-resize,-2.5094509740005724,2.5094509740005724,1.4865,3.0958890116960642
273030.0,2.5,-0.4563749789496564,0.4563749789496564,001214_2014-06-17_16-13-55_260595134347_rgbf000111-resize,-3.3202347184039627,3.3202347184039627,2.6505,18.479282579459067
273030.0,2.5,-0.36918449364770206,0.36918449364770206,002272_2014-06-28_18-53-56_260595134347_rgbf000067-resize,-2.5141672295971818,2.5141672295971818,1.138,10.409245808146235
273030.0,2.5,-0.3948084386920959,0.3948084386920959,001571_2014-06-20_17-21-32_260595134347_rgbf000089-resize,-2.8829509740005728,2.8829509740005728,1.86,4.991960350191473
273030.0,2.5,-0.9222301266779784,0.9222301266779784,001133_2014-06-17_14-49-16_260595134347_rgbf000100-resize,-4.528018462807354,4.528018462807354,4.2115,26.759918254713728
273030.0,2.5,-0.3284346023917546,0.3284346023917546,001132_2014-06-17_14-48-54_260595134347_rgbf000100-resize,-3.7163022072107434,3.7163022072107434,3.753,14.398279213278778
273030.0,2.5,-0.011683746202770351,0.011683746202770351,000709_2014-06-08_13-51-55_260595134347_rgbf000068-resize,-2.4727347184039625,2.4727347184039625,1.8030000000000002,14.429351101546246
273030.0,2.5,-1.0286574170498872,1.0286574170498872,000854_2014-06-09_19-43-13_260595134347_rgbf000066-resize,-4.090950974000572,4.090950974000572,3.068,11.910827625938722
273030.0,2.5,-0.026813502863754224,0.026813502863754224,002153_2014-06-25_21-27-18_260595134347_rgbf000038-resize,-2.8215184628073526,2.8215184628073526,2.505,17.28886317575377
273030.0,2.5,-1.2158918631987523,1.2158918631987523,000734_2014-06-08_17-39-11_260595134347_rgbf000128-resize,-4.767734718403962,4.767734718403962,4.098,16.052231618370055
273030.0,2.5,-1.0164135621943455,1.0164135621943455,000522_2014-06-08_13-35-06_260595134347_rgbf000244-resize,-3.7476672295971833,3.7476672295971833,2.3715,25.742609854068213
273030.0,2.5,-0.4113367853959601,0.4113367853959601,002949_2014-06-26_15-57-42_094959634447_rgbf000079-resize,-2.914450974000572,2.914450974000572,1.8915,17.99500168321199
273030.0,2.5,-0.04640328958769247,0.04640328958769247,000866_2014-06-09_20-45-42_260595134347_rgbf000139-resize,-3.1788022072107434,3.1788022072107434,3.2155,8.082259189449621
273030.0,2.5,-0.6289156561370318,0.6289156561370318,001555_2014-06-20_17-12-10_260595134347_rgbf000065-resize,-3.0091672295971823,3.0091672295971823,1.633,7.608284543781994
273030.0,2.5,-0.5203008063687626,0.5203008063687626,003534_2014-05-22_15-06-10_094959634447_rgbf000102-resize,-2.8021672295971816,2.8021672295971816,1.426,12.376994007247625
273030.0,2.5,-0.6485073480856858,0.6485073480856858,002414_2014-06-28_20-24-58_260595134347_rgbf000067-resize,-4.326302207210744,4.326302207210744,4.363,31.720662178139435
273030.0,2.5,-0.3346423937021273,0.3346423937021273,001059_2014-06-08_21-53-27_260595134347_rgbf000061-resize,-3.0882347184039625,3.0882347184039625,2.4185,8.755513319222857
273030.0,2.5,-1.135960493270224,1.135960493270224,001032_2014-06-08_13-23-17_260595134347_rgbf000021-resize,-4.295450974000572,4.295450974000572,3.2725,15.984983178828962
273030.0,2.5,-0.12449817654912147,0.12449817654912147,002639_2014-06-24_14-51-37_094959634447_rgbf000074-resize,-3.647585951614132,3.647585951614132,4.0375,16.521406794569987
273030.0,2.5,-0.3561573851128341,0.3561573851128341,000447_2014-06-08_16-15-46_260595134347_rgbf000130-resize,-4.089085951614132,4.089085951614132,4.479,19.081432914605553
273030.0,2.5,-0.8835328070141599,0.8835328070141599,001447_2014-06-19_17-00-32_260595134347_rgbf000082-resize,-4.4542684628073514,4.4542684628073514,4.13775,46.830399423560245
273030.0,2.5,-0.7594814850154967,0.7594814850154967,002758_2014-06-22_19-11-20_094959634447_rgbf000128-resize,-3.5779509740005726,3.5779509740005726,2.555,7.204478276142114
273030.0,2.5,-0.19332002173067275,0.19332002173067275,002549_2014-06-24_13-41-39_094959634447_rgbf000022-resize,-2.4989509740005724,2.4989509740005724,1.476,4.1736441355391865
273030.0,2.5,-0.3412012614417578,0.3412012614417578,000502_2014-06-08_23-02-32_260595134347_rgbf000063-resize,-3.100734718403962,3.100734718403962,2.431,13.897287578908273
273030.0,2.5,-0.17854324672365554,0.17854324672365554,003083_2014-06-15_15-21-03_094959634447_rgbf000063-resize,-3.7505859516141333,3.7505859516141333,4.1405,19.172834459547143
273030.0,2.5,-0.4983517324832853,0.4983517324832853,001806_2014-06-26_20-50-20_260595134347_rgbf000091-resize,-3.4002347184039627,3.4002347184039627,2.7305,13.909869710567438
273030.0,2.5,-0.16420055419143442,0.16420055419143442,000493_2014-06-09_21-01-18_260595134347_rgbf000196-resize,-3.4033022072107433,3.4033022072107433,3.44,19.629285382994567
273030.0,2.5,-0.13551707435168842,0.13551707435168842,000506_2014-06-08_23-21-00_260595134347_rgbf000070-resize,-3.668585951614133,3.668585951614133,4.0585,16.716212007621664
273030.0,2.5,-0.8769295784146981,0.8769295784146981,001449_2014-06-19_17-01-27_260595134347_rgbf000116-resize,-4.121734718403961,4.121734718403961,3.452,8.994872108877228
273030.0,2.5,-0.15930263120426918,0.15930263120426918,002600_2014-06-24_14-27-04_094959634447_rgbf000074-resize,-3.0740184628073526,3.0740184628073526,2.7575,44.47386082434929
273030.0,2.5,-0.8046933115591008,0.8046933115591008,003228_2014-05-14_13-42-35_094959634447_rgbf000101-resize,-3.3441672295971823,3.3441672295971823,1.9680000000000002,14.40337638638131
273030.0,2.5,-0.37006027949612574,0.37006027949612574,000368_2014-06-09_15-53-01_260595134347_rgbf000155-resize,-3.155734718403963,3.155734718403963,2.4859999999999998,21.090700959072958
273030.0,2.5,-0.4981761942686529,0.4981761942686529,002209_2014-06-28_18-36-10_260595134347_rgbf000051-resize,-3.0799509740005724,3.0799509740005724,2.057,12.962068825921264
273030.0,2.5,-1.18388458862936,1.18388458862936,002570_2014-06-24_13-59-54_094959634447_rgbf000059-resize,-4.706734718403962,4.706734718403962,4.037,41.596140375002705
273030.0,2.5,-0.8473722179512431,0.8473722179512431,002467_2014-06-28_20-38-07_260595134347_rgbf000026-resize,-4.705302207210742,4.705302207210742,4.742,15.331046216195933
273030.0,2.5,-0.6007568857164582,0.6007568857164582,001810_2014-06-26_20-51-35_260595134347_rgbf000040-resize,-3.2754509740005724,3.2754509740005724,2.2525,22.411391411207674
273030.0,2.5,-0.3182027687179363,0.3182027687179363,000409_2014-06-04_19-23-33_260595134347_rgbf000067-resize,-3.696802207210743,3.696802207210743,3.7335,12.696549983566419
273030.0,2.5,-0.3632390570469185,0.3632390570469185,001011_2014-06-08_23-18-54_260595134347_rgbf000044-resize,-3.142734718403963,3.142734718403963,2.4730000000000003,11.624075606213012
273030.0,2.5,-0.8044309568495143,0.8044309568495143,002875_2014-06-01_15-19-00_094959634447_rgbf000151-resize,-3.3436672295971817,3.3436672295971817,1.9675,11.625680938349673
273030.0,2.5,-0.4789374839739732,0.4789374839739732,001092_2014-06-15_17-34-58_260595134347_rgbf000171-resize,-3.3632347184039624,3.3632347184039624,2.6935,9.164038324933468
273030.0,2.5,-0.07333710295529039,0.07333710295529039,002545_2014-06-24_13-38-53_094959634447_rgbf000080-resize,-2.5902347184039627,2.5902347184039627,1.9205,12.083824048628237
273030.0,2.5,-0.036607443613366215,0.036607443613366215,001167_2014-06-17_15-38-07_260595134347_rgbf000108-resize,-2.5202347184039624,2.5202347184039624,1.8505,12.019050657019696
273030.0,2.5,-0.13087960084939976,0.13087960084939976,003587_2014-05-23_16-48-02_094959634447_rgbf002384-resize,-2.3799509740005726,2.3799509740005726,1.357,20.788172722830538
734116.0,2.5,-0.9765223473799072,0.9765223473799072,001029_2014-06-08_13-17-57_260595134347_rgbf000065-resize,-4.046182908333448,4.046182908333448,3.0835,18.209734661918688
734116.0,2.5,-0.9311300993050532,0.9311300993050532,000677_2014-06-08_23-10-32_260595134347_rgbf000158-resize,-4.225365459700601,4.225365459700601,3.556,19.65196273325612
734116.0,2.5,-0.2739364351107886,0.2739364351107886,001516_2014-06-20_16-25-09_260595134347_rgbf000076-resize,-2.707182908333448,2.707182908333448,1.7445,3.8622659094666254
734116.0,2.5,-0.9686614727255799,0.9686614727255799,001650_2014-06-20_12-09-00_260595134347_rgbf000087-resize,-3.4998178055991422,3.4998178055991422,1.9505,47.6804595860539
734116.0,2.5,-0.43029984202355853,0.43029984202355853,001244_2014-06-17_16-47-45_260595134347_rgbf000030-resize,-3.005182908333448,3.005182908333448,2.0425,6.7629638807870815
734116.0,2.5,-0.5048134628623624,0.5048134628623624,003495_2014-05-21_16-01-51_094959634447_rgbf000100-resize,-2.8815003569662947,2.8815003569662947,1.6255,12.747278812179
734116.0,2.5,-0.8563492404400531,0.8563492404400531,001158_2014-06-17_15-32-16_260595134347_rgbf000138-resize,-4.614230562434907,4.614230562434907,4.5315,26.954451973303737
734116.0,2.5,-0.4323742631171643,0.4323742631171643,000556_2014-06-09_22-42-56_260595134347_rgbf000214-resize,-4.337595665169212,4.337595665169212,4.8415,23.88242025565649
734116.0,2.5,-0.3012017916411983,0.3012017916411983,001150_2014-06-17_15-27-34_260595134347_rgbf000108-resize,-3.821913113802059,3.821913113802059,4.0325,11.088139074292139
734116.0,2.5,-0.3759826505061989,0.3759826505061989,000665_2014-06-09_20-42-35_260595134347_rgbf000110-resize,-3.4330480110677533,3.4330480110677533,3.057,18.49880761375764
734116.0,2.5,-0.2933311503536365,0.2933311503536365,002375_2014-06-28_20-13-44_260595134347_rgbf000032-resize,-3.8069131138020587,3.8069131138020587,4.0175,48.76103649676905
734116.0,2.5,-0.2411274464627943,0.2411274464627943,000788_2014-06-08_22-34-36_260595134347_rgbf000131-resize,-3.4417305624349064,3.4417305624349064,3.359,21.46386213810664
734116.0,2.5,-0.3993273363426649,0.3993273363426649,001235_2014-06-17_16-37-36_260595134347_rgbf000084-resize,-3.7432305624349063,3.7432305624349063,3.6605,14.547706659434104
734116.0,2.5,-0.2534581178132994,0.2534581178132994,000780_2014-06-08_22-28-29_260595134347_rgbf000126-resize,-3.4652305624349062,3.4652305624349062,3.3825,14.165390776882042
734116.0,2.5,-0.3193237998690257,0.3193237998690257,000470_2014-06-09_19-42-40_260595134347_rgbf000094-resize,-2.793682908333448,2.793682908333448,1.831,22.486379427626872
734116.0,2.5,-0.06929976163435025,0.06929976163435025,000109_2014-05-14_23-41-52_260595134347_rgbf000035-resize,-2.3171829083334483,2.3171829083334483,1.3545,6.620498200896815
734116.0,2.5,-0.3374311581470195,0.3374311581470195,002509_2014-06-24_13-19-22_094959634447_rgbf000077-resize,-2.5625003569662947,2.5625003569662947,1.3065,40.21868783296904
734116.0,2.5,-0.2469139000235199,0.2469139000235199,003338_2014-05-20_11-01-23_094959634447_rgbf000051-resize,-2.655682908333448,2.655682908333448,1.693,28.251495663089063
734116.0,2.5,-0.3055064518308904,0.3055064518308904,002784_2014-06-22_19-26-30_094959634447_rgbf000083-resize,-2.767349575000148,2.767349575000148,1.8046666666667,3.0422522474895675
734116.0,2.5,-0.8272474009425552,0.8272474009425552,001100_2014-06-15_17-46-26_260595134347_rgbf000225-resize,-3.4960003569662947,3.4960003569662947,2.24,9.548860596737413
734116.0,2.5,-0.5187182624703763,0.5187182624703763,000469_2014-06-09_19-42-10_260595134347_rgbf000081-resize,-2.9080003569662947,2.9080003569662947,1.652,25.13136208408983
734116.0,2.5,-0.3534347954317142,0.3534347954317142,000483_2014-06-09_20-41-45_260595134347_rgbf000116-resize,-2.593000356966295,2.593000356966295,1.337,29.232414989368262
734116.0,2.5,-0.5391819298180245,0.5391819298180245,002964_2014-06-08_17-46-11_094959634447_rgbf000091-resize,-2.947000356966295,2.947000356966295,1.6909999999999998,28.953812917975768
734116.0,2.5,-0.3854371866844901,0.3854371866844901,002136_2014-06-25_21-18-03_260595134347_rgbf000109-resize,-2.9196829083334483,2.9196829083334483,1.9569999999999999,13.297078442475444
734116.0,2.5,-0.632560673163893,0.632560673163893,002103_2014-06-25_20-00-40_260595134347_rgbf000049-resize,-4.187730562434907,4.187730562434907,4.105,11.598018874569219
734116.0,2.5,-0.9647115021319594,0.9647115021319594,002213_2014-06-28_18-37-58_260595134347_rgbf000055-resize,-4.289365459700601,4.289365459700601,3.62,11.387296889913552
734116.0,2.5,-0.6577467252840715,0.6577467252840715,000691_2014-06-08_13-08-50_260595134347_rgbf000132-resize,-4.235730562434907,4.235730562434907,4.1530000000000005,14.740846212587924
734116.0,2.5,-0.27681257028299594,0.27681257028299594,000929_2014-06-09_16-33-19_260595134347_rgbf000139-resize,-3.2440480110677536,3.2440480110677536,2.8680000000000003,19.501338012209015
734116.0,2.5,-0.6866106266550509,0.6866106266550509,000457_2014-06-08_16-52-43_260595134347_rgbf000199-resize,-4.025048011067754,4.025048011067754,3.6489999999999996,14.067279821032837
734116.0,2.5,-0.2754910301018444,0.2754910301018444,003621_2014-05-23_18-06-08_094959634447_rgbf000101-resize,-3.772913113802059,3.772913113802059,3.9835,23.07176470133362
734116.0,2.5,-0.6241702057737706,0.6241702057737706,001584_2014-06-20_11-07-43_260595134347_rgbf000002-resize,-3.9060480110677527,3.9060480110677527,3.53,17.602834139105468
734116.0,2.5,-0.4412361715728744,0.4412361715728744,002279_2014-06-28_18-55-32_260595134347_rgbf000040-resize,-2.7603336902995954,2.7603336902995954,1.5043333333333,15.963772282558683
734116.0,2.5,-0.5572746381461742,0.5572746381461742,002043_2014-06-24_20-29-38_260595134347_rgbf000039-resize,-3.5128654597006013,3.5128654597006013,2.8435,8.475049543704081
734116.0,2.5,-0.21700057981418874,0.21700057981418874,002725_2014-06-22_11-47-51_094959634447_rgbf000070-resize,-2.8643654597006005,2.8643654597006005,2.195,3.938570017428758
734116.0,2.5,-0.9112057913264268,0.9112057913264268,000549_2014-06-08_22-10-24_260595134347_rgbf000247-resize,-3.3903178055991425,3.3903178055991425,1.841,30.99307977870557
734116.0,2.5,-0.9096170131190646,0.9096170131190646,000736_2014-06-08_18-24-15_260595134347_rgbf000206-resize,-4.184365459700601,4.184365459700601,3.515,33.408170606136416
734116.0,2.5,-0.5772135960746474,0.5772135960746474,000642_2014-06-08_16-59-25_260595134347_rgbf000098-resize,-3.5508654597006006,3.5508654597006006,2.8815,31.36214301237791
734116.0,2.5,-0.9925357512978314,0.9925357512978314,002199_2014-06-28_18-33-56_260595134347_rgbf000074-resize,-3.545317805599143,3.545317805599143,1.996,17.12852126070164
734116.0,2.5,-0.08868959356058513,0.08868959356058513,000917_2014-06-09_22-45-29_260595134347_rgbf000149-resize,-3.6825956651692113,3.6825956651692113,4.1865,9.740561609074897
734116.0,2.5,-0.4657226111341706,0.4657226111341706,002953_2014-06-08_17-32-18_094959634447_rgbf000059-resize,-2.8070003569662947,2.8070003569662947,1.551,13.905027931093345
734116.0,2.5,-0.4234786195743452,0.4234786195743452,002905_2014-06-03_18-04-43_094959634447_rgbf000151-resize,-2.992182908333448,2.992182908333448,2.0295,12.020604335789361
734116.0,2.5,-0.4790734014233346,0.4790734014233346,003129_2014-05-12_10-48-10_094959634447_rgbf000100-resize,-4.426595665169212,4.426595665169212,4.9305,17.9074543760639
734116.0,2.5,-0.5423350696496623,0.5423350696496623,002272_2014-06-28_18-53-56_260595134347_rgbf000067-resize,-2.6873178055991422,2.6873178055991422,1.138,10.409245808146235
734116.0,2.5,-0.3345403730249713,0.3345403730249713,001571_2014-06-20_17-21-32_260595134347_rgbf000089-resize,-2.8226829083334484,2.8226829083334484,1.86,4.991960350191473
734116.0,2.5,-0.10180732903983758,0.10180732903983758,001133_2014-06-17_14-49-16_260595134347_rgbf000100-resize,-3.707595665169212,3.707595665169212,4.2115,26.759918254713728
734116.0,2.5,-0.31537871259202305,0.31537871259202305,003070_2014-06-15_14-58-27_094959634447_rgbf000150-resize,-3.3175480110677533,3.3175480110677533,2.9415,10.664823740812926
734116.0,2.5,-0.3956690203583111,0.3956690203583111,000943_2014-06-09_19-31-07_260595134347_rgbf000128-resize,-2.939182908333448,2.939182908333448,1.9765,15.893099149291922
734116.0,2.5,-0.011314487499408554,0.011314487499408554,000709_2014-06-08_13-51-55_260595134347_rgbf000068-resize,-2.4723654597006006,2.4723654597006006,1.8030000000000002,14.429351101546246
734116.0,2.5,-0.9683893513827626,0.9683893513827626,000854_2014-06-09_19-43-13_260595134347_rgbf000066-resize,-4.030682908333448,4.030682908333448,3.068,11.910827625938722
734116.0,2.5,-0.3004293774622795,0.3004293774622795,001164_2014-06-17_15-35-46_260595134347_rgbf000085-resize,-3.0233654597006008,3.0233654597006008,2.354,17.325668807481115
734116.0,2.5,-0.039634146184762326,0.039634146184762326,000739_2014-06-08_18-45-58_260595134347_rgbf000068-resize,-3.323413113802059,3.323413113802059,3.534,8.164356963721069
734116.0,2.5,-0.9222051558625436,0.9222051558625436,000734_2014-06-08_17-39-11_260595134347_rgbf000128-resize,-4.474048011067754,4.474048011067754,4.098,16.052231618370055
734116.0,2.5,-1.1895641381963058,1.1895641381963058,000522_2014-06-08_13-35-06_260595134347_rgbf000244-resize,-3.9208178055991434,3.9208178055991434,2.3715,25.742609854068213
734116.0,2.5,-0.3510687197288355,0.3510687197288355,002949_2014-06-26_15-57-42_094959634447_rgbf000079-resize,-2.8541829083334482,2.8541829083334482,1.8915,17.99500168321199
734116.0,2.5,-0.0944613971714494,0.0944613971714494,002989_2014-06-15_12-25-03_094959634447_rgbf000150-resize,-3.693595665169212,3.693595665169212,4.1975,27.906783421951957
734116.0,2.5,-1.3391014393432452,1.3391014393432452,000866_2014-06-09_20-45-42_260595134347_rgbf000139-resize,-4.4715003569662946,4.4715003569662946,3.2155,8.082259189449621
734116.0,2.5,-0.5087487835061447,0.5087487835061447,001555_2014-06-20_17-12-10_260595134347_rgbf000065-resize,-2.8890003569662945,2.8890003569662945,1.633,7.608284543781994
734116.0,2.5,-0.6934513823707229,0.6934513823707229,003534_2014-05-22_15-06-10_094959634447_rgbf000102-resize,-2.9753178055991425,2.9753178055991425,1.426,12.376994007247625
734116.0,2.5,-0.4056384993225501,0.4056384993225501,002637_2014-06-24_14-51-13_094959634447_rgbf000066-resize,-2.9581829083334483,2.9581829083334483,1.9955,10.972027795242447
734116.0,2.5,-0.363132153053138,0.363132153053138,002340_2014-06-28_20-05-46_260595134347_rgbf000113-resize,-3.1428654597006007,3.1428654597006007,2.4735,7.91768620575396
734116.0,2.5,-1.0880084490037587,1.0880084490037587,000773_2014-06-08_22-24-54_260595134347_rgbf000093-resize,-5.055730562434906,5.055730562434906,4.973,21.45352631724976
734116.0,2.5,-0.4746182546770023,0.4746182546770023,002414_2014-06-28_20-24-58_260595134347_rgbf000067-resize,-4.15241311380206,4.15241311380206,4.363,31.720662178139435
734116.0,2.5,-0.33427313499876554,0.33427313499876554,001059_2014-06-08_21-53-27_260595134347_rgbf000061-resize,-3.087865459700601,3.087865459700601,2.4185,8.755513319222857
734116.0,2.5,-0.3054043503111642,0.3054043503111642,003292_2014-05-14_21-53-49_094959634447_rgbf000100-resize,-3.5642305624349064,3.5642305624349064,3.4815,33.084282711345374
734116.0,2.5,-0.529188034270709,0.529188034270709,001570_2014-06-20_17-21-09_260595134347_rgbf000135-resize,-4.256413113802059,4.256413113802059,4.467,22.179510675592084
734116.0,2.5,-0.6483019557389961,0.6483019557389961,001392_2014-06-19_16-07-59_260595134347_rgbf000046-resize,-4.217730562434906,4.217730562434906,4.135,18.95235574822112
734116.0,2.5,-0.8288019959336076,0.8288019959336076,000447_2014-06-08_16-15-46_260595134347_rgbf000130-resize,-4.5617305624349065,4.5617305624349065,4.479,19.081432914605553
734116.0,2.5,-1.2363798039074079,1.2363798039074079,001447_2014-06-19_17-00-32_260595134347_rgbf000082-resize,-4.807115459700602,4.807115459700602,4.13775,46.830399423560245
734116.0,2.5,-0.615765088433816,0.615765088433816,000742_2014-06-08_18-48-09_260595134347_rgbf000164-resize,-4.421413113802059,4.421413113802059,4.632,18.91549953899407
734116.0,2.5,-0.40589597071552497,0.40589597071552497,002758_2014-06-22_19-11-20_094959634447_rgbf000128-resize,-3.2243654597006013,3.2243654597006013,2.555,7.204478276142114
734116.0,2.5,-0.13305195606354814,0.13305195606354814,002549_2014-06-24_13-41-39_094959634447_rgbf000022-resize,-2.438682908333448,2.438682908333448,1.476,4.1736441355391865
734116.0,2.5,-0.0645529602787347,0.0645529602787347,003083_2014-06-15_15-21-03_094959634447_rgbf000063-resize,-3.6365956651692115,3.6365956651692115,4.1405,19.172834459547143
734116.0,2.5,-0.7912999224127706,0.7912999224127706,001806_2014-06-26_20-50-20_260595134347_rgbf000091-resize,-3.693182908333448,3.693182908333448,2.7305,13.909869710567438
734116.0,2.5,-0.467801915544397,0.467801915544397,001617_2014-06-20_11-35-32_260595134347_rgbf000066-resize,-3.8737305624349063,3.8737305624349063,3.7910000000000004,19.974169961071475
734116.0,2.5,-0.2836289094155978,0.2836289094155978,000493_2014-06-09_21-01-18_260595134347_rgbf000196-resize,-3.5227305624349063,3.5227305624349063,3.44,19.629285382994567
734116.0,2.5,-0.6081616851724619,0.6081616851724619,000506_2014-06-08_23-21-00_260595134347_rgbf000070-resize,-4.141230562434907,4.141230562434907,4.0585,16.716212007621664
734116.0,2.5,-0.5121496280975173,0.5121496280975173,002600_2014-06-24_14-27-04_094959634447_rgbf000074-resize,-3.4268654597006005,3.4268654597006005,2.7575,44.47386082434929
734116.0,2.5,-0.3912089902953664,0.3912089902953664,003228_2014-05-14_13-42-35_094959634447_rgbf000101-resize,-2.930682908333448,2.930682908333448,1.9680000000000002,14.40337638638131
734116.0,2.5,-0.369691020792764,0.369691020792764,000368_2014-06-09_15-53-01_260595134347_rgbf000155-resize,-3.155365459700601,3.155365459700601,2.4859999999999998,21.090700959072958
734116.0,2.5,-0.4379081286015283,0.4379081286015283,002209_2014-06-28_18-36-10_260595134347_rgbf000051-resize,-3.019682908333448,3.019682908333448,2.057,12.962068825921264
734116.0,2.5,-0.560160539951605,0.560160539951605,000906_2014-06-08_13-35-43_260595134347_rgbf000155-resize,-3.518365459700601,3.518365459700601,2.8489999999999998,16.12201726422563
734116.0,2.5,-0.12831492134117287,0.12831492134117287,002805_2014-06-22_19-54-03_094959634447_rgbf000079-resize,-3.2267305624349065,3.2267305624349065,3.1439999999999997,7.377848172936663
734116.0,2.5,-0.5968804326603033,0.5968804326603033,002570_2014-06-24_13-59-54_094959634447_rgbf000059-resize,-4.119730562434906,4.119730562434906,4.037,41.596140375002705
734116.0,2.5,-0.9668005731754064,0.9668005731754064,002467_2014-06-28_20-38-07_260595134347_rgbf000026-resize,-4.824730562434906,4.824730562434906,4.742,15.331046216195933
734116.0,2.5,-0.833806268682181,0.833806268682181,001810_2014-06-26_20-51-35_260595134347_rgbf000040-resize,-3.508500356966296,3.508500356966296,2.2525,22.411391411207674
734116.0,2.5,-0.09078354792065067,0.09078354792065067,002663_2014-06-13_15-50-26_094959634447_rgbf000075-resize,-3.952278216536365,3.952278216536365,4.7495,16.725954086732166
734116.0,2.5,-0.4376311239420997,0.4376311239420997,000409_2014-06-04_19-23-33_260595134347_rgbf000067-resize,-3.8162305624349058,3.8162305624349058,3.7335,12.696549983566419
734116.0,2.5,-0.3909466355857798,0.3909466355857798,002875_2014-06-01_15-19-00_094959634447_rgbf000151-resize,-2.9301829083334483,2.9301829083334483,1.9675,11.625680938349673
734116.0,2.5,-0.6228730821756989,0.6228730821756989,001167_2014-06-17_15-38-07_260595134347_rgbf000108-resize,-3.1065003569662952,3.1065003569662952,1.8505,12.019050657019696
734116.0,2.5,-0.6572464324479699,0.6572464324479699,003587_2014-05-23_16-48-02_094959634447_rgbf002384-resize,-2.9063178055991425,2.9063178055991425,1.357,20.788172722830538
209931.0,2.5,-0.8512833129716876,0.8512833129716876,001029_2014-06-08_13-17-57_260595134347_rgbf000065-resize,-3.920943873925228,3.920943873925228,3.0835,18.209734661918688
209931.0,2.5,-1.0992085135296803,1.0992085135296803,000677_2014-06-08_23-10-32_260595134347_rgbf000158-resize,-4.393443873925229,4.393443873925229,3.556,19.65196273325612
209931.0,2.5,-0.14869740070256898,0.14869740070256898,001516_2014-06-20_16-25-09_260595134347_rgbf000076-resize,-2.581943873925228,2.581943873925228,1.7445,3.8622659094666254
209931.0,2.5,-0.8948400164232679,0.8948400164232679,001650_2014-06-20_12-09-00_260595134347_rgbf000087-resize,-3.42599634929683,3.42599634929683,1.9505,47.6804595860539
209931.0,2.5,-0.6240870453011402,0.6240870453011402,001244_2014-06-17_16-47-45_260595134347_rgbf000030-resize,-3.1989701116110294,3.1989701116110294,2.0425,6.7629638807870815
209931.0,2.5,-0.4052832175070966,0.4052832175070966,003495_2014-05-21_16-01-51_094959634447_rgbf000100-resize,-2.7819701116110296,2.7819701116110296,1.6255,12.747278812179
209931.0,2.5,-0.4976175211299769,0.4976175211299769,000556_2014-06-09_22-42-56_260595134347_rgbf000214-resize,-4.402838923182023,4.402838923182023,4.8415,23.88242025565649
209931.0,2.5,-0.8373785133636736,0.8373785133636736,000665_2014-06-09_20-42-35_260595134347_rgbf000110-resize,-3.894443873925228,3.894443873925228,3.057,18.49880761375764
209931.0,2.5,-1.3413619104768055,1.3413619104768055,002375_2014-06-28_20-13-44_260595134347_rgbf000032-resize,-4.854943873925229,4.854943873925229,4.0175,48.76103649676905
209931.0,2.5,-0.6768145202673155,0.6768145202673155,000788_2014-06-08_22-34-36_260595134347_rgbf000131-resize,-3.8774176362394273,3.8774176362394273,3.359,21.46386213810664
209931.0,2.5,-0.19696193477558388,0.19696193477558388,001235_2014-06-17_16-37-36_260595134347_rgbf000084-resize,-3.540865160867825,3.540865160867825,3.6605,14.547706659434104
209931.0,2.5,-1.0081714293036217,1.0081714293036217,000780_2014-06-08_22-28-29_260595134347_rgbf000126-resize,-4.219943873925228,4.219943873925228,3.3825,14.165390776882042
209931.0,2.5,-0.1940847654608061,0.1940847654608061,000470_2014-06-09_19-42-40_260595134347_rgbf000094-resize,-2.668443873925228,2.668443873925228,1.831,22.486379427626872
209931.0,2.5,-0.2379009127917537,0.2379009127917537,002509_2014-06-24_13-19-22_094959634447_rgbf000077-resize,-2.462970111611029,2.462970111611029,1.3065,40.21868783296904
209931.0,2.5,-0.4407011033011015,0.4407011033011015,003338_2014-05-20_11-01-23_094959634447_rgbf000051-resize,-2.849470111611029,2.849470111611029,1.693,28.251495663089063
209931.0,2.5,-0.499293655108472,0.499293655108472,002784_2014-06-22_19-26-30_094959634447_rgbf000083-resize,-2.9611367782777287,2.9611367782777287,1.8046666666667,3.0422522474895675
209931.0,2.5,-0.7277171555872894,0.7277171555872894,001100_2014-06-15_17-46-26_260595134347_rgbf000225-resize,-3.3964701116110296,3.3964701116110296,2.24,9.548860596737413
209931.0,2.5,-0.10016177942930936,0.10016177942930936,000469_2014-06-09_19-42-10_260595134347_rgbf000081-resize,-2.4894438739252283,2.4894438739252283,1.652,25.13136208408983
209931.0,2.5,-0.2539045500764484,0.2539045500764484,000483_2014-06-09_20-41-45_260595134347_rgbf000116-resize,-2.493470111611029,2.493470111611029,1.337,29.232414989368262
209931.0,2.5,-0.7586779221485598,0.7586779221485598,002964_2014-06-08_17-46-11_094959634447_rgbf000091-resize,-3.16649634929683,3.16649634929683,1.6909999999999998,28.953812917975768
209931.0,2.5,-0.2601981522762705,0.2601981522762705,002136_2014-06-25_21-18-03_260595134347_rgbf000109-resize,-2.7944438739252284,2.7944438739252284,1.9569999999999999,13.297078442475444
209931.0,2.5,-1.0682477469684142,1.0682477469684142,002103_2014-06-25_20-00-40_260595134347_rgbf000049-resize,-4.623417636239426,4.623417636239426,4.105,11.598018874569219
209931.0,2.5,-0.13635508603118968,0.13635508603118968,000691_2014-06-08_13-08-50_260595134347_rgbf000132-resize,-3.7143389231820247,3.7143389231820247,4.1530000000000005,14.740846212587924
209931.0,2.5,-0.4191821954546697,0.4191821954546697,000929_2014-06-09_16-33-19_260595134347_rgbf000139-resize,-3.386417636239428,3.386417636239428,2.8680000000000003,19.501338012209015
209931.0,2.5,-0.3850789940388163,0.3850789940388163,002725_2014-06-22_11-47-51_094959634447_rgbf000070-resize,-3.032443873925228,3.032443873925228,2.195,3.938570017428758
209931.0,2.5,-0.3811465842252613,0.3811465842252613,002344_2014-06-28_20-06-29_260595134347_rgbf000030-resize,-2.7359701116110293,2.7359701116110293,1.5795,37.33165518125916
209931.0,2.5,-0.5183580973383137,0.5183580973383137,000549_2014-06-08_22-10-24_260595134347_rgbf000247-resize,-2.9974701116110296,2.9974701116110296,1.841,30.99307977870557
209931.0,2.5,-0.7586691896578912,0.7586691896578912,000736_2014-06-08_18-24-15_260595134347_rgbf000206-resize,-4.0334176362394265,4.0334176362394265,3.515,33.408170606136416
209931.0,2.5,-0.5996880573097183,0.5996880573097183,002199_2014-06-28_18-33-56_260595134347_rgbf000074-resize,-3.1524701116110294,3.1524701116110294,1.996,17.12852126070164
209931.0,2.5,-0.6500601615500741,0.6500601615500741,000878_2014-06-08_22-52-45_260595134347_rgbf000045-resize,-3.248470111611029,3.248470111611029,2.092,5.576511521775202
209931.0,2.5,-0.5443166594361473,0.5443166594361473,003129_2014-05-12_10-48-10_094959634447_rgbf000100-resize,-4.4918389231820255,4.4918389231820255,4.9305,17.9074543760639
209931.0,2.5,-0.11090667920141856,0.11090667920141856,001052_2014-06-08_18-24-54_260595134347_rgbf000130-resize,-3.6658389231820236,3.6658389231820236,4.1045,25.87613690895519
209931.0,2.5,-0.3323486082424213,0.3323486082424213,000810_2014-06-08_17-20-01_260595134347_rgbf000105-resize,-2.6429701116110293,2.6429701116110293,1.4865,3.0958890116960642
209931.0,2.5,-0.6240841344709221,0.6240841344709221,001214_2014-06-17_16-13-55_260595134347_rgbf000111-resize,-3.487943873925228,3.487943873925228,2.6505,18.479282579459067
209931.0,2.5,-0.14948737566154913,0.14948737566154913,002272_2014-06-28_18-53-56_260595134347_rgbf000067-resize,-2.2944701116110293,2.2944701116110293,1.138,10.409245808146235
209931.0,2.5,-0.5283275763025529,0.5283275763025529,001571_2014-06-20_17-21-32_260595134347_rgbf000089-resize,-3.0164701116110297,3.0164701116110297,1.86,4.991960350191473
209931.0,2.5,-0.8835500314204392,0.8835500314204392,001132_2014-06-17_14-48-54_260595134347_rgbf000100-resize,-4.271417636239427,4.271417636239427,3.753,14.398279213278778
209931.0,2.5,-0.2704299859500915,0.2704299859500915,000943_2014-06-09_19-31-07_260595134347_rgbf000128-resize,-2.8139438739252283,2.8139438739252283,1.9765,15.893099149291922
209931.0,2.5,-0.4984191394098373,0.4984191394098373,000709_2014-06-08_13-51-55_260595134347_rgbf000068-resize,-2.9594701116110294,2.9594701116110294,1.8030000000000002,14.429351101546246
209931.0,2.5,-0.050305652117458174,0.050305652117458174,000758_2014-06-08_22-05-08_260595134347_rgbf000085-resize,-3.2613651608678254,3.2613651608678254,3.3810000000000002,11.91317737826679
209931.0,2.5,-0.843150316974543,0.843150316974543,000854_2014-06-09_19-43-13_260595134347_rgbf000066-resize,-3.905443873925228,3.905443873925228,3.068,11.910827625938722
209931.0,2.5,-0.468507791686907,0.468507791686907,001164_2014-06-17_15-35-46_260595134347_rgbf000085-resize,-3.191443873925228,3.191443873925228,2.354,17.325668807481115
209931.0,2.5,-0.21218724042218373,0.21218724042218373,001136_2014-06-17_15-19-41_260595134347_rgbf000076-resize,-2.702943873925228,2.702943873925228,1.8655,18.667799879387072
209931.0,2.5,-0.2287126762958289,0.2287126762958289,002153_2014-06-25_21-27-18_260595134347_rgbf000038-resize,-3.0234176362394267,3.0234176362394267,2.505,17.28886317575377
209931.0,2.5,-0.471650226541492,0.471650226541492,002660_2014-06-13_15-44-18_094959634447_rgbf001878-resize,-3.7753913985536265,3.7753913985536265,3.576,15.11997681444361
209931.0,2.5,-0.4496124309363295,0.4496124309363295,000739_2014-06-08_18-45-58_260595134347_rgbf000068-resize,-3.733391398553626,3.733391398553626,3.534,8.164356963721069
209931.0,2.5,-1.0645747810342172,1.0645747810342172,000734_2014-06-08_17-39-11_260595134347_rgbf000128-resize,-4.616417636239428,4.616417636239428,4.098,16.052231618370055
209931.0,2.5,-1.1157426818939935,1.1157426818939935,000522_2014-06-08_13-35-06_260595134347_rgbf000244-resize,-3.8469963492968304,3.8469963492968304,2.3715,25.742609854068213
209931.0,2.5,-0.9205449563021779,0.9205449563021779,000866_2014-06-09_20-45-42_260595134347_rgbf000139-resize,-4.052943873925228,4.052943873925228,3.2155,8.082259189449621
209931.0,2.5,-0.4092185381508789,0.4092185381508789,001555_2014-06-20_17-12-10_260595134347_rgbf000065-resize,-2.789470111611029,2.789470111611029,1.633,7.608284543781994
209931.0,2.5,-0.4215492095013783,0.4215492095013783,001016_2014-06-09_16-16-10_260595134347_rgbf000112-resize,-2.8129701116110297,2.8129701116110297,1.6565,7.049977084494088
209931.0,2.5,-1.2046692851224787,1.2046692851224787,000773_2014-06-08_22-24-54_260595134347_rgbf000093-resize,-5.172391398553626,5.172391398553626,4.973,21.45352631724976
209931.0,2.5,-0.5655703017427681,0.5655703017427681,002414_2014-06-28_20-24-58_260595134347_rgbf000067-resize,-4.2433651608678264,4.2433651608678264,4.363,31.720662178139435
209931.0,2.5,-0.18332531153759213,0.18332531153759213,001059_2014-06-08_21-53-27_260595134347_rgbf000061-resize,-2.9369176362394267,2.9369176362394267,2.4185,8.755513319222857
209931.0,2.5,-0.6314271555090789,0.6314271555090789,001032_2014-06-08_13-23-17_260595134347_rgbf000021-resize,-3.7909176362394272,3.7909176362394272,3.2725,15.984983178828962
209931.0,2.5,-0.7410914241156854,0.7410914241156854,003292_2014-05-14_21-53-49_094959634447_rgbf000100-resize,-3.9999176362394273,3.9999176362394273,3.4815,33.084282711345374
209931.0,2.5,-0.7138036234886151,0.7138036234886151,002639_2014-06-24_14-51-37_094959634447_rgbf000074-resize,-4.2368913985536265,4.2368913985536265,4.0375,16.521406794569987
209931.0,2.5,-0.12691031648611426,0.12691031648611426,001392_2014-06-19_16-07-59_260595134347_rgbf000046-resize,-3.6963389231820236,3.6963389231820236,4.135,18.95235574822112
209931.0,2.5,-1.2644890697381288,1.2644890697381288,000447_2014-06-08_16-15-46_260595134347_rgbf000130-resize,-4.997417636239428,4.997417636239428,4.479,19.081432914605553
209931.0,2.5,-1.7234844558178368,1.7234844558178368,001447_2014-06-19_17-00-32_260595134347_rgbf000082-resize,-5.294220111611028,5.294220111611028,4.13775,46.830399423560245
209931.0,2.5,-0.06866466012797989,0.06866466012797989,000742_2014-06-08_18-48-09_260595134347_rgbf000164-resize,-3.874312685496223,3.874312685496223,4.632,18.91549953899407
209931.0,2.5,-0.25494814725435155,0.25494814725435155,002758_2014-06-22_19-11-20_094959634447_rgbf000128-resize,-3.0734176362394274,3.0734176362394274,2.555,7.204478276142114
209931.0,2.5,-0.4685077916869068,0.4685077916869068,002750_2014-06-22_19-08-03_094959634447_rgbf000094-resize,-3.191443873925228,3.191443873925228,2.354,8.789636111124727
209931.0,2.5,-0.5089104169630235,0.5089104169630235,000502_2014-06-08_23-02-32_260595134347_rgbf000063-resize,-3.268443873925228,3.268443873925228,2.431,13.897287578908273
209931.0,2.5,-0.666060888004551,0.666060888004551,001806_2014-06-26_20-50-20_260595134347_rgbf000091-resize,-3.5679438739252283,3.5679438739252283,2.7305,13.909869710567438
209931.0,2.5,-0.5844627516631171,0.5844627516631171,001617_2014-06-20_11-35-32_260595134347_rgbf000066-resize,-3.9903913985536255,3.9903913985536255,3.7910000000000004,19.974169961071475
209931.0,2.5,-0.400289745534318,0.400289745534318,000493_2014-06-09_21-01-18_260595134347_rgbf000196-resize,-3.6393913985536255,3.6393913985536255,3.44,19.629285382994567
209931.0,2.5,-0.5889227817260654,0.5889227817260654,000191_2014-05-12_17-07-38_260595134347_rgbf000199-resize,-3.9988913985536265,3.9988913985536265,3.7995,12.340757267219296
209931.0,2.5,-1.3628749966627842,1.3628749966627842,000506_2014-06-08_23-21-00_260595134347_rgbf000070-resize,-4.895943873925229,4.895943873925229,4.0585,16.716212007621664
209931.0,2.5,-0.10514069725098836,0.10514069725098836,003079_2014-06-15_15-18-20_094959634447_rgbf000152-resize,-3.0768913985536264,3.0768913985536264,2.8775,9.032134209869396
209931.0,2.5,-0.08756002087856063,0.08756002087856063,001449_2014-06-19_17-01-27_260595134347_rgbf000116-resize,-3.332365160867825,3.332365160867825,3.452,8.994872108877228
209931.0,2.5,-0.06167144536928142,0.06167144536928142,001450_2014-06-19_17-02-03_260595134347_rgbf000203-resize,-3.5720055898487244,3.5720055898487244,4.0106666666667,12.34882649363641
209931.0,2.5,-0.2659699558871468,0.2659699558871468,003228_2014-05-14_13-42-35_094959634447_rgbf000101-resize,-2.805443873925228,2.805443873925228,1.9680000000000002,14.40337638638131
209931.0,2.5,-0.059756243322972136,0.059756243322972136,002678_2014-06-13_16-15-32_094959634447_rgbf000151-resize,-2.7014176362394275,2.7014176362394275,2.1830000000000003,32.96558503300821
209931.0,2.5,-0.11682130348797305,0.11682130348797305,002763_2014-06-22_19-13-10_094959634447_rgbf000075-resize,-2.5211938739252284,2.5211938739252284,1.68375,5.5919783591245595
209931.0,2.5,-0.6316953318791099,0.6316953318791099,002209_2014-06-28_18-36-10_260595134347_rgbf000051-resize,-3.2134701116110294,3.2134701116110294,2.057,12.962068825921264
209931.0,2.5,-0.09018647880463054,0.09018647880463054,000906_2014-06-08_13-35-43_260595134347_rgbf000155-resize,-3.0483913985536266,3.0483913985536266,2.8489999999999998,16.12201726422563
209931.0,2.5,-0.13138198986994942,0.13138198986994942,001110_2014-06-15_17-25-28_260595134347_rgbf000150-resize,-2.548943873925228,2.548943873925228,1.7115,9.336195527413247
209931.0,2.5,-0.0007235228360867317,0.0007235228360867317,000927_2014-06-09_16-32-30_260595134347_rgbf000123-resize,-2.8778913985536265,2.8778913985536265,2.6785,11.715239650325241
209931.0,2.5,-0.7644351716083254,0.7644351716083254,002467_2014-06-28_20-38-07_260595134347_rgbf000026-resize,-4.622365160867825,4.622365160867825,4.742,15.331046216195933
209931.0,2.5,-0.23159566727104425,0.23159566727104425,003010_2014-06-15_12-54-35_094959634447_rgbf000112-resize,-3.3178913985536265,3.3178913985536265,3.1185,6.696951333567531
209931.0,2.5,-0.327620401809438,0.327620401809438,001092_2014-06-15_17-34-58_260595134347_rgbf000171-resize,-3.2119176362394266,3.2119176362394266,2.6935,9.164038324933468
209931.0,2.5,-0.204316599134632,0.204316599134632,001167_2014-06-17_15-38-07_260595134347_rgbf000108-resize,-2.6879438739252284,2.6879438739252284,1.8505,12.019050657019696
209931.0,2.5,-0.5834249761456578,0.5834249761456578,003587_2014-05-23_16-48-02_094959634447_rgbf002384-resize,-2.8324963492968305,2.8324963492968305,1.357,20.788172722830538
852736.0,2.5,-0.21209134617426775,0.21209134617426775,001808_2014-06-26_20-50-58_260595134347_rgbf000029-resize,-3.8357030790847464,3.8357030790847464,4.249,20.030651550568866
852736.0,2.5,-0.2645761832841477,0.2645761832841477,000677_2014-06-08_23-10-32_260595134347_rgbf000158-resize,-3.5588115436796954,3.5588115436796954,3.556,19.65196273325612
852736.0,2.5,-0.2441264111293537,0.2441264111293537,000682_2014-06-08_23-14-58_260595134347_rgbf000041-resize,-3.142920008274645,3.142920008274645,2.7239999999999998,8.707843071693064
852736.0,2.5,-1.5026975337808792,1.5026975337808792,001650_2014-06-20_12-09-00_260595134347_rgbf000087-resize,-4.033853866654441,4.033853866654441,1.9505,47.6804595860539
852736.0,2.5,-0.08384157876566113,0.08384157876566113,003495_2014-05-21_16-01-51_094959634447_rgbf000100-resize,-2.4605284728695938,2.4605284728695938,1.6255,12.747278812179
852736.0,2.5,-1.3551986062225974,1.3551986062225974,000556_2014-06-09_22-42-56_260595134347_rgbf000214-resize,-5.260420008274645,5.260420008274645,4.8415,23.88242025565649
852736.0,2.5,-0.930708686113784,0.930708686113784,001150_2014-06-17_15-27-34_260595134347_rgbf000108-resize,-4.451420008274645,4.451420008274645,4.0325,11.088139074292139
852736.0,2.5,-0.8349631123080393,0.8349631123080393,000665_2014-06-09_20-42-35_260595134347_rgbf000110-resize,-3.8920284728695935,3.8920284728695935,3.057,18.49880761375764
852736.0,2.5,-0.5067295802312728,0.5067295802312728,002375_2014-06-28_20-13-44_260595134347_rgbf000032-resize,-4.020311543679696,4.020311543679696,4.0175,48.76103649676905
852736.0,2.5,-0.1735390990580887,0.1735390990580887,000780_2014-06-08_22-28-29_260595134347_rgbf000126-resize,-3.3853115436796952,3.3853115436796952,3.3825,14.165390776882042
852736.0,2.5,-1.0238862935950703,1.0238862935950703,000470_2014-06-09_19-42-40_260595134347_rgbf000094-resize,-3.4982454020594917,3.4982454020594917,1.831,22.486379427626872
852736.0,2.5,-0.3577537907654456,0.3577537907654456,000109_2014-05-14_23-41-52_260595134347_rgbf000035-resize,-2.605636937464543,2.605636937464543,1.3545,6.620498200896815
852736.0,2.5,-0.7486762032402168,0.7486762032402168,002509_2014-06-24_13-19-22_094959634447_rgbf000077-resize,-2.9737454020594924,2.9737454020594924,1.3065,40.21868783296904
852736.0,2.5,-0.5353679291546152,0.5353679291546152,003338_2014-05-20_11-01-23_094959634447_rgbf000051-resize,-2.944136937464543,2.944136937464543,1.693,28.251495663089063
852736.0,2.5,-1.0100689455569352,1.0100689455569352,002784_2014-06-22_19-26-30_094959634447_rgbf000083-resize,-3.4719120687261924,3.4719120687261924,1.8046666666667,3.0422522474895675
852736.0,2.5,-1.2384924460357525,1.2384924460357525,001100_2014-06-15_17-46-26_260595134347_rgbf000225-resize,-3.907245402059493,3.907245402059493,2.24,9.548860596737413
852736.0,2.5,-0.9299633075635736,0.9299633075635736,000469_2014-06-09_19-42-10_260595134347_rgbf000081-resize,-3.3192454020594924,3.3192454020594924,1.652,25.13136208408983
852736.0,2.5,-0.7646798405249114,0.7646798405249114,000483_2014-06-09_20-41-45_260595134347_rgbf000116-resize,-3.0042454020594924,3.0042454020594924,1.337,29.232414989368262
852736.0,2.5,-0.5343185103162724,0.5343185103162724,002964_2014-06-08_17-46-11_094959634447_rgbf000091-resize,-2.942136937464543,2.942136937464543,1.6909999999999998,28.953812917975768
852736.0,2.5,-0.07278099538453138,0.07278099538453138,003621_2014-05-23_18-06-08_094959634447_rgbf000101-resize,-3.570203079084746,3.570203079084746,3.9835,23.07176470133362
852736.0,2.5,-0.4363727520711224,0.4363727520711224,002279_2014-06-28_18-55-32_260595134347_rgbf000040-resize,-2.755470270797843,2.755470270797843,1.5043333333333,15.963772282558683
852736.0,2.5,-0.8919218746737243,0.8919218746737243,002344_2014-06-28_20-06-29_260595134347_rgbf000030-resize,-3.2467454020594917,3.2467454020594917,1.5795,37.33165518125916
852736.0,2.5,-1.0291333877867768,1.0291333877867768,000549_2014-06-08_22-10-24_260595134347_rgbf000247-resize,-3.5082454020594924,3.5082454020594924,1.841,30.99307977870557
852736.0,2.5,-0.2430630970981593,0.2430630970981593,000736_2014-06-08_18-24-15_260595134347_rgbf000206-resize,-3.5178115436796955,3.5178115436796955,3.515,33.408170606136416
852736.0,2.5,-0.026868921207121418,0.026868921207121418,002425_2014-06-28_20-27-29_260595134347_rgbf000031-resize,-3.482703079084746,3.482703079084746,3.8960000000000004,8.40495801096819
852736.0,2.5,-0.6279652464453324,0.6279652464453324,001056_2014-06-08_18-46-44_260595134347_rgbf000068-resize,-3.4975284728695937,3.4975284728695937,2.6625,11.38594592369452
852736.0,2.5,-1.5265718123531309,1.5265718123531309,002199_2014-06-28_18-33-56_260595134347_rgbf000074-resize,-4.079353866654442,4.079353866654442,1.996,17.12852126070164
852736.0,2.5,-0.5954054720710689,0.5954054720710689,000917_2014-06-09_22-45-29_260595134347_rgbf000149-resize,-4.189311543679694,4.189311543679694,4.1865,9.740561609074897
852736.0,2.5,-0.9857892799338184,0.9857892799338184,003129_2014-05-12_10-48-10_094959634447_rgbf000100-resize,-4.933311543679697,4.933311543679697,4.9305,17.9074543760639
852736.0,2.5,-0.06778236070956556,0.06778236070956556,002988_2014-06-15_12-24-20_094959634447_rgbf000150-resize,-3.9375946144897966,3.9375946144897966,4.7669999999999995,14.460306569198616
852736.0,2.5,-0.5523792996990897,0.5523792996990897,001052_2014-06-08_18-24-54_260595134347_rgbf000130-resize,-4.107311543679694,4.107311543679694,4.1045,25.87613690895519
852736.0,2.5,-0.427015434095935,0.427015434095935,000810_2014-06-08_17-20-01_260595134347_rgbf000105-resize,-2.737636937464543,2.737636937464543,1.4865,3.0958890116960642
852736.0,2.5,-0.6216687334152878,0.6216687334152878,001214_2014-06-17_16-13-55_260595134347_rgbf000111-resize,-3.4855284728695937,3.4855284728695937,2.6505,18.479282579459067
852736.0,2.5,-0.6602626661100122,0.6602626661100122,002272_2014-06-28_18-53-56_260595134347_rgbf000067-resize,-2.805245402059493,2.805245402059493,1.138,10.409245808146235
852736.0,2.5,-0.6229944021560666,0.6229944021560666,001571_2014-06-20_17-21-32_260595134347_rgbf000089-resize,-3.1111369374645435,3.1111369374645435,1.86,4.991960350191473
852736.0,2.5,-0.017147901759612342,0.017147901759612342,002748_2014-06-22_19-07-22_094959634447_rgbf000078-resize,-3.841094614489797,3.841094614489797,4.6705,35.71435075733748
852736.0,2.5,-0.5345391794473011,0.5345391794473011,000436_2014-06-09_22-25-11_260595134347_rgbf000137-resize,-4.0733115436796945,4.0733115436796945,4.0705,20.69156545677159
852736.0,2.5,-1.5338760586429632,1.5338760586429632,002444_2014-06-28_20-32-08_260595134347_rgbf000027-resize,-5.224028472869592,5.224028472869592,4.388999999999999,17.102760279009576
852736.0,2.5,-1.256843380513858,1.256843380513858,000854_2014-06-09_19-43-13_260595134347_rgbf000066-resize,-4.3191369374645445,4.3191369374645445,3.068,11.910827625938722
852736.0,2.5,-0.12921504833104636,0.12921504833104636,002153_2014-06-25_21-27-18_260595134347_rgbf000038-resize,-2.9239200082746453,2.9239200082746453,2.505,17.28886317575377
852736.0,2.5,-0.2530325760623985,0.2530325760623985,000739_2014-06-08_18-45-58_260595134347_rgbf000068-resize,-3.5368115436796947,3.5368115436796947,3.534,8.164356963721069
852736.0,2.5,-0.5489686884744853,0.5489686884744853,000734_2014-06-08_17-39-11_260595134347_rgbf000128-resize,-4.100811543679694,4.100811543679694,4.098,16.052231618370055
852736.0,2.5,-1.3074917346566557,1.3074917346566557,000522_2014-06-08_13-35-06_260595134347_rgbf000244-resize,-4.038745402059493,4.038745402059493,2.3715,25.742609854068213
852736.0,2.5,-0.6395227488599308,0.6395227488599308,002949_2014-06-26_15-57-42_094959634447_rgbf000079-resize,-3.142636937464543,3.142636937464543,1.8915,17.99500168321199
852736.0,2.5,-0.9199938285993421,0.9199938285993421,001555_2014-06-20_17-12-10_260595134347_rgbf000065-resize,-3.3002454020594927,3.3002454020594927,1.633,7.608284543781994
852736.0,2.5,-0.8113789788310728,0.8113789788310728,003534_2014-05-22_15-06-10_094959634447_rgbf000102-resize,-3.0932454020594924,3.0932454020594924,1.426,12.376994007247625
852736.0,2.5,-0.17587250105864927,0.17587250105864927,000773_2014-06-08_22-24-54_260595134347_rgbf000093-resize,-4.143594614489796,4.143594614489796,4.973,21.45352631724976
852736.0,2.5,-0.2719082199596892,0.2719082199596892,002414_2014-06-28_20-24-58_260595134347_rgbf000067-resize,-3.9497030790847463,3.9497030790847463,4.363,31.720662178139435
852736.0,2.5,-0.5319295275442963,0.5319295275442963,001032_2014-06-08_13-23-17_260595134347_rgbf000021-resize,-3.6914200082746453,3.6914200082746453,3.2725,15.984983178828962
852736.0,2.5,-0.7488829771783969,0.7488829771783969,000447_2014-06-08_16-15-46_260595134347_rgbf000130-resize,-4.481811543679696,4.481811543679696,4.479,19.081432914605553
852736.0,2.5,-0.985934352481452,0.985934352481452,001447_2014-06-19_17-00-32_260595134347_rgbf000082-resize,-4.5566700082746445,4.5566700082746445,4.13775,46.830399423560245
852736.0,2.5,-0.3939309503024968,0.3939309503024968,002630_2014-06-24_14-47-50_094959634447_rgbf000055-resize,-3.428420008274645,3.428420008274645,3.0095,10.661401196716628
852736.0,2.5,-0.2023981171124611,0.2023981171124611,001199_2014-06-17_16-03-48_260595134347_rgbf000077-resize,-3.4403115436796954,3.4403115436796954,3.4375,28.282249848901696
852736.0,2.5,-0.9226034805023384,0.9226034805023384,000502_2014-06-08_23-02-32_260595134347_rgbf000063-resize,-3.682136937464543,3.682136937464543,2.431,13.897287578908273
852736.0,2.5,-1.079753951543866,1.079753951543866,001806_2014-06-26_20-50-20_260595134347_rgbf000091-resize,-3.9816369374645433,3.9816369374645433,2.7305,13.909869710567438
852736.0,2.5,-0.2037098906603871,0.2037098906603871,000493_2014-06-09_21-01-18_260595134347_rgbf000196-resize,-3.4428115436796958,3.4428115436796958,3.44,19.629285382994567
852736.0,2.5,-0.3923429268521345,0.3923429268521345,000191_2014-05-12_17-07-38_260595134347_rgbf000199-resize,-3.802311543679696,3.802311543679696,3.7995,12.340757267219296
852736.0,2.5,-0.112134201822302,0.112134201822302,000506_2014-06-08_23-21-00_260595134347_rgbf000070-resize,-3.6452030790847463,3.6452030790847463,4.0585,16.716212007621664
852736.0,2.5,-0.21000640369043094,0.21000640369043094,001449_2014-06-19_17-01-27_260595134347_rgbf000116-resize,-3.454811543679696,3.454811543679696,3.452,8.994872108877228
852736.0,2.5,-1.095771484021411,1.095771484021411,003228_2014-05-14_13-42-35_094959634447_rgbf000101-resize,-3.6352454020594926,3.6352454020594926,1.9680000000000002,14.40337638638131
852736.0,2.5,-1.3675709631516555,1.3675709631516555,000368_2014-06-09_15-53-01_260595134347_rgbf000155-resize,-4.1532454020594916,4.1532454020594916,2.4859999999999998,21.090700959072958
852736.0,2.5,-0.5305143670272879,0.5305143670272879,002763_2014-06-22_19-13-10_094959634447_rgbf000075-resize,-2.934886937464543,2.934886937464543,1.68375,5.5919783591245595
852736.0,2.5,-0.7263621577326236,0.7263621577326236,002209_2014-06-28_18-36-10_260595134347_rgbf000051-resize,-3.308136937464543,3.308136937464543,2.057,12.962068825921264
852736.0,2.5,-1.763174074820414,1.763174074820414,001828_2014-06-26_21-40-03_260595134347_rgbf000024-resize,-5.661028472869594,5.661028472869594,4.8260000000000005,35.55232951340613
852736.0,2.5,-0.1289665888143151,0.1289665888143151,001110_2014-06-15_17-25-28_260595134347_rgbf000150-resize,-2.546528472869594,2.546528472869594,1.7115,9.336195527413247
852736.0,2.5,-0.5169614139050926,0.5169614139050926,002570_2014-06-24_13-59-54_094959634447_rgbf000059-resize,-4.039811543679694,4.039811543679694,4.037,41.596140375002705
852736.0,2.5,-0.8868815544201958,0.8868815544201958,002467_2014-06-28_20-38-07_260595134347_rgbf000026-resize,-4.744811543679695,4.744811543679695,4.742,15.331046216195933
852736.0,2.5,-0.058599945874083126,0.058599945874083126,002663_2014-06-13_15-50-26_094959634447_rgbf000075-resize,-3.9200946144897966,3.9200946144897966,4.7495,16.725954086732166
852736.0,2.5,-0.6442312384396046,0.6442312384396046,001092_2014-06-15_17-34-58_260595134347_rgbf000171-resize,-3.5285284728695934,3.5285284728695934,2.6935,9.164038324933468
852736.0,2.5,-0.6180096626739469,0.6180096626739469,001167_2014-06-17_15-38-07_260595134347_rgbf000108-resize,-3.1016369374645434,3.1016369374645434,1.8505,12.019050657019696
852736.0,2.5,-0.7751740289083198,0.7751740289083198,003587_2014-05-23_16-48-02_094959634447_rgbf002384-resize,-3.0242454020594924,3.0242454020594924,1.357,20.788172722830538
361293.0,2.5,-0.3548965351519472,0.3548965351519472,001808_2014-06-26_20-50-58_260595134347_rgbf000029-resize,-3.978508268062425,3.978508268062425,4.249,20.030651550568866
361293.0,2.5,-0.4306627636715759,0.4306627636715759,001029_2014-06-08_13-17-57_260595134347_rgbf000065-resize,-3.5003233246251164,3.5003233246251164,3.0835,18.209734661918688
361293.0,2.5,-0.6785879642295689,0.6785879642295689,000677_2014-06-08_23-10-32_260595134347_rgbf000158-resize,-3.972823324625117,3.972823324625117,3.556,19.65196273325612
361293.0,2.5,-0.2087921031882316,0.2087921031882316,001417_2014-06-19_16-25-36_260595134347_rgbf000115-resize,-4.01135073978108,4.01135073978108,4.6255,49.17091269608214
361293.0,2.5,-0.5856872557611711,0.5856872557611711,000682_2014-06-08_23-14-58_260595134347_rgbf000041-resize,-3.4844808529064624,3.4844808529064624,2.7239999999999998,8.707843071693064
361293.0,2.5,-0.5234820483142448,0.5234820483142448,001650_2014-06-20_12-09-00_260595134347_rgbf000087-resize,-3.0546383811878077,3.0546383811878077,1.9505,47.6804595860539
361293.0,2.5,-0.2280977865965729,0.2280977865965729,001244_2014-06-17_16-47-45_260595134347_rgbf000030-resize,-2.802980852906462,2.802980852906462,2.0425,6.7629638807870815
361293.0,2.5,-0.3529514870838746,0.3529514870838746,003495_2014-05-21_16-01-51_094959634447_rgbf000100-resize,-2.7296383811878067,2.7296383811878067,1.6255,12.747278812179
361293.0,2.5,-0.5849544741829104,0.5849544741829104,001150_2014-06-17_15-27-34_260595134347_rgbf000108-resize,-4.1056657963437715,4.1056657963437715,4.0325,11.088139074292139
361293.0,2.5,-0.07310043578221657,0.07310043578221657,000665_2014-06-09_20-42-35_260595134347_rgbf000110-resize,-3.1301657963437712,3.1301657963437712,3.057,18.49880761375764
361293.0,2.5,-1.0820352250210905,1.0820352250210905,002568_2014-06-24_13-59-21_094959634447_rgbf000062-resize,-4.119138381187808,4.119138381187808,3.015,29.63840999388049
361293.0,2.5,-0.2315626803716594,0.2315626803716594,000788_2014-06-08_22-34-36_260595134347_rgbf000131-resize,-3.4321657963437717,3.4321657963437717,3.359,21.46386213810664
361293.0,2.5,-0.7334200985328754,0.7334200985328754,001235_2014-06-17_16-37-36_260595134347_rgbf000084-resize,-4.077323324625117,4.077323324625117,3.6605,14.547706659434104
361293.0,2.5,-0.3900249249611109,0.3900249249611109,000692_2014-06-08_13-09-42_260595134347_rgbf000199-resize,-3.7341657963437713,3.7341657963437713,3.661,54.80046590295557
361293.0,2.5,-0.6820257167294111,0.6820257167294111,001094_2014-06-15_17-36-00_260595134347_rgbf000205-resize,-4.290665796343771,4.290665796343771,4.2175,17.196771274488466
361293.0,2.5,-0.2438933517221645,0.2438933517221645,000780_2014-06-08_22-28-29_260595134347_rgbf000126-resize,-3.455665796343771,3.455665796343771,3.3825,14.165390776882042
361293.0,2.5,-0.4607792727233853,0.4607792727233853,000470_2014-06-09_19-42-40_260595134347_rgbf000094-resize,-2.935138381187808,2.935138381187808,1.831,22.486379427626872
361293.0,2.5,-0.0447118445965341,0.0447118445965341,003338_2014-05-20_11-01-23_094959634447_rgbf000051-resize,-2.4534808529064622,2.4534808529064622,1.693,28.251495663089063
361293.0,2.5,-0.44696192468525,0.44696192468525,002784_2014-06-22_19-26-30_094959634447_rgbf000083-resize,-2.908805047854507,2.908805047854507,1.8046666666667,3.0422522474895675
361293.0,2.5,-0.3317278968827221,0.3317278968827221,001100_2014-06-15_17-46-26_260595134347_rgbf000225-resize,-3.0004808529064624,3.0004808529064624,2.24,9.548860596737413
361293.0,2.5,-0.3668562866918885,0.3668562866918885,000469_2014-06-09_19-42-10_260595134347_rgbf000081-resize,-2.7561383811878075,2.7561383811878075,1.652,25.13136208408983
361293.0,2.5,-0.2015728196532264,0.2015728196532264,000483_2014-06-09_20-41-45_260595134347_rgbf000116-resize,-2.4411383811878067,2.4411383811878067,1.337,29.232414989368262
361293.0,2.5,-0.3873199540395367,0.3873199540395367,002964_2014-06-08_17-46-11_094959634447_rgbf000091-resize,-2.7951383811878068,2.7951383811878068,1.6909999999999998,28.953812917975768
361293.0,2.5,-0.18323513125750435,0.18323513125750435,002136_2014-06-25_21-18-03_260595134347_rgbf000109-resize,-2.717480852906462,2.717480852906462,1.9569999999999999,13.297078442475444
361293.0,2.5,-0.6612454121217045,0.6612454121217045,000929_2014-06-09_16-33-19_260595134347_rgbf000139-resize,-3.6284808529064634,3.6284808529064634,2.8680000000000003,19.501338012209015
361293.0,2.5,-1.0710434684937593,1.0710434684937593,000457_2014-06-08_16-52-43_260595134347_rgbf000199-resize,-4.409480852906462,4.409480852906462,3.6489999999999996,14.067279821032837
361293.0,2.5,-0.2893741957943866,0.2893741957943866,002279_2014-06-28_18-55-32_260595134347_rgbf000040-resize,-2.608471714521108,2.608471714521108,1.5043333333333,15.963772282558683
361293.0,2.5,-0.9133954293083048,0.9133954293083048,003048_2014-06-15_13-49-43_094959634447_rgbf000150-resize,-4.420323324625117,4.420323324625117,4.0035,24.355606534500392
361293.0,2.5,-0.3081159730200501,0.3081159730200501,002725_2014-06-22_11-47-51_094959634447_rgbf000070-resize,-2.955480852906462,2.955480852906462,2.195,3.938570017428758
361293.0,2.5,-0.32881485380203923,0.32881485380203923,002344_2014-06-28_20-06-29_260595134347_rgbf000030-resize,-2.6836383811878077,2.6836383811878077,1.5795,37.33165518125916
361293.0,2.5,-0.08724044882456887,0.08724044882456887,001055_2014-06-08_18-45-35_260595134347_rgbf000111-resize,-2.845823324625117,2.845823324625117,2.4290000000000003,8.406298609581565
361293.0,2.5,-0.4660263669150917,0.4660263669150917,000549_2014-06-08_22-10-24_260595134347_rgbf000247-resize,-2.945138381187808,2.945138381187808,1.841,30.99307977870557
361293.0,2.5,-0.16967411018480086,0.16967411018480086,002425_2014-06-28_20-27-29_260595134347_rgbf000031-resize,-3.6255082680624255,3.6255082680624255,3.8960000000000004,8.40495801096819
361293.0,2.5,-0.209760098200855,0.209760098200855,001056_2014-06-08_18-46-44_260595134347_rgbf000068-resize,-3.0793233246251166,3.0793233246251166,2.6625,11.38594592369452
361293.0,2.5,-0.8910138551678419,0.8910138551678419,002199_2014-06-28_18-33-56_260595134347_rgbf000074-resize,-3.4437959094691535,3.4437959094691535,1.996,17.12852126070164
361293.0,2.5,-0.322102196453799,0.322102196453799,000917_2014-06-09_22-45-29_260595134347_rgbf000149-resize,-3.916008268062425,3.916008268062425,4.1865,9.740561609074897
361293.0,2.5,-0.4267545843030359,0.4267545843030359,002323_2014-06-28_20-01-54_260595134347_rgbf000051-resize,-3.804165796343771,3.804165796343771,3.7310000000000003,18.09172628388976
361293.0,2.5,-0.2540709028455067,0.2540709028455067,000878_2014-06-08_22-52-45_260595134347_rgbf000045-resize,-2.8524808529064622,2.8524808529064622,2.092,5.576511521775202
361293.0,2.5,-0.6575181636370284,0.6575181636370284,002953_2014-06-08_17-32-18_094959634447_rgbf000059-resize,-2.9987959094691528,2.9987959094691528,1.551,13.905027931093345
361293.0,2.5,-0.97035354256354,0.97035354256354,002988_2014-06-15_12-24-20_094959634447_rgbf000150-resize,-4.840165796343771,4.840165796343771,4.7669999999999995,14.460306569198616
361293.0,2.5,-0.9663910806445108,0.9663910806445108,001052_2014-06-08_18-24-54_260595134347_rgbf000130-resize,-4.521323324625117,4.521323324625117,4.1045,25.87613690895519
361293.0,2.5,-0.20346358517081048,0.20346358517081048,001214_2014-06-17_16-13-55_260595134347_rgbf000111-resize,-3.0673233246251166,3.0673233246251166,2.6505,18.479282579459067
361293.0,2.5,-0.09715564523832708,0.09715564523832708,002272_2014-06-28_18-53-56_260595134347_rgbf000067-resize,-2.2421383811878077,2.2421383811878077,1.138,10.409245808146235
361293.0,2.5,-0.13233831759798553,0.13233831759798553,001571_2014-06-20_17-21-32_260595134347_rgbf000089-resize,-2.620480852906462,2.620480852906462,1.86,4.991960350191473
361293.0,2.5,-0.13819154503458575,0.13819154503458575,002995_2014-06-15_12-31-26_094959634447_rgbf000150-resize,-3.565508268062425,3.565508268062425,3.8360000000000003,27.231594395483473
361293.0,2.5,-0.42835585383579466,0.42835585383579466,002444_2014-06-28_20-32-08_260595134347_rgbf000027-resize,-4.118508268062424,4.118508268062424,4.388999999999999,17.102760279009576
361293.0,2.5,-0.4382981915247831,0.4382981915247831,001132_2014-06-17_14-48-54_260595134347_rgbf000100-resize,-3.8261657963437714,3.8261657963437714,3.753,14.398279213278778
361293.0,2.5,-0.012496497868040732,0.012496497868040732,003070_2014-06-15_14-58-27_094959634447_rgbf000150-resize,-3.0146657963437717,3.0146657963437717,2.9415,10.664823740812926
361293.0,2.5,-0.3695341163382256,0.3695341163382256,002057_2014-06-24_21-00-13_260595134347_rgbf000120-resize,-3.3838233246251166,3.3838233246251166,2.967,10.990036854719376
361293.0,2.5,-0.7661872959557768,0.7661872959557768,000854_2014-06-09_19-43-13_260595134347_rgbf000066-resize,-3.8284808529064622,3.8284808529064622,3.068,11.910827625938722
361293.0,2.5,-0.3915447706681409,0.3915447706681409,001164_2014-06-17_15-35-46_260595134347_rgbf000085-resize,-3.1144808529064623,3.1144808529064623,2.354,17.325668807481115
361293.0,2.5,-0.4788817476847629,0.4788817476847629,001136_2014-06-17_15-19-41_260595134347_rgbf000076-resize,-2.9696383811878078,2.9696383811878078,1.8655,18.667799879387072
361293.0,2.5,-0.3454246243316369,0.3454246243316369,002660_2014-06-13_15-44-18_094959634447_rgbf001878-resize,-3.6491657963437714,3.6491657963437714,3.576,15.11997681444361
361293.0,2.5,-1.0107018852891652,1.0107018852891652,000739_2014-06-08_18-45-58_260595134347_rgbf000068-resize,-4.294480852906462,4.294480852906462,3.534,8.164356963721069
361293.0,2.5,-1.3066379977012519,1.3066379977012519,000734_2014-06-08_17-39-11_260595134347_rgbf000128-resize,-4.858480852906462,4.858480852906462,4.098,16.052231618370055
361293.0,2.5,-1.0880422420663165,1.0880422420663165,000522_2014-06-08_13-35-06_260595134347_rgbf000244-resize,-3.819295909469153,3.819295909469153,2.3715,25.742609854068213
361293.0,2.5,-0.49252419258319496,0.49252419258319496,002949_2014-06-26_15-57-42_094959634447_rgbf000079-resize,-2.9956383811878067,2.9956383811878067,1.8915,17.99500168321199
361293.0,2.5,-0.4999244070020664,0.4999244070020664,000866_2014-06-09_20-45-42_260595134347_rgbf000139-resize,-3.632323324625117,3.632323324625117,3.2155,8.082259189449621
361293.0,2.5,-0.01322927944631158,0.01322927944631158,001555_2014-06-20_17-12-10_260595134347_rgbf000065-resize,-2.393480852906462,2.393480852906462,1.633,7.608284543781994
361293.0,2.5,-0.5919294862407334,0.5919294862407334,003534_2014-05-22_15-06-10_094959634447_rgbf000102-resize,-2.8737959094691528,2.8737959094691528,1.426,12.376994007247625
361293.0,2.5,-0.2034364438955644,0.2034364438955644,002637_2014-06-24_14-51-13_094959634447_rgbf000066-resize,-2.755980852906462,2.755980852906462,1.9955,10.972027795242447
361293.0,2.5,-0.02555995079681095,0.02555995079681095,001016_2014-06-09_16-16-10_260595134347_rgbf000112-resize,-2.416980852906462,2.416980852906462,1.6565,7.049977084494088
361293.0,2.5,-0.047471098068587285,0.047471098068587285,000773_2014-06-08_22-24-54_260595134347_rgbf000093-resize,-4.015193211499735,4.015193211499735,4.973,21.45352631724976
361293.0,2.5,-0.41471340893736863,0.41471340893736863,002414_2014-06-28_20-24-58_260595134347_rgbf000067-resize,-4.092508268062426,4.092508268062426,4.363,31.720662178139435
361293.0,2.5,-0.4253885282046269,0.4253885282046269,001059_2014-06-08_21-53-27_260595134347_rgbf000061-resize,-3.178980852906462,3.178980852906462,2.4185,8.755513319222857
361293.0,2.5,-0.5298328438947681,0.5298328438947681,001032_2014-06-08_13-23-17_260595134347_rgbf000021-resize,-3.689323324625117,3.689323324625117,3.2725,15.984983178828962
361293.0,2.5,-0.6394971125013746,0.6394971125013746,003292_2014-05-14_21-53-49_094959634447_rgbf000100-resize,-3.898323324625117,3.898323324625117,3.4815,33.084282711345374
361293.0,2.5,-0.5875780212787601,0.5875780212787601,002639_2014-06-24_14-51-37_094959634447_rgbf000074-resize,-4.1106657963437705,4.1106657963437705,4.0375,16.521406794569987
361293.0,2.5,-0.12562566024973032,0.12562566024973032,001570_2014-06-20_17-21-09_260595134347_rgbf000135-resize,-3.85285073978108,3.85285073978108,4.467,22.179510675592084
361293.0,2.5,-0.13192217327978195,0.13192217327978195,000447_2014-06-08_16-15-46_260595134347_rgbf000130-resize,-3.864850739781081,3.864850739781081,4.479,19.081432914605553
361293.0,2.5,-0.983837668831924,0.983837668831924,001447_2014-06-19_17-00-32_260595134347_rgbf000082-resize,-4.5545733246251165,4.5545733246251165,4.13775,46.830399423560245
361293.0,2.5,-0.3465011844452105,0.3465011844452105,001066_2014-06-08_22-03-20_260595134347_rgbf000066-resize,-3.9625082680624266,3.9625082680624266,4.2330000000000005,19.743449467077777
361293.0,2.5,-0.5558602426941824,0.5558602426941824,000742_2014-06-08_18-48-09_260595134347_rgbf000164-resize,-4.361508268062424,4.361508268062424,4.632,18.91549953899407
361293.0,2.5,-0.15335383564004085,0.15335383564004085,002758_2014-06-22_19-11-20_094959634447_rgbf000128-resize,-2.9718233246251167,2.9718233246251167,2.555,7.204478276142114
361293.0,2.5,-0.08828986766291186,0.08828986766291186,000502_2014-06-08_23-02-32_260595134347_rgbf000063-resize,-2.847823324625117,2.847823324625117,2.431,13.897287578908273
361293.0,2.5,-0.2740641433244629,0.2740641433244629,000493_2014-06-09_21-01-18_260595134347_rgbf000196-resize,-3.5131657963437712,3.5131657963437712,3.44,19.629285382994567
361293.0,2.5,-0.2549393907999814,0.2549393907999814,000506_2014-06-08_23-21-00_260595134347_rgbf000070-resize,-3.7880082680624265,3.7880082680624265,4.0585,16.716212007621664
361293.0,2.5,-0.6240181846358521,0.6240181846358521,001449_2014-06-19_17-01-27_260595134347_rgbf000116-resize,-3.868823324625117,3.868823324625117,3.452,8.994872108877228
361293.0,2.5,-0.03985828246920686,0.03985828246920686,002763_2014-06-22_19-13-10_094959634447_rgbf000075-resize,-2.444230852906462,2.444230852906462,1.68375,5.5919783591245595
361293.0,2.5,-0.2357060731745425,0.2357060731745425,002209_2014-06-28_18-36-10_260595134347_rgbf000051-resize,-2.817480852906462,2.817480852906462,2.057,12.962068825921264
361293.0,2.5,-0.3139963417319005,0.3139963417319005,001828_2014-06-26_21-40-03_260595134347_rgbf000024-resize,-4.211850739781081,4.211850739781081,4.8260000000000005,35.55232951340613
361293.0,2.5,-0.05441896885118325,0.05441896885118325,001110_2014-06-15_17-25-28_260595134347_rgbf000150-resize,-2.4719808529064617,2.4719808529064617,1.7115,9.336195527413247
361293.0,2.5,-0.6175135994467119,0.6175135994467119,002663_2014-06-13_15-50-26_094959634447_rgbf000075-resize,-4.479008268062426,4.479008268062426,4.7495,16.725954086732166
361293.0,2.5,-0.4280663578509648,0.4280663578509648,000409_2014-06-04_19-23-33_260595134347_rgbf000067-resize,-3.806665796343771,3.806665796343771,3.7335,12.696549983566419
361293.0,2.5,-0.7976427198307634,0.7976427198307634,001011_2014-06-08_23-18-54_260595134347_rgbf000044-resize,-3.577138381187808,3.577138381187808,2.4730000000000003,11.624075606213012
361293.0,2.5,-0.5324021084401394,0.5324021084401394,002875_2014-06-01_15-19-00_094959634447_rgbf000151-resize,-3.071638381187808,3.071638381187808,1.9675,11.625680938349673
361293.0,2.5,-0.2260260901951273,0.2260260901951273,001092_2014-06-15_17-34-58_260595134347_rgbf000171-resize,-3.1103233246251163,3.1103233246251163,2.6935,9.164038324933468
361293.0,2.5,-0.12735357811586578,0.12735357811586578,001167_2014-06-17_15-38-07_260595134347_rgbf000108-resize,-2.610980852906462,2.610980852906462,1.8505,12.019050657019696
361293.0,2.5,-0.5557245363179804,0.5557245363179804,003587_2014-05-23_16-48-02_094959634447_rgbf002384-resize,-2.8047959094691532,2.8047959094691532,1.357,20.788172722830538
756430.0,2.5,-0.4717266632255502,0.4717266632255502,001029_2014-06-08_13-17-57_260595134347_rgbf000065-resize,-3.5413872241790907,3.5413872241790907,3.0835,18.209734661918688
756430.0,2.5,-0.42331566441920504,0.42331566441920504,000677_2014-06-08_23-10-32_260595134347_rgbf000158-resize,-3.7175510248147527,3.7175510248147527,3.556,19.65196273325612
756430.0,2.5,-0.5399880891753963,0.5399880891753963,001417_2014-06-19_16-25-36_260595134347_rgbf000115-resize,-4.342546725768245,4.342546725768245,4.6255,49.17091269608214
756430.0,2.5,-0.3140383729891078,0.3140383729891078,003081_2014-06-15_15-19-16_094959634447_rgbf000150-resize,-3.7777148254504143,3.7777148254504143,3.9125,16.632991649560594
756430.0,2.5,-0.34249730409122314,0.34249730409122314,001158_2014-06-17_15-32-16_260595134347_rgbf000138-resize,-4.1003786260860755,4.1003786260860755,4.5315,26.954451973303737
756430.0,2.5,-0.3569891243518596,0.3569891243518596,000556_2014-06-09_22-42-56_260595134347_rgbf000214-resize,-4.262210526403907,4.262210526403907,4.8415,23.88242025565649
756430.0,2.5,-0.3770035032895535,0.3770035032895535,001150_2014-06-17_15-27-34_260595134347_rgbf000108-resize,-3.897714825450414,3.897714825450414,4.0325,11.088139074292139
756430.0,2.5,-0.16148566425319796,0.16148566425319796,000665_2014-06-09_20-42-35_260595134347_rgbf000110-resize,-3.2185510248147526,3.2185510248147526,3.057,18.49880761375764
756430.0,2.5,-0.8136371610484991,0.8136371610484991,002375_2014-06-28_20-13-44_260595134347_rgbf000032-resize,-4.327219124496922,4.327219124496922,4.0175,48.76103649676905
756430.0,2.5,-0.023611709478302545,0.023611709478302545,000788_2014-06-08_22-34-36_260595134347_rgbf000131-resize,-3.2242148254504137,3.2242148254504137,3.359,21.46386213810664
756430.0,2.5,-0.03364349967600394,0.03364349967600394,001235_2014-06-17_16-37-36_260595134347_rgbf000084-resize,-3.3775467257682448,3.3775467257682448,3.6605,14.547706659434104
756430.0,2.5,-0.17773854647171605,0.17773854647171605,001094_2014-06-15_17-36-00_260595134347_rgbf000205-resize,-3.786378626086076,3.786378626086076,4.2175,17.196771274488466
756430.0,2.5,-0.33227858019314593,0.33227858019314593,000780_2014-06-08_22-28-29_260595134347_rgbf000126-resize,-3.5440510248147525,3.5440510248147525,3.3825,14.165390776882042
756430.0,2.5,-0.3254704675196892,0.3254704675196892,001100_2014-06-15_17-46-26_260595134347_rgbf000225-resize,-2.994223423543429,2.994223423543429,2.24,9.548860596737413
756430.0,2.5,-0.016941329047510334,0.016941329047510334,000469_2014-06-09_19-42-10_260595134347_rgbf000081-resize,-2.406223423543429,2.406223423543429,1.652,25.13136208408983
756430.0,2.5,-0.037404996395158485,0.037404996395158485,002964_2014-06-08_17-46-11_094959634447_rgbf000091-resize,-2.445223423543429,2.445223423543429,1.6909999999999998,28.953812917975768
756430.0,2.5,-0.028809602212302325,0.028809602212302325,002136_2014-06-25_21-18-03_260595134347_rgbf000109-resize,-2.56305532386126,2.56305532386126,1.9569999999999999,13.297078442475444
756430.0,2.5,-0.27769569082368184,0.27769569082368184,002039_2014-06-24_20-22-38_260595134347_rgbf000084-resize,-3.976878626086077,3.976878626086077,4.408,15.524303639345458
756430.0,2.5,-0.8595492352259086,0.8595492352259086,002103_2014-06-25_20-00-40_260595134347_rgbf000049-resize,-4.414719124496922,4.414719124496922,4.105,11.598018874569219
756430.0,2.5,-0.012392768199603832,0.012392768199603832,002213_2014-06-28_18-37-58_260595134347_rgbf000055-resize,-3.337046725768245,3.337046725768245,3.62,11.387296889913552
756430.0,2.5,-0.4402309882995798,0.4402309882995798,000691_2014-06-08_13-08-50_260595134347_rgbf000132-resize,-4.018214825450415,4.018214825450415,4.1530000000000005,14.740846212587924
756430.0,2.5,-0.21048368371216425,0.21048368371216425,000929_2014-06-09_16-33-19_260595134347_rgbf000139-resize,-3.1777191244969223,3.1777191244969223,2.8680000000000003,19.501338012209015
756430.0,2.5,-0.47211364040205,0.47211364040205,000457_2014-06-08_16-52-43_260595134347_rgbf000199-resize,-3.8105510248147527,3.8105510248147527,3.6489999999999996,14.067279821032837
756430.0,2.5,-0.05495654238586134,0.05495654238586134,003621_2014-05-23_18-06-08_094959634447_rgbf000101-resize,-3.552378626086076,3.552378626086076,3.9835,23.07176470133362
756430.0,2.5,-0.4096732195207696,0.4096732195207696,001584_2014-06-20_11-07-43_260595134347_rgbf000002-resize,-3.691551024814753,3.691551024814753,3.53,17.602834139105468
756430.0,2.5,-0.17341624865144228,0.17341624865144228,003490_2014-05-21_15-50-11_094959634447_rgbf000101-resize,-3.509714825450414,3.509714825450414,3.6445,19.999457360175192
756430.0,2.5,-0.06545073076926444,0.06545073076926444,003048_2014-06-15_13-49-43_094959634447_rgbf000150-resize,-3.572378626086076,3.572378626086076,4.0035,24.355606534500392
756430.0,2.5,-0.5499706779153857,0.5499706779153857,000736_2014-06-08_18-24-15_260595134347_rgbf000206-resize,-3.824719124496922,3.824719124496922,3.515,33.408170606136416
756430.0,2.5,-0.2476626314640488,0.2476626314640488,000137_2014-05-20_17-04-49_260595134347_rgbf000120-resize,-3.6512148254504138,3.6512148254504138,3.786,14.89611111351161
756430.0,2.5,-0.2175672608709685,0.2175672608709685,000642_2014-06-08_16-59-25_260595134347_rgbf000098-resize,-3.191219124496922,3.191219124496922,2.8815,31.36214301237791
756430.0,2.5,-0.30538066757278964,0.30538066757278964,002425_2014-06-28_20-27-29_260595134347_rgbf000031-resize,-3.7612148254504136,3.7612148254504136,3.8960000000000004,8.40495801096819
756430.0,2.5,-0.2508239977548293,0.2508239977548293,001056_2014-06-08_18-46-44_260595134347_rgbf000068-resize,-3.1203872241790913,3.1203872241790913,2.6625,11.38594592369452
756430.0,2.5,-0.19744136924211808,0.19744136924211808,002199_2014-06-28_18-33-56_260595134347_rgbf000074-resize,-2.7502234235434293,2.7502234235434293,1.996,17.12852126070164
756430.0,2.5,-0.7541449532061261,0.7541449532061261,000917_2014-06-09_22-45-29_260595134347_rgbf000149-resize,-4.348051024814752,4.348051024814752,4.1865,9.740561609074897
756430.0,2.5,-0.21880361340967908,0.21880361340967908,002323_2014-06-28_20-01-54_260595134347_rgbf000051-resize,-3.596214825450414,3.596214825450414,3.7310000000000003,18.09172628388976
756430.0,2.5,-0.26668990279685045,0.26668990279685045,003423_2014-05-21_10-23-26_094959634447_rgbf002665-resize,-3.4190510248147525,3.4190510248147525,3.2575,35.43119222475438
756430.0,2.5,-0.3844117463913849,0.3844117463913849,000414_2014-06-04_19-49-13_260595134347_rgbf000044-resize,-4.046046725768245,4.046046725768245,4.329,13.241348366125557
756430.0,2.5,-0.8481925617045374,0.8481925617045374,003129_2014-05-12_10-48-10_094959634447_rgbf000100-resize,-4.795714825450415,4.795714825450415,4.9305,17.9074543760639
756430.0,2.5,-1.2069068707166906,1.2069068707166906,002988_2014-06-15_12-24-20_094959634447_rgbf000150-resize,-5.076719124496922,5.076719124496922,4.7669999999999995,14.460306569198616
756430.0,2.5,-0.4147825814698087,0.4147825814698087,001052_2014-06-08_18-24-54_260595134347_rgbf000130-resize,-3.969714825450414,3.969714825450414,4.1045,25.87613690895519
756430.0,2.5,-0.2445274847247848,0.2445274847247848,001214_2014-06-17_16-13-55_260595134347_rgbf000111-resize,-3.1083872241790913,3.1083872241790913,2.6505,18.479282579459067
756430.0,2.5,-0.4154319133558917,0.4154319133558917,002748_2014-06-22_19-07-22_094959634447_rgbf000078-resize,-4.239378626086076,4.239378626086076,4.6705,35.71435075733748
756430.0,2.5,-0.1257300027404053,0.1257300027404053,002995_2014-06-15_12-31-26_094959634447_rgbf000150-resize,-3.5530467257682448,3.5530467257682448,3.8360000000000003,27.231594395483473
756430.0,2.5,-0.3969424612180201,0.3969424612180201,000436_2014-06-09_22-25-11_260595134347_rgbf000137-resize,-3.9357148254504137,3.9357148254504137,4.0705,20.69156545677159
756430.0,2.5,-0.26772621185944523,0.26772621185944523,002444_2014-06-28_20-32-08_260595134347_rgbf000027-resize,-3.9578786260860745,3.9578786260860745,4.388999999999999,17.102760279009576
756430.0,2.5,-0.174590289956702,0.174590289956702,001133_2014-06-17_14-49-16_260595134347_rgbf000100-resize,-3.780378626086076,3.780378626086076,4.2115,26.759918254713728
756430.0,2.5,-0.23034722063142626,0.23034722063142626,001132_2014-06-17_14-48-54_260595134347_rgbf000100-resize,-3.6182148254504143,3.6182148254504143,3.753,14.398279213278778
756430.0,2.5,-0.479659615746555,0.479659615746555,000758_2014-06-08_22-05-08_260595134347_rgbf000085-resize,-3.6907191244969217,3.6907191244969217,3.3810000000000002,11.91317737826679
756430.0,2.5,-0.759929866592744,0.759929866592744,000854_2014-06-09_19-43-13_260595134347_rgbf000066-resize,-3.822223423543429,3.822223423543429,3.068,11.910827625938722
756430.0,2.5,-0.0889511419407697,0.0889511419407697,001164_2014-06-17_15-35-46_260595134347_rgbf000085-resize,-2.811887224179091,2.811887224179091,2.354,17.325668807481115
756430.0,2.5,-0.020014164553323444,0.020014164553323444,002153_2014-06-25_21-27-18_260595134347_rgbf000038-resize,-2.814719124496922,2.814719124496922,2.505,17.28886317575377
756430.0,2.5,-0.13747365343828005,0.13747365343828005,002660_2014-06-13_15-44-18_094959634447_rgbf001878-resize,-3.4412148254504142,3.4412148254504142,3.576,15.11997681444361
756430.0,2.5,-0.2463016564584233,0.2463016564584233,000522_2014-06-08_13-35-06_260595134347_rgbf000244-resize,-2.9775553238612598,2.9775553238612598,2.3715,25.742609854068213
756430.0,2.5,-0.2778203132905902,0.2778203132905902,000773_2014-06-08_22-24-54_260595134347_rgbf000093-resize,-4.2455424267217365,4.2455424267217365,4.973,21.45352631724976
756430.0,2.5,-0.2745605440844042,0.2745605440844042,001032_2014-06-08_13-23-17_260595134347_rgbf000021-resize,-3.4340510248147527,3.4340510248147527,3.2725,15.984983178828962
756430.0,2.5,-0.5323929123731799,0.5323929123731799,003292_2014-05-14_21-53-49_094959634447_rgbf000100-resize,-3.791219124496922,3.791219124496922,3.4815,33.084282711345374
756430.0,2.5,-0.08329085102106504,0.08329085102106504,002639_2014-06-24_14-51-37_094959634447_rgbf000074-resize,-3.606378626086076,3.606378626086076,4.0375,16.521406794569987
756430.0,2.5,-0.30865354655472604,0.30865354655472604,001570_2014-06-20_17-21-09_260595134347_rgbf000135-resize,-4.035878626086076,4.035878626086076,4.467,22.179510675592084
756430.0,2.5,-0.4307862187545044,0.4307862187545044,001392_2014-06-19_16-07-59_260595134347_rgbf000046-resize,-4.0002148254504135,4.0002148254504135,4.135,18.95235574822112
756430.0,2.5,-0.6112862589491159,0.6112862589491159,000447_2014-06-08_16-15-46_260595134347_rgbf000130-resize,-4.344214825450415,4.344214825450415,4.479,19.081432914605553
756430.0,2.5,-0.8767334687037291,0.8767334687037291,001447_2014-06-19_17-00-32_260595134347_rgbf000082-resize,-4.447469124496921,4.447469124496921,4.13775,46.830399423560245
756430.0,2.5,-0.18587154246886106,0.18587154246886106,001066_2014-06-08_22-03-20_260595134347_rgbf000066-resize,-3.8018786260860766,3.8018786260860766,4.2330000000000005,19.743449467077777
756430.0,2.5,-0.543398700400002,0.543398700400002,000742_2014-06-08_18-48-09_260595134347_rgbf000164-resize,-4.349046725768245,4.349046725768245,4.632,18.91549953899407
756430.0,2.5,-0.1944177351940152,0.1944177351940152,002758_2014-06-22_19-11-20_094959634447_rgbf000128-resize,-3.0128872241790914,3.0128872241790914,2.555,7.204478276142114
756430.0,2.5,-0.0648013988831801,0.0648013988831801,001199_2014-06-17_16-03-48_260595134347_rgbf000077-resize,-3.3027148254504137,3.3027148254504137,3.4375,28.282249848901696
756430.0,2.5,-0.12935376721688618,0.12935376721688618,000502_2014-06-08_23-02-32_260595134347_rgbf000063-resize,-2.8888872241790913,2.8888872241790913,2.431,13.897287578908273
756430.0,2.5,-0.13833613857624455,0.13833613857624455,001806_2014-06-26_20-50-20_260595134347_rgbf000091-resize,-3.040219124496922,3.040219124496922,2.7305,13.909869710567438
756430.0,2.5,-0.0661131724311061,0.0661131724311061,000493_2014-06-09_21-01-18_260595134347_rgbf000196-resize,-3.3052148254504137,3.3052148254504137,3.44,19.629285382994567
756430.0,2.5,-0.6869821475523085,0.6869821475523085,000506_2014-06-08_23-21-00_260595134347_rgbf000070-resize,-4.220051024814753,4.220051024814753,4.0585,16.716212007621664
756430.0,2.5,-0.07240968546114995,0.07240968546114995,001449_2014-06-19_17-01-27_260595134347_rgbf000116-resize,-3.3172148254504137,3.3172148254504137,3.452,8.994872108877228
756430.0,2.5,-0.21737924795550229,0.21737924795550229,001450_2014-06-19_17-02-03_260595134347_rgbf000203-resize,-3.727713392434945,3.727713392434945,4.0106666666667,12.34882649363641
756430.0,2.5,-0.1525032928938384,0.1525032928938384,002600_2014-06-24_14-27-04_094959634447_rgbf000074-resize,-3.067219124496922,3.067219124496922,2.7575,44.47386082434929
756430.0,2.5,-0.03458140582317859,0.03458140582317859,003228_2014-05-14_13-42-35_094959634447_rgbf000101-resize,-2.57405532386126,2.57405532386126,1.9680000000000002,14.40337638638131
756430.0,2.5,-0.3063808849534233,0.3063808849534233,000368_2014-06-09_15-53-01_260595134347_rgbf000155-resize,-3.0920553238612603,3.0920553238612603,2.4859999999999998,21.090700959072958
756430.0,2.5,-0.7933604274012345,0.7933604274012345,001828_2014-06-26_21-40-03_260595134347_rgbf000024-resize,-4.691214825450415,4.691214825450415,4.8260000000000005,35.55232951340613
756430.0,2.5,-0.05234610506575685,0.05234610506575685,000906_2014-06-08_13-35-43_260595134347_rgbf000155-resize,-3.010551024814753,3.010551024814753,2.8489999999999998,16.12201726422563
756430.0,2.5,-0.11105124877938227,0.11105124877938227,000927_2014-06-09_16-32-30_260595134347_rgbf000123-resize,-2.988219124496922,2.988219124496922,2.6785,11.715239650325241
756430.0,2.5,-0.23119659599364234,0.23119659599364234,002570_2014-06-24_13-59-54_094959634447_rgbf000059-resize,-3.754046725768245,3.754046725768245,4.037,41.596140375002705
756430.0,2.5,-0.4529486368265765,0.4529486368265765,002467_2014-06-28_20-38-07_260595134347_rgbf000026-resize,-4.310878626086076,4.310878626086076,4.742,15.331046216195933
756430.0,2.5,-0.03569313589497669,0.03569313589497669,001810_2014-06-26_20-51-35_260595134347_rgbf000040-resize,-2.7103872241790907,2.7103872241790907,2.2525,22.411391411207674
756430.0,2.5,-0.6050520571525315,0.6050520571525315,002663_2014-06-13_15-50-26_094959634447_rgbf000075-resize,-4.466546725768246,4.466546725768246,4.7495,16.725954086732166
756430.0,2.5,-0.220115386957608,0.220115386957608,000409_2014-06-04_19-23-33_260595134347_rgbf000067-resize,-3.598714825450414,3.598714825450414,3.7335,12.696549983566419
903206.0,2.5,-1.0618511357232416,1.0618511357232416,001808_2014-06-26_20-50-58_260595134347_rgbf000029-resize,-4.68546286863372,4.68546286863372,4.249,20.030651550568866
903206.0,2.5,-0.5003713294219261,0.5003713294219261,000677_2014-06-08_23-10-32_260595134347_rgbf000158-resize,-3.7946066898174737,3.7946066898174737,3.556,19.65196273325612
903206.0,2.5,-1.2594042320408712,1.2594042320408712,001417_2014-06-19_16-25-36_260595134347_rgbf000115-resize,-5.06196286863372,5.06196286863372,4.6255,49.17091269608214
903206.0,2.5,-0.8852864161724134,0.8852864161724134,003081_2014-06-15_15-19-16_094959634447_rgbf000150-resize,-4.34896286863372,4.34896286863372,3.9125,16.632991649560594
903206.0,2.5,-0.6573816291209212,0.6573816291209212,000682_2014-06-08_23-14-58_260595134347_rgbf000041-resize,-3.5561752262662125,3.5561752262662125,2.7239999999999998,8.707843071693064
903206.0,2.5,-0.08098833216227941,0.08098833216227941,003495_2014-05-21_16-01-51_094959634447_rgbf000100-resize,-2.457675226266212,2.457675226266212,1.6255,12.747278812179
903206.0,2.5,-1.210081546638867,1.210081546638867,001158_2014-06-17_15-32-16_260595134347_rgbf000138-resize,-4.9679628686337205,4.9679628686337205,4.5315,26.954451973303737
903206.0,2.5,-2.164166181846657,2.164166181846657,000556_2014-06-09_22-42-56_260595134347_rgbf000214-resize,-6.069387583898704,6.069387583898704,4.8415,23.88242025565649
903206.0,2.5,-0.15682683120787433,0.15682683120787433,001150_2014-06-17_15-27-34_260595134347_rgbf000108-resize,-3.677538153368735,3.677538153368735,4.0325,11.088139074292139
903206.0,2.5,-0.8321098657046576,0.8321098657046576,000665_2014-06-09_20-42-35_260595134347_rgbf000110-resize,-3.889175226266212,3.889175226266212,3.057,18.49880761375764
903206.0,2.5,-0.9403809051852974,0.9403809051852974,002375_2014-06-28_20-13-44_260595134347_rgbf000032-resize,-4.453962868633719,4.453962868633719,4.0175,48.76103649676905
903206.0,2.5,-0.4143597124670029,0.4143597124670029,002568_2014-06-24_13-59-21_094959634447_rgbf000062-resize,-3.4514628686337203,3.4514628686337203,3.015,29.63840999388049
903206.0,2.5,-0.3573472849089866,0.3573472849089866,001235_2014-06-17_16-37-36_260595134347_rgbf000084-resize,-3.701250511001228,3.701250511001228,3.6605,14.547706659434104
903206.0,2.5,-1.04532278901936,1.04532278901936,001094_2014-06-15_17-36-00_260595134347_rgbf000205-resize,-4.6539628686337196,4.6539628686337196,4.2175,17.196771274488466
903206.0,2.5,-0.21147806637962105,0.21147806637962105,000780_2014-06-08_22-28-29_260595134347_rgbf000126-resize,-3.4232505110012275,3.4232505110012275,3.3825,14.165390776882042
903206.0,2.5,-0.18881611780179008,0.18881611780179008,000470_2014-06-09_19-42-40_260595134347_rgbf000094-resize,-2.6631752262662123,2.6631752262662123,1.831,22.486379427626872
903206.0,2.5,-0.7302167948320992,0.7302167948320992,000109_2014-05-14_23-41-52_260595134347_rgbf000035-resize,-2.978099941531197,2.978099941531197,1.3545,6.620498200896815
903206.0,2.5,-0.9664234850286394,0.9664234850286394,002784_2014-06-22_19-26-30_094959634447_rgbf000083-resize,-3.4282666081978967,3.4282666081978967,1.8046666666667,3.0422522474895675
903206.0,2.5,-0.007709912609980052,0.007709912609980052,001100_2014-06-15_17-46-26_260595134347_rgbf000225-resize,-2.6764628686337204,2.6764628686337204,2.24,9.548860596737413
903206.0,2.5,-0.09489313177029336,0.09489313177029336,000469_2014-06-09_19-42-10_260595134347_rgbf000081-resize,-2.484175226266212,2.484175226266212,1.652,25.13136208408983
903206.0,2.5,-0.1153567991179415,0.1153567991179415,002964_2014-06-08_17-46-11_094959634447_rgbf000091-resize,-2.5231752262662117,2.5231752262662117,1.6909999999999998,28.953812917975768
903206.0,2.5,-0.2549295046172545,0.2549295046172545,002136_2014-06-25_21-18-03_260595134347_rgbf000109-resize,-2.7891752262662117,2.7891752262662117,1.9569999999999999,13.297078442475444
903206.0,2.5,-1.1452799333713255,1.1452799333713255,002039_2014-06-24_20-22-38_260595134347_rgbf000084-resize,-4.8444628686337206,4.8444628686337206,4.408,15.524303639345458
903206.0,2.5,-1.486333860641876,1.486333860641876,000691_2014-06-08_13-08-50_260595134347_rgbf000132-resize,-5.064317697792712,5.064317697792712,4.1530000000000005,14.740846212587924
903206.0,2.5,-0.7329397854814547,0.7329397854814547,000929_2014-06-09_16-33-19_260595134347_rgbf000139-resize,-3.7001752262662126,3.7001752262662126,2.8680000000000003,19.501338012209015
903206.0,2.5,-0.7470254842210173,0.7470254842210173,000457_2014-06-08_16-52-43_260595134347_rgbf000199-resize,-4.08546286863372,4.08546286863372,3.6489999999999996,14.067279821032837
903206.0,2.5,-0.4279003378928897,0.4279003378928897,003621_2014-05-23_18-06-08_094959634447_rgbf000101-resize,-3.925322421593104,3.925322421593104,3.9835,23.07176470133362
903206.0,2.5,-0.8824412421559833,0.8824412421559833,001584_2014-06-20_11-07-43_260595134347_rgbf000002-resize,-4.164319047449967,4.164319047449967,3.53,17.602834139105468
903206.0,2.5,-1.0649993922382548,1.0649993922382548,001175_2014-06-17_15-45-55_260595134347_rgbf000129-resize,-4.69146286863372,4.69146286863372,4.255,15.34903910495583
903206.0,2.5,-0.01741104087279144,0.01741104087279144,002279_2014-06-28_18-55-32_260595134347_rgbf000040-resize,-2.3365085595995123,2.3365085595995123,1.5043333333333,15.963772282558683
903206.0,2.5,-0.5373226156844161,0.5373226156844161,003048_2014-06-15_13-49-43_094959634447_rgbf000150-resize,-4.044250511001228,4.044250511001228,4.0035,24.355606534500392
903206.0,2.5,-0.37981034637980027,0.37981034637980027,002725_2014-06-22_11-47-51_094959634447_rgbf000070-resize,-3.0271752262662117,3.0271752262662117,2.195,3.938570017428758
903206.0,2.5,-0.25470787769669045,0.25470787769669045,002344_2014-06-28_20-06-29_260595134347_rgbf000030-resize,-2.6095314050824587,2.6095314050824587,1.5795,37.33165518125916
903206.0,2.5,-0.19406321199349647,0.19406321199349647,000549_2014-06-08_22-10-24_260595134347_rgbf000247-resize,-2.673175226266212,2.673175226266212,1.841,30.99307977870557
903206.0,2.5,-1.072426779684676,1.072426779684676,000736_2014-06-08_18-24-15_260595134347_rgbf000206-resize,-4.347175226266212,4.347175226266212,3.515,33.408170606136416
903206.0,2.5,-0.8189106746473545,0.8189106746473545,000137_2014-05-20_17-04-49_260595134347_rgbf000120-resize,-4.222462868633721,4.222462868633721,3.786,14.89611111351161
903206.0,2.5,-0.13047155280133527,0.13047155280133527,001056_2014-06-08_18-46-44_260595134347_rgbf000068-resize,-3.000034779225597,3.000034779225597,2.6625,11.38594592369452
903206.0,2.5,-0.3257652762052569,0.3257652762052569,000878_2014-06-08_22-52-45_260595134347_rgbf000045-resize,-2.9241752262662124,2.9241752262662124,2.092,5.576511521775202
903206.0,2.5,-0.2929709375071096,0.2929709375071096,002905_2014-06-03_18-04-43_094959634447_rgbf000151-resize,-2.8616752262662124,2.8616752262662124,2.0295,12.020604335789361
903206.0,2.5,-1.7287388195132949,1.7287388195132949,003423_2014-05-21_10-23-26_094959634447_rgbf002665-resize,-4.881099941531198,4.881099941531198,3.2575,35.43119222475438
903206.0,2.5,-0.14651354195601196,0.14651354195601196,002988_2014-06-15_12-24-20_094959634447_rgbf000150-resize,-4.016325795736243,4.016325795736243,4.7669999999999995,14.460306569198616
903206.0,2.5,-0.5903182670206221,0.5903182670206221,001052_2014-06-08_18-24-54_260595134347_rgbf000130-resize,-4.145250511001228,4.145250511001228,4.1045,25.87613690895519
903206.0,2.5,-0.7005503487544659,0.7005503487544659,000810_2014-06-08_17-20-01_260595134347_rgbf000105-resize,-3.011171852123074,3.011171852123074,1.4865,3.0958890116960642
903206.0,2.5,-1.2123840232606446,1.2123840232606446,001214_2014-06-17_16-13-55_260595134347_rgbf000111-resize,-4.0762437627149515,4.0762437627149515,2.6505,18.479282579459067
903206.0,2.5,-0.8873037982710433,0.8873037982710433,002748_2014-06-22_19-07-22_094959634447_rgbf000078-resize,-4.711250511001229,4.711250511001229,4.6705,35.71435075733748
903206.0,2.5,-0.449433787973388,0.449433787973388,002995_2014-06-15_12-31-26_094959634447_rgbf000150-resize,-3.876750511001228,3.876750511001228,3.8360000000000003,27.231594395483473
903206.0,2.5,-0.1767657891363409,0.1767657891363409,000436_2014-06-09_22-25-11_260595134347_rgbf000137-resize,-3.7155381533687346,3.7155381533687346,4.0705,20.69156545677159
903206.0,2.5,-0.7395980967745969,0.7395980967745969,002444_2014-06-28_20-32-08_260595134347_rgbf000027-resize,-4.4297505110012265,4.4297505110012265,4.388999999999999,17.102760279009576
903206.0,2.5,-1.2400307113205922,1.2400307113205922,001133_2014-06-17_14-49-16_260595134347_rgbf000100-resize,-4.845819047449966,4.845819047449966,4.2115,26.759918254713728
903206.0,2.5,-0.8015952638147319,0.8015952638147319,001132_2014-06-17_14-48-54_260595134347_rgbf000100-resize,-4.18946286863372,4.18946286863372,3.753,14.398279213278778
903206.0,2.5,-0.6064033598833531,0.6064033598833531,000758_2014-06-08_22-05-08_260595134347_rgbf000085-resize,-3.8174628686337204,3.8174628686337204,3.3810000000000002,11.91317737826679
903206.0,2.5,-0.04645695405054248,0.04645695405054248,000854_2014-06-09_19-43-13_260595134347_rgbf000066-resize,-3.108750511001228,3.108750511001228,3.068,11.910827625938722
903206.0,2.5,-0.06752678639539883,0.06752678639539883,001164_2014-06-17_15-35-46_260595134347_rgbf000085-resize,-2.7904628686337203,2.7904628686337203,2.354,17.325668807481115
903206.0,2.5,-0.2069185927631677,0.2069185927631677,001136_2014-06-17_15-19-41_260595134347_rgbf000076-resize,-2.6976752262662123,2.6976752262662123,1.8655,18.667799879387072
903206.0,2.5,-0.7403264451388603,0.7403264451388603,002153_2014-06-25_21-27-18_260595134347_rgbf000038-resize,-3.5350314050824583,3.5350314050824583,2.505,17.28886317575377
903206.0,2.5,-0.7087216966215857,0.7087216966215857,002660_2014-06-13_15-44-18_094959634447_rgbf001878-resize,-4.012462868633721,4.012462868633721,3.576,15.11997681444361
903206.0,2.5,-1.0823962586489153,1.0823962586489153,000739_2014-06-08_18-45-58_260595134347_rgbf000068-resize,-4.366175226266212,4.366175226266212,3.534,8.164356963721069
903206.0,2.5,-0.5869076557960177,0.5869076557960177,000734_2014-06-08_17-39-11_260595134347_rgbf000128-resize,-4.138750511001228,4.138750511001228,4.098,16.052231618370055
903206.0,2.5,-0.07670920123088326,0.07670920123088326,000522_2014-06-08_13-35-06_260595134347_rgbf000244-resize,-2.8079628686337204,2.8079628686337204,2.3715,25.742609854068213
903206.0,2.5,-0.2434038853709729,0.2434038853709729,002989_2014-06-15_12-25-03_094959634447_rgbf000150-resize,-3.842538153368735,3.842538153368735,4.1975,27.906783421951957
903206.0,2.5,-0.1238515933781775,0.1238515933781775,000866_2014-06-09_20-45-42_260595134347_rgbf000139-resize,-3.256250511001228,3.256250511001228,3.2155,8.082259189449621
903206.0,2.5,-0.4806360104385544,0.4806360104385544,001555_2014-06-20_17-12-10_260595134347_rgbf000065-resize,-2.8608875838987053,2.8608875838987053,1.633,7.608284543781994
903206.0,2.5,-0.7677335183027771,0.7677335183027771,003534_2014-05-22_15-06-10_094959634447_rgbf000102-resize,-3.0495999415311967,3.0495999415311967,1.426,12.376994007247625
903206.0,2.5,-0.10137054393188487,0.10137054393188487,001059_2014-06-08_21-53-27_260595134347_rgbf000061-resize,-2.85496286863372,2.85496286863372,2.4185,8.755513319222857
903206.0,2.5,-1.7366094608008484,1.7366094608008484,001032_2014-06-08_13-23-17_260595134347_rgbf000021-resize,-4.8960999415311965,4.8960999415311965,3.2725,15.984983178828962
903206.0,2.5,-0.4612804776937318,0.4612804776937318,003292_2014-05-14_21-53-49_094959634447_rgbf000100-resize,-3.7201066898174737,3.7201066898174737,3.4815,33.084282711345374
903206.0,2.5,-0.3573065571199704,0.3573065571199704,002639_2014-06-24_14-51-37_094959634447_rgbf000074-resize,-3.8803943321849816,3.8803943321849816,4.0375,16.521406794569987
903206.0,2.5,-0.38481307383738506,0.38481307383738506,001570_2014-06-20_17-21-09_260595134347_rgbf000135-resize,-4.112038153368735,4.112038153368735,4.467,22.179510675592084
903206.0,2.5,-1.00203426193781,1.00203426193781,001392_2014-06-19_16-07-59_260595134347_rgbf000046-resize,-4.57146286863372,4.57146286863372,4.135,18.95235574822112
903206.0,2.5,-1.3991895704730195,1.3991895704730195,001447_2014-06-19_17-00-32_260595134347_rgbf000082-resize,-4.969925226266212,4.969925226266212,4.13775,46.830399423560245
903206.0,2.5,-0.2620310697515201,0.2620310697515201,001066_2014-06-08_22-03-20_260595134347_rgbf000066-resize,-3.878038153368736,3.878038153368736,4.2330000000000005,19.743449467077777
903206.0,2.5,-1.2628148432654769,1.2628148432654769,000742_2014-06-08_18-48-09_260595134347_rgbf000164-resize,-5.06846286863372,5.06846286863372,4.632,18.91549953899407
903206.0,2.5,-0.015761453029079803,0.015761453029079803,002630_2014-06-24_14-47-50_094959634447_rgbf000055-resize,-3.050250511001228,3.050250511001228,3.0095,10.661401196716628
903206.0,2.5,-0.1729933796486443,0.1729933796486443,002758_2014-06-22_19-11-20_094959634447_rgbf000128-resize,-2.9914628686337204,2.9914628686337204,2.555,7.204478276142114
903206.0,2.5,-0.26538296521164484,0.26538296521164484,002750_2014-06-22_19-08-03_094959634447_rgbf000094-resize,-2.9883190474499663,2.9883190474499663,2.354,8.789636111124727
903206.0,2.5,-0.2134954484782582,0.2134954484782582,003083_2014-06-15_15-21-03_094959634447_rgbf000063-resize,-3.7855381533687353,3.7855381533687353,4.1405,19.172834459547143
903206.0,2.5,-1.033073573246904,1.033073573246904,000493_2014-06-09_21-01-18_260595134347_rgbf000196-resize,-4.272175226266212,4.272175226266212,3.44,19.629285382994567
903206.0,2.5,-0.9618939913712758,0.9618939913712758,000506_2014-06-08_23-21-00_260595134347_rgbf000070-resize,-4.4949628686337215,4.4949628686337215,4.0585,16.716212007621664
903206.0,2.5,-0.14537067555599234,0.14537067555599234,001450_2014-06-19_17-02-03_260595134347_rgbf000203-resize,-3.655704820035435,3.655704820035435,4.0106666666667,12.34882649363641
903206.0,2.5,-0.27924703703063664,0.27924703703063664,002600_2014-06-24_14-27-04_094959634447_rgbf000074-resize,-3.1939628686337205,3.1939628686337205,2.7575,44.47386082434929
903206.0,2.5,-0.2607013082281308,0.2607013082281308,003228_2014-05-14_13-42-35_094959634447_rgbf000101-resize,-2.8001752262662123,2.8001752262662123,1.9680000000000002,14.40337638638131
903206.0,2.5,-0.1261133422109334,0.1261133422109334,001110_2014-06-15_17-25-28_260595134347_rgbf000150-resize,-2.5436752262662123,2.5436752262662123,1.7115,9.336195527413247
903206.0,2.5,-0.2377949929161805,0.2377949929161805,000927_2014-06-09_16-32-30_260595134347_rgbf000123-resize,-3.1149628686337203,3.1149628686337203,2.6785,11.715239650325241
903206.0,2.5,-0.924820521741728,0.924820521741728,002467_2014-06-28_20-38-07_260595134347_rgbf000026-resize,-4.782750511001229,4.782750511001229,4.742,15.331046216195933
903206.0,2.5,-2.1158929152829917,2.1158929152829917,002663_2014-06-13_15-50-26_094959634447_rgbf000075-resize,-5.9773875838987065,5.9773875838987065,4.7495,16.725954086732166
903206.0,2.5,-1.1870757877734055,1.1870757877734055,000409_2014-06-04_19-23-33_260595134347_rgbf000067-resize,-4.565675226266212,4.565675226266212,3.7335,12.696549983566419
903206.0,2.5,-0.12996720727667604,0.12996720727667604,001011_2014-06-08_23-18-54_260595134347_rgbf000044-resize,-2.9094628686337205,2.9094628686337205,2.4730000000000003,11.624075606213012
903206.0,2.5,-0.19904795147561594,0.19904795147561594,001167_2014-06-17_15-38-07_260595134347_rgbf000108-resize,-2.6826752262662117,2.6826752262662117,1.8505,12.019050657019696
961832.0,2.5,-0.5540704150290556,0.5540704150290556,001808_2014-06-26_20-50-58_260595134347_rgbf000029-resize,-4.177682147939533,4.177682147939533,4.249,20.030651550568866
961832.0,2.5,-0.6387304290669216,0.6387304290669216,000677_2014-06-08_23-10-32_260595134347_rgbf000158-resize,-3.9329657894624686,3.9329657894624686,3.556,19.65196273325612
961832.0,2.5,-0.136502957762745,0.136502957762745,001516_2014-06-20_16-25-09_260595134347_rgbf000076-resize,-2.569749430985404,2.569749430985404,1.7445,3.8622659094666254
961832.0,2.5,-0.3033398698237496,0.3033398698237496,001417_2014-06-19_16-25-36_260595134347_rgbf000115-resize,-4.105898506416598,4.105898506416598,4.6255,49.17091269608214
961832.0,2.5,-0.6504558338401133,0.6504558338401133,000682_2014-06-08_23-14-58_260595134347_rgbf000041-resize,-3.5492494309854044,3.5492494309854044,2.7239999999999998,8.707843071693064
961832.0,2.5,-0.9170185603962446,0.9170185603962446,001650_2014-06-20_12-09-00_260595134347_rgbf000087-resize,-3.4481748932698078,3.4481748932698078,1.9505,47.6804595860539
961832.0,2.5,-0.5170081854369828,0.5170081854369828,001244_2014-06-17_16-47-45_260595134347_rgbf000030-resize,-3.091891251746872,3.091891251746872,2.0425,6.7629638807870815
961832.0,2.5,-0.7464879991658744,0.7464879991658744,003495_2014-05-21_16-01-51_094959634447_rgbf000100-resize,-3.1231748932698067,3.1231748932698067,1.6255,12.747278812179
961832.0,2.5,-0.2540171844217455,0.2540171844217455,001158_2014-06-17_15-32-16_260595134347_rgbf000138-resize,-4.011898506416599,4.011898506416599,4.5315,26.954451973303737
961832.0,2.5,-0.4166771043645511,0.4166771043645511,000556_2014-06-09_22-42-56_260595134347_rgbf000214-resize,-4.321898506416599,4.321898506416599,4.8415,23.88242025565649
961832.0,2.5,-0.6646126465401405,0.6646126465401405,001150_2014-06-17_15-27-34_260595134347_rgbf000108-resize,-4.1853239687010015,4.1853239687010015,4.0325,11.088139074292139
961832.0,2.5,-0.3769004289009145,0.3769004289009145,000665_2014-06-09_20-42-35_260595134347_rgbf000110-resize,-3.4339657894624684,3.4339657894624684,3.057,18.49880761375764
961832.0,2.5,-0.8808838260140466,0.8808838260140466,002375_2014-06-28_20-13-44_260595134347_rgbf000032-resize,-4.394465789462469,4.394465789462469,4.0175,48.76103649676905
961832.0,2.5,-0.354862633295752,0.354862633295752,002568_2014-06-24_13-59-21_094959634447_rgbf000062-resize,-3.3919657894624686,3.3919657894624686,3.015,29.63840999388049
961832.0,2.5,-0.7595044942518251,0.7595044942518251,000788_2014-06-08_22-34-36_260595134347_rgbf000131-resize,-3.960107610223937,3.960107610223937,3.359,21.46386213810664
961832.0,2.5,-0.4694207426087602,0.4694207426087602,001235_2014-06-17_16-37-36_260595134347_rgbf000084-resize,-3.813323968701001,3.813323968701001,3.6605,14.547706659434104
961832.0,2.5,-0.08925842680223839,0.08925842680223839,001094_2014-06-15_17-36-00_260595134347_rgbf000205-resize,-3.6978985064165983,3.6978985064165983,4.2175,17.196771274488466
961832.0,2.5,-0.40603214328244985,0.40603214328244985,000470_2014-06-09_19-42-40_260595134347_rgbf000094-resize,-2.880391251746872,2.880391251746872,1.831,22.486379427626872
961832.0,2.5,-0.6042917465707096,0.6042917465707096,000109_2014-05-14_23-41-52_260595134347_rgbf000035-resize,-2.8521748932698063,2.8521748932698063,1.3545,6.620498200896815
961832.0,2.5,-0.1308220529275963,0.1308220529275963,002509_2014-06-24_13-19-22_094959634447_rgbf000077-resize,-2.355891251746872,2.355891251746872,1.3065,40.21868783296904
961832.0,2.5,-0.33362224343694397,0.33362224343694397,003338_2014-05-20_11-01-23_094959634447_rgbf000051-resize,-2.7423912517468723,2.7423912517468723,1.693,28.251495663089063
961832.0,2.5,-0.3922147952443146,0.3922147952443146,002784_2014-06-22_19-26-30_094959634447_rgbf000083-resize,-2.854057918413572,2.854057918413572,1.8046666666667,3.0422522474895675
961832.0,2.5,-0.8447801164845996,0.8447801164845996,001100_2014-06-15_17-46-26_260595134347_rgbf000225-resize,-3.51353307250834,3.51353307250834,2.24,9.548860596737413
961832.0,2.5,-0.3121091572509531,0.3121091572509531,000469_2014-06-09_19-42-10_260595134347_rgbf000081-resize,-2.701391251746872,2.701391251746872,1.652,25.13136208408983
961832.0,2.5,-0.3709675109737586,0.3709675109737586,000483_2014-06-09_20-41-45_260595134347_rgbf000116-resize,-2.6105330725083395,2.6105330725083395,1.337,29.232414989368262
961832.0,2.5,-0.5567146453600689,0.5567146453600689,002964_2014-06-08_17-46-11_094959634447_rgbf000091-resize,-2.9645330725083388,2.9645330725083388,1.6909999999999998,28.953812917975768
961832.0,2.5,-0.4721455300979143,0.4721455300979143,002136_2014-06-25_21-18-03_260595134347_rgbf000109-resize,-3.006391251746872,3.006391251746872,1.9569999999999999,13.297078442475444
961832.0,2.5,-0.6374992126771397,0.6374992126771397,002039_2014-06-24_20-22-38_260595134347_rgbf000084-resize,-4.336682147939533,4.336682147939533,4.408,15.524303639345458
961832.0,2.5,-0.03022861714558533,0.03022861714558533,002103_2014-06-25_20-00-40_260595134347_rgbf000049-resize,-3.5853985064165985,3.5853985064165985,4.105,11.598018874569219
961832.0,2.5,-0.5018721694391793,0.5018721694391793,000929_2014-06-09_16-33-19_260595134347_rgbf000139-resize,-3.4691076102239373,3.4691076102239373,2.8680000000000003,19.501338012209015
961832.0,2.5,-0.6250879841684862,0.6250879841684862,001584_2014-06-20_11-07-43_260595134347_rgbf000002-resize,-3.9069657894624688,3.9069657894624688,3.53,17.602834139105468
961832.0,2.5,-0.2346270663534512,0.2346270663534512,002279_2014-06-28_18-55-32_260595134347_rgbf000040-resize,-2.553724585080172,2.553724585080172,1.5043333333333,15.963772282558683
961832.0,2.5,-0.5335365321408527,0.5335365321408527,000635_2014-06-08_16-38-42_260595134347_rgbf000106-resize,-3.123391251746872,3.123391251746872,2.074,10.796976226722654
961832.0,2.5,-0.9373004301924456,0.9373004301924456,002043_2014-06-24_20-29-38_260595134347_rgbf000039-resize,-3.892891251746872,3.892891251746872,2.8435,8.475049543704081
961832.0,2.5,-0.4982095451225714,0.4982095451225714,002344_2014-06-28_20-06-29_260595134347_rgbf000030-resize,-2.85303307250834,2.85303307250834,1.5795,37.33165518125916
961832.0,2.5,-0.04738291366192143,0.04738291366192143,001055_2014-06-08_18-45-35_260595134347_rgbf000111-resize,-2.805965789462469,2.805965789462469,2.4290000000000003,8.406298609581565
961832.0,2.5,-0.6354210582356239,0.6354210582356239,000549_2014-06-08_22-10-24_260595134347_rgbf000247-resize,-3.11453307250834,3.11453307250834,1.841,30.99307977870557
961832.0,2.5,-0.8413591636424008,0.8413591636424008,000736_2014-06-08_18-24-15_260595134347_rgbf000206-resize,-4.116107610223937,4.116107610223937,3.515,33.408170606136416
961832.0,2.5,-0.7594135954761037,0.7594135954761037,000137_2014-05-20_17-04-49_260595134347_rgbf000120-resize,-4.1629657894624685,4.1629657894624685,3.786,14.89611111351161
961832.0,2.5,-0.940892838968496,0.940892838968496,002199_2014-06-28_18-33-56_260595134347_rgbf000074-resize,-3.4936748932698065,3.4936748932698065,1.996,17.12852126070164
961832.0,2.5,-0.0729924348079719,0.0729924348079719,000917_2014-06-09_22-45-29_260595134347_rgbf000149-resize,-3.6668985064165978,3.6668985064165978,4.1865,9.740561609074897
961832.0,2.5,-0.3188394809244489,0.3188394809244489,000878_2014-06-08_22-52-45_260595134347_rgbf000045-resize,-2.917249430985404,2.917249430985404,2.092,5.576511521775202
961832.0,2.5,-0.483255326676215,0.483255326676215,002953_2014-06-08_17-32-18_094959634447_rgbf000059-resize,-2.8245330725083395,2.8245330725083395,1.551,13.905027931093345
961832.0,2.5,-0.5101869629877693,0.5101869629877693,002905_2014-06-03_18-04-43_094959634447_rgbf000151-resize,-3.0788912517468723,3.0788912517468723,2.0295,12.020604335789361
961832.0,2.5,-0.4633762426707214,0.4633762426707214,003129_2014-05-12_10-48-10_094959634447_rgbf000100-resize,-4.410898506416599,4.410898506416599,4.9305,17.9074543760639
961832.0,2.5,-0.2665503365588593,0.2665503365588593,002272_2014-06-28_18-53-56_260595134347_rgbf000067-resize,-2.4115330725083397,2.4115330725083397,1.138,10.409245808146235
961832.0,2.5,-0.1971068956769277,0.1971068956769277,001571_2014-06-20_17-21-32_260595134347_rgbf000089-resize,-2.6852494309854045,2.6852494309854045,1.86,4.991960350191473
961832.0,2.5,-0.7585356325716273,0.7585356325716273,001133_2014-06-17_14-49-16_260595134347_rgbf000100-resize,-4.364323968701002,4.364323968701002,4.2115,26.759918254713728
961832.0,2.5,-0.7645801325096738,0.7645801325096738,003070_2014-06-15_14-58-27_094959634447_rgbf000150-resize,-3.7667494309854037,3.7667494309854037,2.9415,10.664823740812926
961832.0,2.5,-0.7065191845332028,0.7065191845332028,000943_2014-06-09_19-31-07_260595134347_rgbf000128-resize,-3.2500330725083395,3.2500330725083395,1.9765,15.893099149291922
961832.0,2.5,-0.3227644599506345,0.3227644599506345,000758_2014-06-08_22-05-08_260595134347_rgbf000085-resize,-3.5338239687010016,3.5338239687010016,3.3810000000000002,11.91317737826679
961832.0,2.5,-0.2321715279856157,0.2321715279856157,001164_2014-06-17_15-35-46_260595134347_rgbf000085-resize,-2.955107610223937,2.955107610223937,2.354,17.325668807481115
961832.0,2.5,-0.3114026502803385,0.3114026502803385,002153_2014-06-25_21-27-18_260595134347_rgbf000038-resize,-3.106107610223937,3.106107610223937,2.505,17.28886317575377
961832.0,2.5,-0.4748392927343239,0.4748392927343239,000734_2014-06-08_17-39-11_260595134347_rgbf000128-resize,-4.026682147939534,4.026682147939534,4.098,16.052231618370055
961832.0,2.5,-1.1379212258669704,1.1379212258669704,000522_2014-06-08_13-35-06_260595134347_rgbf000244-resize,-3.869174893269808,3.869174893269808,2.3715,25.742609854068213
961832.0,2.5,-0.8860607046651948,0.8860607046651948,002949_2014-06-26_15-57-42_094959634447_rgbf000079-resize,-3.3891748932698067,3.3891748932698067,1.8915,17.99500168321199
961832.0,2.5,-0.23592505107795114,0.23592505107795114,000866_2014-06-09_20-45-42_260595134347_rgbf000139-resize,-3.3683239687010014,3.3683239687010014,3.2155,8.082259189449621
961832.0,2.5,-0.5262814990481891,0.5262814990481891,001555_2014-06-20_17-12-10_260595134347_rgbf000065-resize,-2.90653307250834,2.90653307250834,1.633,7.608284543781994
961832.0,2.5,-0.8659502908028553,0.8659502908028553,003534_2014-05-22_15-06-10_094959634447_rgbf000102-resize,-3.1478167140312747,3.1478167140312747,1.426,12.376994007247625
961832.0,2.5,-0.2682050219745066,0.2682050219745066,002637_2014-06-24_14-51-13_094959634447_rgbf000066-resize,-2.8207494309854044,2.8207494309854044,1.9955,10.972027795242447
961832.0,2.5,-0.09032852887575316,0.09032852887575316,001016_2014-06-09_16-16-10_260595134347_rgbf000112-resize,-2.4817494309854045,2.4817494309854045,1.6565,7.049977084494088
961832.0,2.5,-0.04187346476063397,0.04187346476063397,001059_2014-06-08_21-53-27_260595134347_rgbf000061-resize,-2.7954657894624693,2.7954657894624693,2.4185,8.755513319222857
961832.0,2.5,-0.7141171294935885,0.7141171294935885,001032_2014-06-08_13-23-17_260595134347_rgbf000021-resize,-3.873607610223937,3.873607610223937,3.2725,15.984983178828962
961832.0,2.5,-0.04741285062340583,0.04741285062340583,001447_2014-06-19_17-00-32_260595134347_rgbf000082-resize,-3.618148506416598,3.618148506416598,4.13775,46.830399423560245
961832.0,2.5,-0.1134963004773934,0.1134963004773934,002758_2014-06-22_19-11-20_094959634447_rgbf000128-resize,-2.9319657894624687,2.9319657894624687,2.555,7.204478276142114
961832.0,2.5,-0.2197602994769723,0.2197602994769723,002549_2014-06-24_13-41-39_094959634447_rgbf000022-resize,-2.525391251746872,2.525391251746872,1.476,4.1736441355391865
961832.0,2.5,-0.048432332500264415,0.048432332500264415,000502_2014-06-08_23-02-32_260595134347_rgbf000063-resize,-2.8079657894624694,2.8079657894624694,2.431,13.897287578908273
961832.0,2.5,-0.8020059572046286,0.8020059572046286,000493_2014-06-09_21-01-18_260595134347_rgbf000196-resize,-4.0411076102239365,4.0411076102239365,3.44,19.629285382994567
961832.0,2.5,-0.5841606494732048,0.5841606494732048,001449_2014-06-19_17-01-27_260595134347_rgbf000116-resize,-3.8289657894624685,3.8289657894624685,3.452,8.994872108877228
961832.0,2.5,-0.21974995785938573,0.21974995785938573,002600_2014-06-24_14-27-04_094959634447_rgbf000074-resize,-3.134465789462469,3.134465789462469,2.7575,44.47386082434929
961832.0,2.5,-0.4779173337087905,0.4779173337087905,003228_2014-05-14_13-42-35_094959634447_rgbf000101-resize,-3.017391251746872,3.017391251746872,1.9680000000000002,14.40337638638131
961832.0,2.5,-0.5529105020710844,0.5529105020710844,002763_2014-06-22_19-13-10_094959634447_rgbf000075-resize,-2.95728307250834,2.95728307250834,1.68375,5.5919783591245595
961832.0,2.5,-0.7487582927764201,0.7487582927764201,002209_2014-06-28_18-36-10_260595134347_rgbf000051-resize,-3.33053307250834,3.33053307250834,2.057,12.962068825921264
961832.0,2.5,-0.5674711884530608,0.5674711884530608,001110_2014-06-15_17-25-28_260595134347_rgbf000150-resize,-2.9850330725083394,2.9850330725083394,1.7115,9.336195527413247
961832.0,2.5,-0.6265815552678647,0.6265815552678647,000927_2014-06-09_16-32-30_260595134347_rgbf000123-resize,-3.5037494309854043,3.5037494309854043,2.6785,11.715239650325241
961832.0,2.5,-0.4428320181649312,0.4428320181649312,002570_2014-06-24_13-59-54_094959634447_rgbf000059-resize,-3.9656821479395337,3.9656821479395337,4.037,41.596140375002705
961832.0,2.5,-0.4030553427012901,0.4030553427012901,001810_2014-06-26_20-51-35_260595134347_rgbf000040-resize,-3.0777494309854037,3.0777494309854037,2.2525,22.411391411207674
961832.0,2.5,-0.7318663509696628,0.7318663509696628,000409_2014-06-04_19-23-33_260595134347_rgbf000067-resize,-4.110465789462468,4.110465789462468,3.7335,12.696549983566419
961832.0,2.5,-0.02937133747626885,0.02937133747626885,002875_2014-06-01_15-19-00_094959634447_rgbf000151-resize,-2.5686076102239372,2.5686076102239372,1.9675,11.625680938349673
961832.0,2.5,-1.0827358380783505,1.0827358380783505,001092_2014-06-15_17-34-58_260595134347_rgbf000171-resize,-3.96703307250834,3.96703307250834,2.6935,9.164038324933468
961832.0,2.5,-0.22885181553673214,0.22885181553673214,002545_2014-06-24_13-38-53_094959634447_rgbf000080-resize,-2.745749430985404,2.745749430985404,1.9205,12.083824048628237
961832.0,2.5,-0.6404057977177433,0.6404057977177433,001167_2014-06-17_15-38-07_260595134347_rgbf000108-resize,-3.12403307250834,3.12403307250834,1.8505,12.019050657019696
961832.0,2.5,-0.8297453408801023,0.8297453408801023,003587_2014-05-23_16-48-02_094959634447_rgbf002384-resize,-3.0788167140312748,3.0788167140312748,1.357,20.788172722830538
710702.0,2.5,-0.6565369497290979,0.6565369497290979,001808_2014-06-26_20-50-58_260595134347_rgbf000029-resize,-4.2801486826395765,4.2801486826395765,4.249,20.030651550568866
710702.0,2.5,-0.8540900460467274,0.8540900460467274,001417_2014-06-19_16-25-36_260595134347_rgbf000115-resize,-4.6566486826395765,4.6566486826395765,4.6255,49.17091269608214
710702.0,2.5,-0.4799722301782697,0.4799722301782697,003081_2014-06-15_15-19-16_094959634447_rgbf000150-resize,-3.943648682639577,3.943648682639577,3.9125,16.632991649560594
710702.0,2.5,-1.1823990035790422,1.1823990035790422,000682_2014-06-08_23-14-58_260595134347_rgbf000041-resize,-4.081192600724333,4.081192600724333,2.7239999999999998,8.707843071693064
710702.0,2.5,-0.7765362678507706,0.7765362678507706,001650_2014-06-20_12-09-00_260595134347_rgbf000087-resize,-3.307692600724333,3.307692600724333,1.9505,47.6804595860539
710702.0,2.5,-2.2934711986722864,2.2934711986722864,000556_2014-06-09_22-42-56_260595134347_rgbf000214-resize,-6.198692600724332,6.198692600724332,4.8415,23.88242025565649
710702.0,2.5,-0.5350667191911537,0.5350667191911537,002375_2014-06-28_20-13-44_260595134347_rgbf000032-resize,-4.048648682639576,4.048648682639576,4.0175,48.76103649676905
710702.0,2.5,-0.009045526472859135,0.009045526472859135,002568_2014-06-24_13-59-21_094959634447_rgbf000062-resize,-3.0461486826395765,3.0461486826395765,3.015,29.63840999388049
710702.0,2.5,-1.515589484752221,1.515589484752221,000788_2014-06-08_22-34-36_260595134347_rgbf000131-resize,-4.716192600724333,4.716192600724333,3.359,21.46386213810664
710702.0,2.5,-0.3477454565473351,0.3477454565473351,001235_2014-06-17_16-37-36_260595134347_rgbf000084-resize,-3.691648682639576,3.691648682639576,3.6605,14.547706659434104
710702.0,2.5,-0.3480078112569159,0.3480078112569159,000692_2014-06-08_13-09-42_260595134347_rgbf000199-resize,-3.692148682639576,3.692148682639576,3.661,54.80046590295557
710702.0,2.5,-0.6400086030252162,0.6400086030252162,001094_2014-06-15_17-36-00_260595134347_rgbf000205-resize,-4.248648682639576,4.248648682639576,4.2175,17.196771274488466
710702.0,2.5,-0.2018762380179696,0.2018762380179696,000780_2014-06-08_22-28-29_260595134347_rgbf000126-resize,-3.413648682639576,3.413648682639576,3.3825,14.165390776882042
710702.0,2.5,-0.7138334922599109,0.7138334922599109,000470_2014-06-09_19-42-40_260595134347_rgbf000094-resize,-3.1881926007243333,3.1881926007243333,1.831,22.486379427626872
710702.0,2.5,-0.4638094540252356,0.4638094540252356,000109_2014-05-14_23-41-52_260595134347_rgbf000035-resize,-2.7116926007243327,2.7116926007243327,1.3545,6.620498200896815
710702.0,2.5,-0.43862340190505744,0.43862340190505744,002509_2014-06-24_13-19-22_094959634447_rgbf000077-resize,-2.663692600724333,2.663692600724333,1.3065,40.21868783296904
710702.0,2.5,-1.3630381032641552,1.3630381032641552,002784_2014-06-22_19-26-30_094959634447_rgbf000083-resize,-3.824881226433412,3.824881226433412,1.8046666666667,3.0422522474895675
710702.0,2.5,-0.9284396447005931,0.9284396447005931,001100_2014-06-15_17-46-26_260595134347_rgbf000225-resize,-3.597192600724333,3.597192600724333,2.24,9.548860596737413
710702.0,2.5,-0.6199105062284143,0.6199105062284143,000469_2014-06-09_19-42-10_260595134347_rgbf000081-resize,-3.009192600724333,3.009192600724333,1.652,25.13136208408983
710702.0,2.5,-0.4546270391897521,0.4546270391897521,000483_2014-06-09_20-41-45_260595134347_rgbf000116-resize,-2.694192600724333,2.694192600724333,1.337,29.232414989368262
710702.0,2.5,-0.6403741735760624,0.6403741735760624,002964_2014-06-08_17-46-11_094959634447_rgbf000091-resize,-3.0481926007243327,3.0481926007243327,1.6909999999999998,28.953812917975768
710702.0,2.5,-0.07694378833480288,0.07694378833480288,002039_2014-06-24_20-22-38_260595134347_rgbf000084-resize,-3.776126723597197,3.776126723597197,4.408,15.524303639345458
710702.0,2.5,-0.5809787933685632,0.5809787933685632,002103_2014-06-25_20-00-40_260595134347_rgbf000049-resize,-4.136148682639576,4.136148682639576,4.105,11.598018874569219
710702.0,2.5,-2.315560602198071,2.315560602198071,002213_2014-06-28_18-37-58_260595134347_rgbf000055-resize,-5.640214559766713,5.640214559766713,3.62,11.387296889913552
710702.0,2.5,-1.9322087635734984,1.9322087635734984,000691_2014-06-08_13-08-50_260595134347_rgbf000132-resize,-5.510192600724333,5.510192600724333,4.1530000000000005,14.740846212587924
710702.0,2.5,-0.5172265989393615,0.5172265989393615,003621_2014-05-23_18-06-08_094959634447_rgbf000101-resize,-4.014648682639576,4.014648682639576,3.9835,23.07176470133362
710702.0,2.5,-0.942292836387972,0.942292836387972,001584_2014-06-20_11-07-43_260595134347_rgbf000002-resize,-4.224170641681955,4.224170641681955,3.53,17.602834139105468
710702.0,2.5,-0.581869073338565,0.581869073338565,002344_2014-06-28_20-06-29_260595134347_rgbf000030-resize,-2.936692600724333,2.936692600724333,1.5795,37.33165518125916
710702.0,2.5,-0.7190805864516174,0.7190805864516174,000549_2014-06-08_22-10-24_260595134347_rgbf000247-resize,-3.198192600724333,3.198192600724333,1.841,30.99307977870557
710702.0,2.5,-0.2714002360580401,0.2714002360580401,000736_2014-06-08_18-24-15_260595134347_rgbf000206-resize,-3.5461486826395765,3.5461486826395765,3.515,33.408170606136416
710702.0,2.5,-0.4135964886532107,0.4135964886532107,000137_2014-05-20_17-04-49_260595134347_rgbf000120-resize,-3.817148682639576,3.817148682639576,3.786,14.89611111351161
710702.0,2.5,-0.8179883119652305,0.8179883119652305,002905_2014-06-03_18-04-43_094959634447_rgbf000151-resize,-3.386692600724333,3.386692600724333,2.0295,12.020604335789361
710702.0,2.5,-1.4623314787064308,1.4623314787064308,003423_2014-05-21_10-23-26_094959634447_rgbf002665-resize,-4.614692600724333,4.614692600724333,3.2575,35.43119222475438
710702.0,2.5,-1.0141264188936991,1.0141264188936991,003129_2014-05-12_10-48-10_094959634447_rgbf000100-resize,-4.961648682639576,4.961648682639576,4.9305,17.9074543760639
710702.0,2.5,-0.9283364288593452,0.9283364288593452,002988_2014-06-15_12-24-20_094959634447_rgbf000150-resize,-4.798148682639576,4.798148682639576,4.7669999999999995,14.460306569198616
710702.0,2.5,-1.1438328612700273,1.1438328612700273,001214_2014-06-17_16-13-55_260595134347_rgbf000111-resize,-4.007692600724333,4.007692600724333,2.6505,18.479282579459067
710702.0,2.5,-0.35020986477485283,0.35020986477485283,002272_2014-06-28_18-53-56_260595134347_rgbf000067-resize,-2.495192600724333,2.495192600724333,1.138,10.409245808146235
710702.0,2.5,-0.562876318407182,0.562876318407182,000436_2014-06-09_22-25-11_260595134347_rgbf000137-resize,-4.101648682639576,4.101648682639576,4.0705,20.69156545677159
710702.0,2.5,-0.06697430937056625,0.06697430937056625,002444_2014-06-28_20-32-08_260595134347_rgbf000027-resize,-3.757126723597196,3.757126723597196,4.388999999999999,17.102760279009576
710702.0,2.5,-1.962904264594959,1.962904264594959,001133_2014-06-17_14-49-16_260595134347_rgbf000100-resize,-5.568692600724334,5.568692600724334,4.2115,26.759918254713728
710702.0,2.5,-1.0593030368629668,1.0593030368629668,001132_2014-06-17_14-48-54_260595134347_rgbf000100-resize,-4.4471706416819545,4.4471706416819545,3.753,14.398279213278778
710702.0,2.5,-0.2010891738892094,0.2010891738892094,000758_2014-06-08_22-05-08_260595134347_rgbf000085-resize,-3.412148682639576,3.412148682639576,3.3810000000000002,11.91317737826679
710702.0,2.5,-1.362899043773648,1.362899043773648,000854_2014-06-09_19-43-13_260595134347_rgbf000066-resize,-4.4251926007243325,4.4251926007243325,3.068,11.910827625938722
710702.0,2.5,-0.3252345594436337,0.3252345594436337,001164_2014-06-17_15-35-46_260595134347_rgbf000085-resize,-3.048170641681955,3.048170641681955,2.354,17.325668807481115
710702.0,2.5,-0.3034075106274419,0.3034075106274419,002660_2014-06-13_15-44-18_094959634447_rgbf001878-resize,-3.607148682639576,3.607148682639576,3.576,15.11997681444361
710702.0,2.5,-1.6074136331070363,1.6074136331070363,000739_2014-06-08_18-45-58_260595134347_rgbf000068-resize,-4.891192600724333,4.891192600724333,3.534,8.164356963721069
710702.0,2.5,-0.9974389333214964,0.9974389333214964,000522_2014-06-08_13-35-06_260595134347_rgbf000244-resize,-3.728692600724333,3.728692600724333,2.3715,25.742609854068213
710702.0,2.5,-0.7455784121197208,0.7455784121197208,002949_2014-06-26_15-57-42_094959634447_rgbf000079-resize,-3.248692600724333,3.248692600724333,1.8915,17.99500168321199
710702.0,2.5,-1.272962986306562,1.272962986306562,001555_2014-06-20_17-12-10_260595134347_rgbf000065-resize,-3.653214559766712,3.653214559766712,1.633,7.608284543781994
710702.0,2.5,-1.8273700955806709,1.8273700955806709,003534_2014-05-22_15-06-10_094959634447_rgbf000102-resize,-4.109236518809092,4.109236518809092,1.426,12.376994007247625
710702.0,2.5,-1.4631701507558146,1.4631701507558146,002637_2014-06-24_14-51-13_094959634447_rgbf000066-resize,-4.015714559766712,4.015714559766712,1.9955,10.972027795242447
710702.0,2.5,-1.036426569208429,1.036426569208429,000773_2014-06-08_22-24-54_260595134347_rgbf000093-resize,-5.004148682639576,5.004148682639576,4.973,21.45352631724976
710702.0,2.5,-0.053331864472140215,0.053331864472140215,002414_2014-06-28_20-24-58_260595134347_rgbf000067-resize,-3.731126723597197,3.731126723597197,4.363,31.720662178139435
710702.0,2.5,-1.0221002760224978,1.0221002760224978,001059_2014-06-08_21-53-27_260595134347_rgbf000061-resize,-3.7756926007243328,3.7756926007243328,2.4185,8.755513319222857
710702.0,2.5,-0.107901644065847,0.107901644065847,001570_2014-06-20_17-21-09_260595134347_rgbf000135-resize,-3.8351267235971966,3.8351267235971966,4.467,22.179510675592084
710702.0,2.5,-0.7772201161382778,0.7772201161382778,000447_2014-06-08_16-15-46_260595134347_rgbf000130-resize,-4.510148682639576,4.510148682639576,4.479,19.081432914605553
710702.0,2.5,-0.5981630268463837,0.5981630268463837,001447_2014-06-19_17-00-32_260595134347_rgbf000082-resize,-4.168898682639576,4.168898682639576,4.13775,46.830399423560245
710702.0,2.5,-0.19447869822895406,0.19447869822895406,000742_2014-06-08_18-48-09_260595134347_rgbf000164-resize,-4.000126723597197,4.000126723597197,4.632,18.91549953899407
710702.0,2.5,-0.006159624667428335,0.006159624667428335,002630_2014-06-24_14-47-50_094959634447_rgbf000055-resize,-3.0406486826395764,3.0406486826395764,3.0095,10.661401196716628
710702.0,2.5,-1.185809614803656,1.185809614803656,001806_2014-06-26_20-50-20_260595134347_rgbf000091-resize,-4.087692600724333,4.087692600724333,2.7305,13.909869710567438
710702.0,2.5,-0.23204702962026802,0.23204702962026802,000493_2014-06-09_21-01-18_260595134347_rgbf000196-resize,-3.4711486826395763,3.4711486826395763,3.44,19.629285382994567
710702.0,2.5,-0.5565798053771321,0.5565798053771321,000506_2014-06-08_23-21-00_260595134347_rgbf000070-resize,-4.089648682639576,4.089648682639576,4.0585,16.716212007621664
710702.0,2.5,-0.5999199403793171,0.5999199403793171,003079_2014-06-15_15-18-20_094959634447_rgbf000152-resize,-3.571670641681955,3.571670641681955,2.8775,9.032134209869396
710702.0,2.5,-0.23834354265031185,0.23834354265031185,001449_2014-06-19_17-01-27_260595134347_rgbf000116-resize,-3.4831486826395763,3.4831486826395763,3.452,8.994872108877228
710702.0,2.5,-1.1999767691212495,1.1999767691212495,002600_2014-06-24_14-27-04_094959634447_rgbf000074-resize,-4.114692600724333,4.114692600724333,2.7575,44.47386082434929
710702.0,2.5,-0.7857186826862517,0.7857186826862517,003228_2014-05-14_13-42-35_094959634447_rgbf000101-resize,-3.325192600724333,3.325192600724333,1.9680000000000002,14.40337638638131
710702.0,2.5,-0.2962723255480172,0.2962723255480172,001828_2014-06-26_21-40-03_260595134347_rgbf000024-resize,-4.194126723597198,4.194126723597198,4.8260000000000005,35.55232951340613
710702.0,2.5,-0.2561320549814835,0.2561320549814835,002663_2014-06-13_15-50-26_094959634447_rgbf000075-resize,-4.117626723597198,4.117626723597198,4.7495,16.725954086732166
710702.0,2.5,-0.3860492441467698,0.3860492441467698,000409_2014-06-04_19-23-33_260595134347_rgbf000067-resize,-3.764648682639576,3.764648682639576,3.7335,12.696549983566419
710702.0,2.5,-1.1663953662943438,1.1663953662943438,001092_2014-06-15_17-34-58_260595134347_rgbf000171-resize,-4.050692600724333,4.050692600724333,2.6935,9.164038324933468
710702.0,2.5,-0.4651212275731604,0.4651212275731604,003587_2014-05-23_16-48-02_094959634447_rgbf002384-resize,-2.714192600724333,2.714192600724333,1.357,20.788172722830538
237101.0,2.5,-0.8663260029673995,0.8663260029673995,001029_2014-06-08_13-17-57_260595134347_rgbf000065-resize,-3.9359865639209404,3.9359865639209404,3.0835,18.209734661918688
237101.0,2.5,-0.6628450802327307,0.6628450802327307,000677_2014-06-08_23-10-32_260595134347_rgbf000158-resize,-3.9570804406282782,3.9570804406282782,3.556,19.65196273325612
237101.0,2.5,-0.9489394159863704,0.9489394159863704,001650_2014-06-20_12-09-00_260595134347_rgbf000087-resize,-3.4800957488599327,3.4800957488599327,1.9505,47.6804595860539
237101.0,2.5,-0.3201034976110509,0.3201034976110509,001244_2014-06-17_16-47-45_260595134347_rgbf000030-resize,-2.89498656392094,2.89498656392094,2.0425,6.7629638807870815
237101.0,2.5,-0.3270027314633384,0.3270027314633384,003495_2014-05-21_16-01-51_094959634447_rgbf000100-resize,-2.703689625567271,2.703689625567271,1.6255,12.747278812179
237101.0,2.5,-0.17531201842039265,0.17531201842039265,000665_2014-06-09_20-42-35_260595134347_rgbf000110-resize,-3.2323773789819468,3.2323773789819468,3.057,18.49880761375764
237101.0,2.5,-0.9049984771798556,0.9049984771798556,002375_2014-06-28_20-13-44_260595134347_rgbf000032-resize,-4.418580440628278,4.418580440628278,4.0175,48.76103649676905
237101.0,2.5,-0.3789772844615612,0.3789772844615612,002568_2014-06-24_13-59-21_094959634447_rgbf000062-resize,-3.4160804406282783,3.4160804406282783,3.015,29.63840999388049
237101.0,2.5,-0.26653344595295586,0.26653344595295586,000692_2014-06-08_13-09-42_260595134347_rgbf000199-resize,-3.610674317335616,3.610674317335616,3.661,54.80046590295557
237101.0,2.5,-0.12040187271400955,0.12040187271400955,000780_2014-06-08_22-28-29_260595134347_rgbf000126-resize,-3.332174317335616,3.332174317335616,3.3825,14.165390776882042
237101.0,2.5,-0.209127455456518,0.209127455456518,000470_2014-06-09_19-42-40_260595134347_rgbf000094-resize,-2.68348656392094,2.68348656392094,1.831,22.486379427626872
237101.0,2.5,-0.6110265500406573,0.6110265500406573,002509_2014-06-24_13-19-22_094959634447_rgbf000077-resize,-2.836095748859933,2.836095748859933,1.3065,40.21868783296904
237101.0,2.5,-0.3624206172573432,0.3624206172573432,003338_2014-05-20_11-01-23_094959634447_rgbf000051-resize,-2.7711896255672714,2.7711896255672714,1.693,28.251495663089063
237101.0,2.5,-0.19531010741838276,0.19531010741838276,002784_2014-06-22_19-26-30_094959634447_rgbf000083-resize,-2.65715323058764,2.65715323058764,1.8046666666667,3.0422522474895675
237101.0,2.5,-0.8751397311898621,0.8751397311898621,001100_2014-06-15_17-46-26_260595134347_rgbf000225-resize,-3.543892687213602,3.543892687213602,2.24,9.548860596737413
237101.0,2.5,-0.11520446942502127,0.11520446942502127,000469_2014-06-09_19-42-10_260595134347_rgbf000081-resize,-2.5044865639209397,2.5044865639209397,1.652,25.13136208408983
237101.0,2.5,-0.8127773217116623,0.8127773217116623,002964_2014-06-08_17-46-11_094959634447_rgbf000091-resize,-3.2205957488599326,3.2205957488599326,1.6909999999999998,28.953812917975768
237101.0,2.5,-1.402316674649927,1.402316674649927,002103_2014-06-25_20-00-40_260595134347_rgbf000049-resize,-4.9574865639209404,4.9574865639209404,4.105,11.598018874569219
237101.0,2.5,-0.07328435689211976,0.07328435689211976,000691_2014-06-08_13-08-50_260595134347_rgbf000132-resize,-3.651268194042955,3.651268194042955,4.1530000000000005,14.740846212587924
237101.0,2.5,-0.0761419381971897,0.0761419381971897,000929_2014-06-09_16-33-19_260595134347_rgbf000139-resize,-3.043377378981948,3.043377378981948,2.8680000000000003,19.501338012209015
237101.0,2.5,-0.2602369329229136,0.2602369329229136,000457_2014-06-08_16-52-43_260595134347_rgbf000199-resize,-3.5986743173356164,3.5986743173356164,3.6489999999999996,14.067279821032837
237101.0,2.5,-0.19779651204163326,0.19779651204163326,001584_2014-06-20_11-07-43_260595134347_rgbf000002-resize,-3.479674317335616,3.479674317335616,3.53,17.602834139105468
237101.0,2.5,-0.2889896190738518,0.2889896190738518,002043_2014-06-24_20-29-38_260595134347_rgbf000039-resize,-3.2445804406282783,3.2445804406282783,2.8435,8.475049543704081
237101.0,2.5,-0.4462464220188045,0.4462464220188045,003048_2014-06-15_13-49-43_094959634447_rgbf000150-resize,-3.953174317335616,3.953174317335616,4.0035,24.355606534500392
237101.0,2.5,-0.17441862238819714,0.17441862238819714,002725_2014-06-22_11-47-51_094959634447_rgbf000070-resize,-2.8217835022746085,2.8217835022746085,2.195,3.938570017428758
237101.0,2.5,-0.7542722214741648,0.7542722214741648,002344_2014-06-28_20-06-29_260595134347_rgbf000030-resize,-3.109095748859933,3.109095748859933,1.5795,37.33165518125916
237101.0,2.5,-0.8914837345872173,0.8914837345872173,000549_2014-06-08_22-10-24_260595134347_rgbf000247-resize,-3.370595748859933,3.370595748859933,1.841,30.99307977870557
237101.0,2.5,-0.6413319940467422,0.6413319940467422,000736_2014-06-08_18-24-15_260595134347_rgbf000206-resize,-3.9160804406282783,3.9160804406282783,3.515,33.408170606136416
237101.0,2.5,-0.08322551535599396,0.08322551535599396,000642_2014-06-08_16-59-25_260595134347_rgbf000098-resize,-3.0568773789819472,3.0568773789819472,2.8815,31.36214301237791
237101.0,2.5,-0.3898401594579915,0.3898401594579915,002425_2014-06-28_20-27-29_260595134347_rgbf000031-resize,-3.845674317335616,3.845674317335616,3.8960000000000004,8.40495801096819
237101.0,2.5,-0.19401721420401674,0.19401721420401674,001056_2014-06-08_18-46-44_260595134347_rgbf000068-resize,-3.0635804406282783,3.0635804406282783,2.6625,11.38594592369452
237101.0,2.5,-0.972813694558622,0.972813694558622,002199_2014-06-28_18-33-56_260595134347_rgbf000074-resize,-3.525595748859933,3.525595748859933,1.996,17.12852126070164
237101.0,2.5,-0.2879118797351465,0.2879118797351465,002953_2014-06-08_17-32-18_094959634447_rgbf000059-resize,-2.629189625567271,2.629189625567271,1.551,13.905027931093345
237101.0,2.5,-0.3132822751618375,0.3132822751618375,002905_2014-06-03_18-04-43_094959634447_rgbf000151-resize,-2.88198656392094,2.88198656392094,2.0295,12.020604335789361
237101.0,2.5,-0.029839807004415575,0.029839807004415575,003129_2014-05-12_10-48-10_094959634447_rgbf000100-resize,-3.977362070750293,3.977362070750293,4.9305,17.9074543760639
237101.0,2.5,-0.6211590019090543,0.6211590019090543,002988_2014-06-15_12-24-20_094959634447_rgbf000150-resize,-4.490971255689286,4.490971255689286,4.7669999999999995,14.460306569198616
237101.0,2.5,-0.047835950062348635,0.047835950062348635,001052_2014-06-08_18-24-54_260595134347_rgbf000130-resize,-3.6027681940429543,3.6027681940429543,4.1045,25.87613690895519
237101.0,2.5,-0.02836506055233201,0.02836506055233201,000810_2014-06-08_17-20-01_260595134347_rgbf000105-resize,-2.33898656392094,2.33898656392094,1.4865,3.0958890116960642
237101.0,2.5,-0.18772070117397224,0.18772070117397224,001214_2014-06-17_16-13-55_260595134347_rgbf000111-resize,-3.0515804406282783,3.0515804406282783,2.6505,18.479282579459067
237101.0,2.5,-0.5226130129104527,0.5226130129104527,002272_2014-06-28_18-53-56_260595134347_rgbf000067-resize,-2.6675957488599327,2.6675957488599327,1.138,10.409245808146235
237101.0,2.5,-0.6757501519051256,0.6757501519051256,001571_2014-06-20_17-21-32_260595134347_rgbf000089-resize,-3.163892687213602,3.163892687213602,1.86,4.991960350191473
237101.0,2.5,-0.6485219031089853,0.6485219031089853,002444_2014-06-28_20-32-08_260595134347_rgbf000027-resize,-4.338674317335615,4.338674317335615,4.388999999999999,17.102760279009576
237101.0,2.5,-0.3148067125166281,0.3148067125166281,001132_2014-06-17_14-48-54_260595134347_rgbf000100-resize,-3.702674317335617,3.702674317335617,3.753,14.398279213278778
237101.0,2.5,-0.1147080805062168,0.1147080805062168,003070_2014-06-15_14-58-27_094959634447_rgbf000150-resize,-3.1168773789819477,3.1168773789819477,2.9415,10.664823740812926
237101.0,2.5,-0.7368787992384653,0.7368787992384653,000943_2014-06-09_19-31-07_260595134347_rgbf000128-resize,-3.280392687213602,3.280392687213602,1.9765,15.893099149291922
237101.0,2.5,-0.194435591719748,0.194435591719748,000709_2014-06-08_13-51-55_260595134347_rgbf000068-resize,-2.65548656392094,2.65548656392094,1.8030000000000002,14.429351101546246
237101.0,2.5,-1.083896068616586,1.083896068616586,000854_2014-06-09_19-43-13_260595134347_rgbf000066-resize,-4.146189625567271,4.146189625567271,3.068,11.910827625938722
237101.0,2.5,-0.5627816039773418,0.5627816039773418,002153_2014-06-25_21-27-18_260595134347_rgbf000038-resize,-3.3574865639209404,3.3574865639209404,2.505,17.28886317575377
237101.0,2.5,-0.2219331453234819,0.2219331453234819,002660_2014-06-13_15-44-18_094959634447_rgbf001878-resize,-3.5256743173356164,3.5256743173356164,3.576,15.11997681444361
237101.0,2.5,-0.4958314621304061,0.4958314621304061,000734_2014-06-08_17-39-11_260595134347_rgbf000128-resize,-4.047674317335616,4.047674317335616,4.098,16.052231618370055
237101.0,2.5,-1.1698420814570962,1.1698420814570962,000522_2014-06-08_13-35-06_260595134347_rgbf000244-resize,-3.901095748859933,3.901095748859933,2.3715,25.742609854068213
237101.0,2.5,-0.24087237531632774,0.24087237531632774,002949_2014-06-26_15-57-42_094959634447_rgbf000079-resize,-2.74398656392094,2.74398656392094,1.8915,17.99500168321199
237101.0,2.5,-0.09663392604519204,0.09663392604519204,002989_2014-06-15_12-25-03_094959634447_rgbf000150-resize,-3.6957681940429534,3.6957681940429534,4.1975,27.906783421951957
237101.0,2.5,-0.2584784613588971,0.2584784613588971,000866_2014-06-09_20-45-42_260595134347_rgbf000139-resize,-3.3908773789819477,3.3908773789819477,3.2155,8.082259189449621
237101.0,2.5,-0.3309380521071207,0.3309380521071207,001555_2014-06-20_17-12-10_260595134347_rgbf000065-resize,-2.711189625567271,2.711189625567271,1.633,7.608284543781994
237101.0,2.5,-0.4480262639851824,0.4480262639851824,003534_2014-05-22_15-06-10_094959634447_rgbf000102-resize,-2.729892687213602,2.729892687213602,1.426,12.376994007247625
237101.0,2.5,-0.11756566181128902,0.11756566181128902,001016_2014-06-09_16-16-10_260595134347_rgbf000112-resize,-2.5089865639209403,2.5089865639209403,1.6565,7.049977084494088
237101.0,2.5,-0.1834733349178974,0.1834733349178974,002414_2014-06-28_20-24-58_260595134347_rgbf000067-resize,-3.861268194042955,3.861268194042955,4.363,31.720662178139435
237101.0,2.5,-0.517394239219105,0.517394239219105,001059_2014-06-08_21-53-27_260595134347_rgbf000061-resize,-3.2709865639209403,3.2709865639209403,2.4185,8.755513319222857
237101.0,2.5,-0.5140899598979299,0.5140899598979299,001032_2014-06-08_13-23-17_260595134347_rgbf000021-resize,-3.673580440628278,3.673580440628278,3.2725,15.984983178828962
237101.0,2.5,-0.3980511668582054,0.3980511668582054,003292_2014-05-14_21-53-49_094959634447_rgbf000100-resize,-3.6568773789819473,3.6568773789819473,3.4815,33.084282711345374
237101.0,2.5,-0.018636565895324808,0.018636565895324808,000447_2014-06-08_16-15-46_260595134347_rgbf000130-resize,-3.7515651323966233,3.7515651323966233,4.479,19.081432914605553
237101.0,2.5,-0.9680947848350856,0.9680947848350856,001447_2014-06-19_17-00-32_260595134347_rgbf000082-resize,-4.538830440628279,4.538830440628279,4.13775,46.830399423560245
237101.0,2.5,-0.3633140132895334,0.3633140132895334,002758_2014-06-22_19-11-20_094959634447_rgbf000128-resize,-3.1817835022746093,3.1817835022746093,2.555,7.204478276142114
237101.0,2.5,-0.4742617349437024,0.4742617349437024,002549_2014-06-24_13-41-39_094959634447_rgbf000022-resize,-2.7798926872136023,2.7798926872136023,1.476,4.1736441355391865
237101.0,2.5,-0.5239531069587354,0.5239531069587354,000502_2014-06-08_23-02-32_260595134347_rgbf000063-resize,-3.28348656392094,3.28348656392094,2.431,13.897287578908273
237101.0,2.5,-0.6811035780002629,0.6811035780002629,001806_2014-06-26_20-50-20_260595134347_rgbf000091-resize,-3.58298656392094,3.58298656392094,2.7305,13.909869710567438
237101.0,2.5,-0.8339783622853447,0.8339783622853447,001449_2014-06-19_17-01-27_260595134347_rgbf000116-resize,-4.078783502274608,4.078783502274608,3.452,8.994872108877228
237101.0,2.5,-0.4500068395228734,0.4500068395228734,001450_2014-06-19_17-02-03_260595134347_rgbf000203-resize,-3.960340984002317,3.960340984002317,4.0106666666667,12.34882649363641
237101.0,2.5,-0.2438646090251949,0.2438646090251949,002600_2014-06-24_14-27-04_094959634447_rgbf000074-resize,-3.1585804406282785,3.1585804406282785,2.7575,44.47386082434929
237101.0,2.5,-0.5067157075291897,0.5067157075291897,003228_2014-05-14_13-42-35_094959634447_rgbf000101-resize,-3.046189625567272,3.046189625567272,1.9680000000000002,14.40337638638131
237101.0,2.5,-0.5528121250131034,0.5528121250131034,000368_2014-06-09_15-53-01_260595134347_rgbf000155-resize,-3.33848656392094,3.33848656392094,2.4859999999999998,21.090700959072958
237101.0,2.5,-0.16812210935815394,0.16812210935815394,002678_2014-06-13_16-15-32_094959634447_rgbf000151-resize,-2.8097835022746094,2.8097835022746094,2.1830000000000003,32.96558503300821
237101.0,2.5,-0.13186399348368494,0.13186399348368494,002763_2014-06-22_19-13-10_094959634447_rgbf000075-resize,-2.5362365639209403,2.5362365639209403,1.68375,5.5919783591245595
237101.0,2.5,-0.3277117841890206,0.3277117841890206,002209_2014-06-28_18-36-10_260595134347_rgbf000051-resize,-2.90948656392094,2.90948656392094,2.057,12.962068825921264
237101.0,2.5,-0.4264137959937744,0.4264137959937744,001828_2014-06-26_21-40-03_260595134347_rgbf000024-resize,-4.324268194042955,4.324268194042955,4.8260000000000005,35.55232951340613
237101.0,2.5,-0.14642467986566132,0.14642467986566132,001110_2014-06-15_17-25-28_260595134347_rgbf000150-resize,-2.56398656392094,2.56398656392094,1.7115,9.336195527413247
237101.0,2.5,-0.9152303108536756,0.9152303108536756,002570_2014-06-24_13-59-54_094959634447_rgbf000059-resize,-4.438080440628278,4.438080440628278,4.037,41.596140375002705
237101.0,2.5,-0.4302924756368259,0.4302924756368259,001810_2014-06-26_20-51-35_260595134347_rgbf000040-resize,-3.10498656392094,3.10498656392094,2.2525,22.411391411207674
237101.0,2.5,-0.5302779404891409,0.5302779404891409,000409_2014-06-04_19-23-33_260595134347_rgbf000067-resize,-3.9088773789819466,3.9088773789819466,3.7335,12.696549983566419
237101.0,2.5,-0.09458477927123432,0.09458477927123432,001011_2014-06-08_23-18-54_260595134347_rgbf000044-resize,-2.8740804406282785,2.8740804406282785,2.4730000000000003,11.624075606213012
237101.0,2.5,-0.732156414465934,0.732156414465934,002875_2014-06-01_15-19-00_094959634447_rgbf000151-resize,-3.271392687213602,3.271392687213602,1.9675,11.625680938349673
237101.0,2.5,-0.4359862678446198,0.4359862678446198,001092_2014-06-15_17-34-58_260595134347_rgbf000171-resize,-3.3202835022746084,3.3202835022746084,2.6935,9.164038324933468
237101.0,2.5,-0.4450623507766749,0.4450623507766749,001167_2014-06-17_15-38-07_260595134347_rgbf000108-resize,-2.9286896255672716,2.9286896255672716,1.8505,12.019050657019696
237101.0,2.5,-0.6375243757087603,0.6375243757087603,003587_2014-05-23_16-48-02_094959634447_rgbf002384-resize,-2.886595748859933,2.886595748859933,1.357,20.788172722830538
230527.0,2.5,-0.30048737526377645,0.30048737526377645,000682_2014-06-08_23-14-58_260595134347_rgbf000041-resize,-3.1992809724090683,3.1992809724090683,2.7239999999999998,8.707843071693064
230527.0,2.5,-0.4755236058132528,0.4755236058132528,001650_2014-06-20_12-09-00_260595134347_rgbf000087-resize,-3.0066799386868155,3.0066799386868155,1.9505,47.6804595860539
230527.0,2.5,-0.30499304458288257,0.30499304458288257,003495_2014-05-21_16-01-51_094959634447_rgbf000100-resize,-2.6816799386868158,2.6816799386868158,1.6255,12.747278812179
230527.0,2.5,-0.11572120083158438,0.11572120083158438,001150_2014-06-17_15-27-34_260595134347_rgbf000108-resize,-3.6364325229924446,3.6364325229924446,4.0325,11.088139074292139
230527.0,2.5,-0.1847661287086386,0.1847661287086386,000665_2014-06-09_20-42-35_260595134347_rgbf000110-resize,-3.2418314892701936,3.2418314892701936,3.057,18.49880761375764
230527.0,2.5,-0.10785055954402263,0.10785055954402263,002375_2014-06-28_20-13-44_260595134347_rgbf000032-resize,-3.621432522992445,3.621432522992445,4.0175,48.76103649676905
230527.0,2.5,-0.3432283732980814,0.3432283732980814,000788_2014-06-08_22-34-36_260595134347_rgbf000131-resize,-3.5438314892701936,3.5438314892701936,3.359,21.46386213810664
230527.0,2.5,-0.5014282631779521,0.5014282631779521,001235_2014-06-17_16-37-36_260595134347_rgbf000084-resize,-3.8453314892701935,3.8453314892701935,3.6605,14.547706659434104
230527.0,2.5,-0.2127924433780852,0.2127924433780852,001094_2014-06-15_17-36-00_260595134347_rgbf000205-resize,-3.8214325229924455,3.8214325229924455,4.2175,17.196771274488466
230527.0,2.5,-0.06510956150971274,0.06510956150971274,000780_2014-06-08_22-28-29_260595134347_rgbf000126-resize,-3.2768820061313186,3.2768820061313186,3.3825,14.165390776882042
230527.0,2.5,-0.45324627512659205,0.45324627512659205,000109_2014-05-14_23-41-52_260595134347_rgbf000035-resize,-2.70112942182569,2.70112942182569,1.3545,6.620498200896815
230527.0,2.5,-0.4280602230064139,0.4280602230064139,002509_2014-06-24_13-19-22_094959634447_rgbf000077-resize,-2.65312942182569,2.65312942182569,1.3065,40.21868783296904
230527.0,2.5,-0.3404109303768874,0.3404109303768874,003338_2014-05-20_11-01-23_094959634447_rgbf000051-resize,-2.7491799386868148,2.7491799386868148,1.693,28.251495663089063
230527.0,2.5,-0.399003482184258,0.399003482184258,002784_2014-06-22_19-26-30_094959634447_rgbf000083-resize,-2.8608466053535158,2.8608466053535158,1.8046666666667,3.0422522474895675
230527.0,2.5,-0.9178764658019496,0.9178764658019496,001100_2014-06-15_17-46-26_260595134347_rgbf000225-resize,-3.58662942182569,3.58662942182569,2.24,9.548860596737413
230527.0,2.5,-0.3188978441908965,0.3188978441908965,000469_2014-06-09_19-42-10_260595134347_rgbf000081-resize,-2.7081799386868157,2.7081799386868157,1.652,25.13136208408983
230527.0,2.5,-0.44406386029110856,0.44406386029110856,000483_2014-06-09_20-41-45_260595134347_rgbf000116-resize,-2.6836294218256898,2.6836294218256898,1.337,29.232414989368262
230527.0,2.5,-0.6298109946774189,0.6298109946774189,002964_2014-06-08_17-46-11_094959634447_rgbf000091-resize,-3.0376294218256894,3.0376294218256894,1.6909999999999998,28.953812917975768
230527.0,2.5,-0.4789342170378577,0.4789342170378577,002136_2014-06-25_21-18-03_260595134347_rgbf000109-resize,-3.0131799386868154,3.0131799386868154,1.9569999999999999,13.297078442475444
230527.0,2.5,-0.15376263372143212,0.15376263372143212,002103_2014-06-25_20-00-40_260595134347_rgbf000049-resize,-3.7089325229924457,3.7089325229924457,4.105,11.598018874569219
230527.0,2.5,-0.480177531701552,0.480177531701552,002213_2014-06-28_18-37-58_260595134347_rgbf000055-resize,-3.804831489270193,3.804831489270193,3.62,11.387296889913552
230527.0,2.5,-1.0502971352582329,1.0502971352582329,000691_2014-06-08_13-08-50_260595134347_rgbf000132-resize,-4.628280972409068,4.628280972409068,4.1530000000000005,14.740846212587924
230527.0,2.5,-0.4953941048574906,0.4953941048574906,000457_2014-06-08_16-52-43_260595134347_rgbf000199-resize,-3.833831489270193,3.833831489270193,3.6489999999999996,14.067279821032837
230527.0,2.5,-0.5318652364322688,0.5318652364322688,002279_2014-06-28_18-55-32_260595134347_rgbf000040-resize,-2.8509627551589896,2.8509627551589896,1.5043333333333,15.963772282558683
230527.0,2.5,-0.022916092522655473,0.022916092522655473,002725_2014-06-22_11-47-51_094959634447_rgbf000070-resize,-2.670280972409067,2.670280972409067,2.195,3.938570017428758
230527.0,2.5,-0.8617553775787954,0.8617553775787954,002344_2014-06-28_20-06-29_260595134347_rgbf000030-resize,-3.2165789049645634,3.2165789049645634,1.5795,37.33165518125916
230527.0,2.5,-0.7085174075529739,0.7085174075529739,000549_2014-06-08_22-10-24_260595134347_rgbf000247-resize,-3.1876294218256893,3.1876294218256893,1.841,30.99307977870557
230527.0,2.5,-0.4250830426886572,0.4250830426886572,000736_2014-06-08_18-24-15_260595134347_rgbf000206-resize,-3.699831489270193,3.699831489270193,3.515,33.408170606136416
230527.0,2.5,-0.3831291087831141,0.3831291087831141,000642_2014-06-08_16-59-25_260595134347_rgbf000098-resize,-3.356780972409068,3.356780972409068,2.8815,31.36214301237791
230527.0,2.5,-0.7898473675243785,0.7898473675243785,002199_2014-06-28_18-33-56_260595134347_rgbf000074-resize,-3.3426294218256896,3.3426294218256896,1.996,17.12852126070164
230527.0,2.5,-0.4869759345226929,0.4869759345226929,000917_2014-06-09_22-45-29_260595134347_rgbf000149-resize,-4.0808820061313185,4.0808820061313185,4.1865,9.740561609074897
230527.0,2.5,-0.26590219285469074,0.26590219285469074,002953_2014-06-08_17-32-18_094959634447_rgbf000059-resize,-2.6071799386868157,2.6071799386868157,1.551,13.905027931093345
230527.0,2.5,-0.22652616678883866,0.22652616678883866,002905_2014-06-03_18-04-43_094959634447_rgbf000151-resize,-2.7952304555479413,2.7952304555479413,2.0295,12.020604335789361
230527.0,2.5,-0.27129754361558506,0.27129754361558506,000414_2014-06-04_19-49-13_260595134347_rgbf000044-resize,-3.9329325229924446,3.9329325229924446,4.329,13.241348366125557
230527.0,2.5,-0.006011292968820192,0.006011292968820192,003129_2014-05-12_10-48-10_094959634447_rgbf000100-resize,-3.9535335567146976,3.9535335567146976,4.9305,17.9074543760639
230527.0,2.5,-1.953367684906584,1.953367684906584,002988_2014-06-15_12-24-20_094959634447_rgbf000150-resize,-5.823179938686817,5.823179938686817,4.7669999999999995,14.460306569198616
230527.0,2.5,-0.2619212329547613,0.2619212329547613,001214_2014-06-17_16-13-55_260595134347_rgbf000111-resize,-3.125780972409068,3.125780972409068,2.6505,18.479282579459067
230527.0,2.5,-0.3396466858762093,0.3396466858762093,002272_2014-06-28_18-53-56_260595134347_rgbf000067-resize,-2.484629421825689,2.484629421825689,1.138,10.409245808146235
230527.0,2.5,-0.4280374033783389,0.4280374033783389,001571_2014-06-20_17-21-32_260595134347_rgbf000089-resize,-2.9161799386868155,2.9161799386868155,1.86,4.991960350191473
230527.0,2.5,-0.20964418686307112,0.20964418686307112,001133_2014-06-17_14-49-16_260595134347_rgbf000100-resize,-3.815432522992445,3.815432522992445,4.2115,26.759918254713728
230527.0,2.5,-0.41461167393333703,0.41461167393333703,003070_2014-06-15_14-58-27_094959634447_rgbf000150-resize,-3.416780972409067,3.416780972409067,2.9415,10.664823740812926
230527.0,2.5,-0.4891660507116786,0.4891660507116786,000943_2014-06-09_19-31-07_260595134347_rgbf000128-resize,-3.0326799386868157,3.0326799386868157,1.9765,15.893099149291922
230527.0,2.5,-0.4279917641221764,0.4279917641221764,002057_2014-06-24_21-00-13_260595134347_rgbf000120-resize,-3.4422809724090677,3.4422809724090677,2.967,10.990036854719376
230527.0,2.5,-0.3981289664856232,0.3981289664856232,000709_2014-06-08_13-51-55_260595134347_rgbf000068-resize,-2.8591799386868155,2.8591799386868155,1.8030000000000002,14.429351101546246
230527.0,2.5,-0.06432249738095258,0.06432249738095258,000758_2014-06-08_22-05-08_260595134347_rgbf000085-resize,-3.275382006131319,3.275382006131319,3.3810000000000002,11.91317737826679
230527.0,2.5,-1.06188638173613,1.06188638173613,000854_2014-06-09_19-43-13_260595134347_rgbf000066-resize,-4.124179938686815,4.124179938686815,3.068,11.910827625938722
230527.0,2.5,-1.0214381172038574,1.0214381172038574,000734_2014-06-08_17-39-11_260595134347_rgbf000128-resize,-4.573280972409068,4.573280972409068,4.098,16.052231618370055
230527.0,2.5,-0.9868757544228528,0.9868757544228528,000522_2014-06-08_13-35-06_260595134347_rgbf000244-resize,-3.7181294218256897,3.7181294218256897,2.3715,25.742609854068213
230527.0,2.5,-0.44456575008220295,0.44456575008220295,002949_2014-06-26_15-57-42_094959634447_rgbf000079-resize,-2.9476799386868158,2.9476799386868158,1.8915,17.99500168321199
230527.0,2.5,-0.8488315379248911,0.8488315379248911,000866_2014-06-09_20-45-42_260595134347_rgbf000139-resize,-3.981230455547941,3.981230455547941,3.2155,8.082259189449621
230527.0,2.5,-0.3089283652266649,0.3089283652266649,001555_2014-06-20_17-12-10_260595134347_rgbf000065-resize,-2.689179938686816,2.689179938686816,1.633,7.608284543781994
230527.0,2.5,-0.4907629985972699,0.4907629985972699,003534_2014-05-22_15-06-10_094959634447_rgbf000102-resize,-2.7726294218256893,2.7726294218256893,1.426,12.376994007247625
230527.0,2.5,-0.2086860465370436,0.2086860465370436,002637_2014-06-24_14-51-13_094959634447_rgbf000066-resize,-2.761230455547941,2.761230455547941,1.9955,10.972027795242447
230527.0,2.5,-1.1901093758390455,1.1901093758390455,000773_2014-06-08_22-24-54_260595134347_rgbf000093-resize,-5.157831489270194,5.157831489270194,4.973,21.45352631724976
230527.0,2.5,-0.8700366301451363,0.8700366301451363,002414_2014-06-28_20-24-58_260595134347_rgbf000067-resize,-4.547831489270194,4.547831489270194,4.363,31.720662178139435
230527.0,2.5,-0.4306381308461061,0.4306381308461061,001059_2014-06-08_21-53-27_260595134347_rgbf000061-resize,-3.1842304555479415,3.1842304555479415,2.4185,8.755513319222857
230527.0,2.5,-0.588290491678719,0.588290491678719,001032_2014-06-08_13-23-17_260595134347_rgbf000021-resize,-3.747780972409068,3.747780972409068,3.2725,15.984983178828962
230527.0,2.5,-0.6979547602853255,0.6979547602853255,003292_2014-05-14_21-53-49_094959634447_rgbf000100-resize,-3.9567809724090672,3.9567809724090672,3.4815,33.084282711345374
230527.0,2.5,-0.3437074434610951,0.3437074434610951,001570_2014-06-20_17-21-09_260595134347_rgbf000135-resize,-4.070932522992445,4.070932522992445,4.467,22.179510675592084
230527.0,2.5,-0.7504028825742832,0.7504028825742832,001392_2014-06-19_16-07-59_260595134347_rgbf000046-resize,-4.319831489270194,4.319831489270194,4.135,18.95235574822112
230527.0,2.5,-0.7518458334770006,0.7518458334770006,001447_2014-06-19_17-00-32_260595134347_rgbf000082-resize,-4.322581489270194,4.322581489270194,4.13775,46.830399423560245
230527.0,2.5,-0.2118114834239917,0.2118114834239917,002758_2014-06-22_19-11-20_094959634447_rgbf000128-resize,-3.030280972409068,3.030280972409068,2.555,7.204478276142114
230527.0,2.5,-0.5169984695557899,0.5169984695557899,002549_2014-06-24_13-41-39_094959634447_rgbf000022-resize,-2.822629421825689,2.822629421825689,1.476,4.1736441355391865
230527.0,2.5,-0.106344890170746,0.106344890170746,002750_2014-06-22_19-08-03_094959634447_rgbf000094-resize,-2.829280972409068,2.829280972409068,2.354,8.789636111124727
230527.0,2.5,-0.594347469627264,0.594347469627264,001806_2014-06-26_20-50-20_260595134347_rgbf000091-resize,-3.4962304555479413,3.4962304555479413,2.7305,13.909869710567438
230527.0,2.5,-0.1293636457300011,0.1293636457300011,000506_2014-06-08_23-21-00_260595134347_rgbf000070-resize,-3.6624325229924457,3.6624325229924457,4.0585,16.716212007621664
230527.0,2.5,-0.682475832419803,0.682475832419803,001449_2014-06-19_17-01-27_260595134347_rgbf000116-resize,-3.927280972409068,3.927280972409068,3.452,8.994872108877228
230527.0,2.5,-0.10426504517970242,0.10426504517970242,001450_2014-06-19_17-02-03_260595134347_rgbf000203-resize,-3.6145991896591454,3.6145991896591454,4.0106666666667,12.34882649363641
230527.0,2.5,-0.0276156576671098,0.0276156576671098,002600_2014-06-24_14-27-04_094959634447_rgbf000074-resize,-2.9423314892701935,2.9423314892701935,2.7575,44.47386082434929
230527.0,2.5,-0.4847060206487339,0.4847060206487339,003228_2014-05-14_13-42-35_094959634447_rgbf000101-resize,-3.024179938686816,3.024179938686816,1.9680000000000002,14.40337638638131
230527.0,2.5,-0.17560653350123068,0.17560653350123068,000368_2014-06-09_15-53-01_260595134347_rgbf000155-resize,-2.9612809724090674,2.9612809724090674,2.4859999999999998,21.090700959072958
230527.0,2.5,-0.3355573682495602,0.3355573682495602,002763_2014-06-22_19-13-10_094959634447_rgbf000075-resize,-2.7399299386868154,2.7399299386868154,1.68375,5.5919783591245595
230527.0,2.5,-0.82185464209377,0.82185464209377,002209_2014-06-28_18-36-10_260595134347_rgbf000051-resize,-3.403629421825689,3.403629421825689,2.057,12.962068825921264
230527.0,2.5,-0.6121419506228998,0.6121419506228998,000009_2014-05-26_14-32-05_260595134347_rgbf000034-resize,-4.056331489270193,4.056331489270193,3.8715,34.796526826055185
230527.0,2.5,-0.5320781249432653,0.5320781249432653,001828_2014-06-26_21-40-03_260595134347_rgbf000024-resize,-4.429932522992447,4.429932522992447,4.8260000000000005,35.55232951340613
230527.0,2.5,-0.05966857149266248,0.05966857149266248,001110_2014-06-15_17-25-28_260595134347_rgbf000150-resize,-2.477230455547941,2.477230455547941,1.7115,9.336195527413247
230527.0,2.5,-0.2766130966915279,0.2766130966915279,000927_2014-06-09_16-32-30_260595134347_rgbf000123-resize,-3.1537809724090677,3.1537809724090677,2.6785,11.715239650325241
230527.0,2.5,-1.8607792920510868,1.8607792920510868,002570_2014-06-24_13-59-54_094959634447_rgbf000059-resize,-5.38362942182569,5.38362942182569,4.037,41.596140375002705
230527.0,2.5,-0.4880025337329456,0.4880025337329456,002467_2014-06-28_20-38-07_260595134347_rgbf000026-resize,-4.345932522992444,4.345932522992444,4.742,15.331046216195933
230527.0,2.5,-0.19399418280027325,0.19399418280027325,002875_2014-06-01_15-19-00_094959634447_rgbf000151-resize,-2.7332304555479414,2.7332304555479414,1.9675,11.625680938349673
230527.0,2.5,-0.2844837379790781,0.2844837379790781,001092_2014-06-15_17-34-58_260595134347_rgbf000171-resize,-3.168780972409067,3.168780972409067,2.6935,9.164038324933468
230527.0,2.5,-0.1693328400992692,0.1693328400992692,002545_2014-06-24_13-38-53_094959634447_rgbf000080-resize,-2.6862304555479413,2.6862304555479413,1.9205,12.083824048628237
230527.0,2.5,-0.4230526638962191,0.4230526638962191,001167_2014-06-17_15-38-07_260595134347_rgbf000108-resize,-2.9066799386868154,2.9066799386868154,1.8505,12.019050657019696
230527.0,2.5,-0.4545580486745169,0.4545580486745169,003587_2014-05-23_16-48-02_094959634447_rgbf002384-resize,-2.7036294218256893,2.7036294218256893,1.357,20.788172722830538
541690.0,2.5,-0.5302369284506152,0.5302369284506152,000682_2014-06-08_23-14-58_260595134347_rgbf000041-resize,-3.4290305255959064,3.4290305255959064,2.7239999999999998,8.707843071693064
541690.0,2.5,-0.6644746981917002,0.6644746981917002,001650_2014-06-20_12-09-00_260595134347_rgbf000087-resize,-3.1956310310652634,3.1956310310652634,1.9505,47.6804595860539
541690.0,2.5,-0.8311583653398238,0.8311583653398238,000556_2014-06-09_22-42-56_260595134347_rgbf000214-resize,-4.736379767391871,4.736379767391871,4.8415,23.88242025565649
541690.0,2.5,-0.164864659564995,0.164864659564995,000665_2014-06-09_20-42-35_260595134347_rgbf000110-resize,-3.2219300201265497,3.2219300201265497,3.057,18.49880761375764
541690.0,2.5,-0.3987978039434485,0.3987978039434485,002375_2014-06-28_20-13-44_260595134347_rgbf000032-resize,-3.9123797673918714,3.9123797673918714,4.0175,48.76103649676905
541690.0,2.5,-0.053276651419759305,0.053276651419759305,000788_2014-06-08_22-34-36_260595134347_rgbf000131-resize,-3.2538797673918713,3.2538797673918713,3.359,21.46386213810664
541690.0,2.5,-0.21147654129962995,0.21147654129962995,001235_2014-06-17_16-37-36_260595134347_rgbf000084-resize,-3.5553797673918712,3.5553797673918712,3.6605,14.547706659434104
541690.0,2.5,-0.21173889600921075,0.21173889600921075,000692_2014-06-08_13-09-42_260595134347_rgbf000199-resize,-3.5558797673918714,3.5558797673918714,3.661,54.80046590295557
541690.0,2.5,-0.5037396877775111,0.5037396877775111,001094_2014-06-15_17-36-00_260595134347_rgbf000205-resize,-4.112379767391872,4.112379767391872,4.2175,17.196771274488466
541690.0,2.5,-0.8718221753355193,0.8718221753355193,000470_2014-06-09_19-42-40_260595134347_rgbf000094-resize,-3.3461812837999414,3.3461812837999414,1.831,22.486379427626872
541690.0,2.5,-0.8918483898355218,0.8918483898355218,000109_2014-05-14_23-41-52_260595134347_rgbf000035-resize,-3.13973153653462,3.13973153653462,1.3545,6.620498200896815
541690.0,2.5,-0.5966120849806658,0.5966120849806658,002509_2014-06-24_13-19-22_094959634447_rgbf000077-resize,-2.8216812837999417,2.8216812837999417,1.3065,40.21868783296904
541690.0,2.5,-0.2593117700206564,0.2593117700206564,003338_2014-05-20_11-01-23_094959634447_rgbf000051-resize,-2.6680807783305847,2.6680807783305847,1.693,28.251495663089063
541690.0,2.5,-1.0864283277762017,1.0864283277762017,001100_2014-06-15_17-46-26_260595134347_rgbf000225-resize,-3.7551812837999416,3.7551812837999416,2.24,9.548860596737413
541690.0,2.5,-1.0479494420387006,1.0479494420387006,000469_2014-06-09_19-42-10_260595134347_rgbf000081-resize,-3.4372315365346187,3.4372315365346187,1.652,25.13136208408983
541690.0,2.5,-0.8826659750000384,0.8826659750000384,000483_2014-06-09_20-41-45_260595134347_rgbf000116-resize,-3.12223153653462,3.12223153653462,1.337,29.232414989368262
541690.0,2.5,-0.2582623511823137,0.2582623511823137,002964_2014-06-08_17-46-11_094959634447_rgbf000091-resize,-2.666080778330584,2.666080778330584,1.6909999999999998,28.953812917975768
541690.0,2.5,-0.39783505668162666,0.39783505668162666,002136_2014-06-25_21-18-03_260595134347_rgbf000109-resize,-2.9320807783305844,2.9320807783305844,1.9569999999999999,13.297078442475444
541690.0,2.5,-0.06359632666012027,0.06359632666012027,002039_2014-06-24_20-22-38_260595134347_rgbf000084-resize,-3.762779261922515,3.762779261922515,4.408,15.524303639345458
541690.0,2.5,-0.8758453375458268,0.8758453375458268,000929_2014-06-09_16-33-19_260595134347_rgbf000139-resize,-3.843080778330585,3.843080778330585,2.8680000000000003,19.501338012209015
541690.0,2.5,-0.20544238297916845,0.20544238297916845,000457_2014-06-08_16-52-43_260595134347_rgbf000199-resize,-3.5438797673918714,3.5438797673918714,3.6489999999999996,14.067279821032837
541690.0,2.5,-0.14300196209788812,0.14300196209788812,001584_2014-06-20_11-07-43_260595134347_rgbf000002-resize,-3.4248797673918707,3.4248797673918707,3.53,17.602834139105468
541690.0,2.5,-0.7004170984065207,0.7004170984065207,002279_2014-06-28_18-55-32_260595134347_rgbf000040-resize,-3.019514617133241,3.019514617133241,1.5043333333333,15.963772282558683
541690.0,2.5,-0.7398577564141733,0.7398577564141733,002344_2014-06-28_20-06-29_260595134347_rgbf000030-resize,-3.0946812837999413,3.0946812837999413,1.5795,37.33165518125916
541690.0,2.5,-0.10539739706068002,0.10539739706068002,001055_2014-06-08_18-45-35_260595134347_rgbf000111-resize,-2.863980272861228,2.863980272861228,2.4290000000000003,8.406298609581565
541690.0,2.5,-0.94528207901437,0.94528207901437,000736_2014-06-08_18-24-15_260595134347_rgbf000206-resize,-4.220030525595907,4.220030525595907,3.515,33.408170606136416
541690.0,2.5,-0.007277320670827092,0.007277320670827092,000137_2014-05-20_17-04-49_260595134347_rgbf000120-resize,-3.4108295146571925,3.4108295146571925,3.786,14.89611111351161
541690.0,2.5,-0.6883489767639517,0.6883489767639517,002199_2014-06-28_18-33-56_260595134347_rgbf000074-resize,-3.2411310310652626,3.2411310310652626,1.996,17.12852126070164
541690.0,2.5,-0.5185188080858143,0.5185188080858143,002323_2014-06-28_20-01-54_260595134347_rgbf000051-resize,-3.8959300201265497,3.8959300201265497,3.7310000000000003,18.09172628388976
541690.0,2.5,-0.18480303249845972,0.18480303249845972,002953_2014-06-08_17-32-18_094959634447_rgbf000059-resize,-2.5260807783305843,2.5260807783305843,1.551,13.905027931093345
541690.0,2.5,-0.7059267423061601,0.7059267423061601,002905_2014-06-03_18-04-43_094959634447_rgbf000151-resize,-3.2746310310652627,3.2746310310652627,2.0295,12.020604335789361
541690.0,2.5,-0.4444475234112654,0.4444475234112654,001052_2014-06-08_18-24-54_260595134347_rgbf000130-resize,-3.999379767391871,3.999379767391871,4.1045,25.87613690895519
541690.0,2.5,-0.4916707861416001,0.4916707861416001,001214_2014-06-17_16-13-55_260595134347_rgbf000111-resize,-3.3555305255959063,3.3555305255959063,2.6505,18.479282579459067
541690.0,2.5,-0.5081985478504611,0.5081985478504611,002272_2014-06-28_18-53-56_260595134347_rgbf000067-resize,-2.6531812837999413,2.6531812837999413,1.138,10.409245808146235
541690.0,2.5,-0.8870387484914649,0.8870387484914649,001571_2014-06-20_17-21-32_260595134347_rgbf000089-resize,-3.3751812837999413,3.3751812837999413,1.86,4.991960350191473
541690.0,2.5,-0.3035630443640313,0.3035630443640313,002995_2014-06-15_12-31-26_094959634447_rgbf000150-resize,-3.730879767391871,3.730879767391871,3.8360000000000003,27.231594395483473
541690.0,2.5,-0.5937273531652403,0.5937273531652403,002444_2014-06-28_20-32-08_260595134347_rgbf000027-resize,-4.28387976739187,4.28387976739187,4.388999999999999,17.102760279009576
541690.0,2.5,-0.7706416839971755,0.7706416839971755,001133_2014-06-17_14-49-16_260595134347_rgbf000100-resize,-4.376430020126549,4.376430020126549,4.2115,26.759918254713728
541690.0,2.5,-0.260012162572883,0.260012162572883,001132_2014-06-17_14-48-54_260595134347_rgbf000100-resize,-3.647879767391871,3.647879767391871,3.753,14.398279213278778
541690.0,2.5,-0.10426072165081916,0.10426072165081916,003070_2014-06-15_14-58-27_094959634447_rgbf000150-resize,-3.10643002012655,3.10643002012655,2.9415,10.664823740812926
541690.0,2.5,-0.13801663762076946,0.13801663762076946,000943_2014-06-09_19-31-07_260595134347_rgbf000128-resize,-2.681530525595906,2.681530525595906,1.9765,15.893099149291922
541690.0,2.5,-0.31702980612939224,0.31702980612939224,000709_2014-06-08_13-51-55_260595134347_rgbf000068-resize,-2.778080778330584,2.778080778330584,1.8030000000000002,14.429351101546246
541690.0,2.5,-0.6049207641108609,0.6049207641108609,000758_2014-06-08_22-05-08_260595134347_rgbf000085-resize,-3.815980272861228,3.815980272861228,3.3810000000000002,11.91317737826679
541690.0,2.5,-0.9807872213798992,0.9807872213798992,000854_2014-06-09_19-43-13_260595134347_rgbf000066-resize,-4.043080778330585,4.043080778330585,3.068,11.910827625938722
541690.0,2.5,-0.8761949488269416,0.8761949488269416,001164_2014-06-17_15-35-46_260595134347_rgbf000085-resize,-3.599131031065263,3.599131031065263,2.354,17.325668807481115
541690.0,2.5,-0.3498241448275399,0.3498241448275399,001136_2014-06-17_15-19-41_260595134347_rgbf000076-resize,-2.840580778330584,2.840580778330584,1.8655,18.667799879387072
541690.0,2.5,-1.4254778691317826,1.4254778691317826,000522_2014-06-08_13-35-06_260595134347_rgbf000244-resize,-4.15673153653462,4.15673153653462,2.3715,25.742609854068213
541690.0,2.5,-0.36346658972597207,0.36346658972597207,002949_2014-06-26_15-57-42_094959634447_rgbf000079-resize,-2.8665807783305843,2.8665807783305843,1.8915,17.99500168321199
541690.0,2.5,-0.5180813552381776,0.5180813552381776,000866_2014-06-09_20-45-42_260595134347_rgbf000139-resize,-3.650480272861228,3.650480272861228,3.2155,8.082259189449621
541690.0,2.5,-0.4978794576051123,0.4978794576051123,001555_2014-06-20_17-12-10_260595134347_rgbf000065-resize,-2.878131031065263,2.878131031065263,1.633,7.608284543781994
541690.0,2.5,-0.6593148605715218,0.6593148605715218,003534_2014-05-22_15-06-10_094959634447_rgbf000102-resize,-2.9411812837999416,2.9411812837999416,1.426,12.376994007247625
541690.0,2.5,-0.1479861165850085,0.1479861165850085,002637_2014-06-24_14-51-13_094959634447_rgbf000066-resize,-2.7005305255959056,2.7005305255959056,1.9955,10.972027795242447
541690.0,2.5,-0.36005714849136705,0.36005714849136705,000773_2014-06-08_22-24-54_260595134347_rgbf000093-resize,-4.3277792619225135,4.3277792619225135,4.973,21.45352631724976
541690.0,2.5,-0.03998440279745763,0.03998440279745763,002414_2014-06-28_20-24-58_260595134347_rgbf000067-resize,-3.717779261922515,3.717779261922515,4.363,31.720662178139435
541690.0,2.5,-0.8180400448655578,0.8180400448655578,001032_2014-06-08_13-23-17_260595134347_rgbf000021-resize,-3.9775305255959066,3.9775305255959066,3.2725,15.984983178828962
541690.0,2.5,-0.6576540607374859,0.6576540607374859,003292_2014-05-14_21-53-49_094959634447_rgbf000100-resize,-3.916480272861228,3.916480272861228,3.4815,33.084282711345374
541690.0,2.5,-0.10085069542121604,0.10085069542121604,000447_2014-06-08_16-15-46_260595134347_rgbf000130-resize,-3.8337792619225146,3.8337792619225146,4.479,19.081432914605553
541690.0,2.5,-1.0019946170680352,1.0019946170680352,001447_2014-06-19_17-00-32_260595134347_rgbf000082-resize,-4.572730272861227,4.572730272861227,4.13775,46.830399423560245
541690.0,2.5,-0.7212317420236279,0.7212317420236279,000742_2014-06-08_18-48-09_260595134347_rgbf000164-resize,-4.526879767391871,4.526879767391871,4.632,18.91549953899407
541690.0,2.5,-0.6855503315300417,0.6855503315300417,002549_2014-06-24_13-41-39_094959634447_rgbf000022-resize,-2.9911812837999414,2.9911812837999414,1.476,4.1736441355391865
541690.0,2.5,-0.06604419062290627,0.06604419062290627,002750_2014-06-22_19-08-03_094959634447_rgbf000094-resize,-2.788980272861228,2.788980272861228,2.354,8.789636111124727
541690.0,2.5,-0.10644681589902301,0.10644681589902301,000502_2014-06-08_23-02-32_260595134347_rgbf000063-resize,-2.865980272861228,2.865980272861228,2.431,13.897287578908273
541690.0,2.5,-0.5336475396752289,0.5336475396752289,001806_2014-06-26_20-50-20_260595134347_rgbf000091-resize,-3.4355305255959063,3.4355305255959063,2.7305,13.909869710567438
541690.0,2.5,-0.007714188523466199,0.007714188523466199,002600_2014-06-24_14-27-04_094959634447_rgbf000074-resize,-2.9224300201265496,2.9224300201265496,2.7575,44.47386082434929
541690.0,2.5,-0.6736571130271813,0.6736571130271813,003228_2014-05-14_13-42-35_094959634447_rgbf000101-resize,-3.213131031065263,3.213131031065263,1.9680000000000002,14.40337638638131
541690.0,2.5,-0.13530583395339096,0.13530583395339096,000368_2014-06-09_15-53-01_260595134347_rgbf000155-resize,-2.920980272861228,2.920980272861228,2.4859999999999998,21.090700959072958
541690.0,2.5,-0.4503059985986648,0.4503059985986648,002209_2014-06-28_18-36-10_260595134347_rgbf000051-resize,-3.0320807783305845,3.0320807783305845,2.057,12.962068825921264
541690.0,2.5,-0.2829248638733346,0.2829248638733346,001828_2014-06-26_21-40-03_260595134347_rgbf000024-resize,-4.180779261922515,4.180779261922515,4.8260000000000005,35.55232951340613
541690.0,2.5,-0.2690188942753056,0.2690188942753056,001110_2014-06-15_17-25-28_260595134347_rgbf000150-resize,-2.686580778330584,2.686580778330584,1.7115,9.336195527413247
541690.0,2.5,-0.4090296376172684,0.4090296376172684,002570_2014-06-24_13-59-54_094959634447_rgbf000059-resize,-3.9318797673918713,3.9318797673918713,4.037,41.596140375002705
541690.0,2.5,-0.5528866900464702,0.5528866900464702,001810_2014-06-26_20-51-35_260595134347_rgbf000040-resize,-3.2275807783305845,3.2275807783305845,2.2525,22.411391411207674
541690.0,2.5,-0.2427845933068009,0.2427845933068009,002663_2014-06-13_15-50-26_094959634447_rgbf000075-resize,-4.104279261922515,4.104279261922515,4.7495,16.725954086732166
541690.0,2.5,-0.2497803288990647,0.2497803288990647,000409_2014-06-04_19-23-33_260595134347_rgbf000067-resize,-3.628379767391871,3.628379767391871,3.7335,12.696549983566419
541690.0,2.5,-0.2441830384312384,0.2441830384312384,001092_2014-06-15_17-34-58_260595134347_rgbf000171-resize,-3.1284802728612275,3.1284802728612275,2.6935,9.164038324933468
541690.0,2.5,-0.6120037562746665,0.6120037562746665,001167_2014-06-17_15-38-07_260595134347_rgbf000108-resize,-3.0956310310652633,3.0956310310652633,1.8505,12.019050657019696
541690.0,2.5,-0.6231099106487688,0.6231099106487688,003587_2014-05-23_16-48-02_094959634447_rgbf002384-resize,-2.8721812837999416,2.8721812837999416,1.357,20.788172722830538
472239.0,2.5,-0.4234454653503396,0.4234454653503396,001808_2014-06-26_20-50-58_260595134347_rgbf000029-resize,-4.047057198260817,4.047057198260817,4.249,20.030651550568866
472239.0,2.5,-0.06183264572880465,0.06183264572880465,001815_2014-06-26_20-52-55_260595134347_rgbf000020-resize,-3.2755062526737233,3.2755062526737233,3.3865,18.626322656731816
472239.0,2.5,-0.4303502073150325,0.4303502073150325,001029_2014-06-08_13-17-57_260595134347_rgbf000065-resize,-3.5000107682685733,3.5000107682685733,3.0835,18.209734661918688
472239.0,2.5,-0.5691365425775394,0.5691365425775394,000677_2014-06-08_23-10-32_260595134347_rgbf000158-resize,-3.863371902973087,3.863371902973087,3.556,19.65196273325612
472239.0,2.5,-1.1939776044692718,1.1939776044692718,001417_2014-06-19_16-25-36_260595134347_rgbf000115-resize,-4.99653624106212,4.99653624106212,4.6255,49.17091269608214
472239.0,2.5,-0.8653343158072666,0.8653343158072666,003081_2014-06-15_15-19-16_094959634447_rgbf000150-resize,-4.3290107682685735,4.3290107682685735,3.9125,16.632991649560594
472239.0,2.5,-0.12348340038650545,0.12348340038650545,000682_2014-06-08_23-14-58_260595134347_rgbf000041-resize,-3.0222769975317965,3.0222769975317965,2.7239999999999998,8.707843071693064
472239.0,2.5,-0.5807707817072555,0.5807707817072555,001158_2014-06-17_15-32-16_260595134347_rgbf000138-resize,-4.338652103702109,4.338652103702109,4.5315,26.954451973303737
472239.0,2.5,-1.0162778648887767,1.0162778648887767,000556_2014-06-09_22-42-56_260595134347_rgbf000214-resize,-4.921499266940824,4.921499266940824,4.8415,23.88242025565649
472239.0,2.5,-1.0465332168444892,1.0465332168444892,001150_2014-06-17_15-27-34_260595134347_rgbf000108-resize,-4.567244539005348,4.567244539005348,4.0325,11.088139074292139
472239.0,2.5,-0.4437301240308902,0.4437301240308902,000665_2014-06-09_20-42-35_260595134347_rgbf000110-resize,-3.5007954845924445,3.5007954845924445,3.057,18.49880761375764
472239.0,2.5,-0.9204288048201504,0.9204288048201504,002375_2014-06-28_20-13-44_260595134347_rgbf000032-resize,-4.434010768268573,4.434010768268573,4.0175,48.76103649676905
472239.0,2.5,-0.4853566665147613,0.4853566665147613,002568_2014-06-24_13-59-21_094959634447_rgbf000062-resize,-3.5224598226814785,3.5224598226814785,3.015,29.63840999388049
472239.0,2.5,-0.656761801268076,0.656761801268076,000788_2014-06-08_22-34-36_260595134347_rgbf000131-resize,-3.8573649172401883,3.8573649172401883,3.359,21.46386213810664
472239.0,2.5,-0.1055590667272862,0.1055590667272862,001235_2014-06-17_16-37-36_260595134347_rgbf000084-resize,-3.4494622928195278,3.4494622928195278,3.6605,14.547706659434104
472239.0,2.5,-0.6606106533555888,0.6606106533555888,000692_2014-06-08_13-09-42_260595134347_rgbf000199-resize,-4.004751524738249,4.004751524738249,3.661,54.80046590295557
472239.0,2.5,-0.934421634241308,0.934421634241308,001094_2014-06-15_17-36-00_260595134347_rgbf000205-resize,-4.543061713855669,4.543061713855669,4.2175,17.196771274488466
472239.0,2.5,-0.24163191687792684,0.24163191687792684,000780_2014-06-08_22-28-29_260595134347_rgbf000126-resize,-3.4534043614995333,3.4534043614995333,3.3825,14.165390776882042
472239.0,2.5,-0.3660771198723857,0.3660771198723857,002103_2014-06-25_20-00-40_260595134347_rgbf000049-resize,-3.9212470091434,3.9212470091434,4.105,11.598018874569219
472239.0,2.5,-0.4026300256960543,0.4026300256960543,002213_2014-06-28_18-37-58_260595134347_rgbf000055-resize,-3.727283983264696,3.727283983264696,3.62,11.387296889913552
472239.0,2.5,-0.5731612808183748,0.5731612808183748,000691_2014-06-08_13-08-50_260595134347_rgbf000132-resize,-4.15114511796921,4.15114511796921,4.1530000000000005,14.740846212587924
472239.0,2.5,-0.026238353362519062,0.026238353362519062,000929_2014-06-09_16-33-19_260595134347_rgbf000139-resize,-2.9934737941472767,2.9934737941472767,2.8680000000000003,19.501338012209015
472239.0,2.5,-0.7934498192728723,0.7934498192728723,003621_2014-05-23_18-06-08_094959634447_rgbf000101-resize,-4.290871902973087,4.290871902973087,3.9835,23.07176470133362
472239.0,2.5,-0.5463991922378135,0.5463991922378135,001584_2014-06-20_11-07-43_260595134347_rgbf000002-resize,-3.828276997531796,3.828276997531796,3.53,17.602834139105468
472239.0,2.5,-1.0450472918731077,1.0450472918731077,001175_2014-06-17_15-45-55_260595134347_rgbf000129-resize,-4.671510768268574,4.671510768268574,4.255,15.34903910495583
472239.0,2.5,-0.7156172860283107,0.7156172860283107,003490_2014-05-21_15-50-11_094959634447_rgbf000101-resize,-4.0519158628272836,4.0519158628272836,3.6445,19.999457360175192
472239.0,2.5,-0.19528108141866046,0.19528108141866046,002043_2014-06-24_20-29-38_260595134347_rgbf000039-resize,-3.150871902973087,3.150871902973087,2.8435,8.475049543704081
472239.0,2.5,-0.2855343975027157,0.2855343975027157,003048_2014-06-15_13-49-43_094959634447_rgbf000150-resize,-3.7924622928195273,3.7924622928195273,4.0035,24.355606534500392
472239.0,2.5,-0.1596871359983496,0.1596871359983496,001055_2014-06-08_18-45-35_260595134347_rgbf000111-resize,-2.9182700117988976,2.9182700117988976,2.4290000000000003,8.406298609581565
472239.0,2.5,-0.4839591183025173,0.4839591183025173,000736_2014-06-08_18-24-15_260595134347_rgbf000206-resize,-3.7587075648840536,3.7587075648840536,3.515,33.408170606136416
472239.0,2.5,-0.7989585742822076,0.7989585742822076,000137_2014-05-20_17-04-49_260595134347_rgbf000120-resize,-4.202510768268573,4.202510768268573,3.786,14.89611111351161
472239.0,2.5,-0.1788404175819716,0.1788404175819716,000642_2014-06-08_16-59-25_260595134347_rgbf000098-resize,-3.152492281207925,3.152492281207925,2.8815,31.36214301237791
472239.0,2.5,-0.4655956764154562,0.4655956764154562,002425_2014-06-28_20-27-29_260595134347_rgbf000031-resize,-3.9214298342930807,3.9214298342930807,3.8960000000000004,8.40495801096819
472239.0,2.5,-0.32768131258108835,0.32768131258108835,001056_2014-06-08_18-46-44_260595134347_rgbf000068-resize,-3.1972445390053497,3.1972445390053497,2.6625,11.38594592369452
472239.0,2.5,-0.6725931953321975,0.6725931953321975,000917_2014-06-09_22-45-29_260595134347_rgbf000149-resize,-4.266499266940824,4.266499266940824,4.1865,9.740561609074897
472239.0,2.5,-0.7700995562278379,0.7700995562278379,002323_2014-06-28_20-01-54_260595134347_rgbf000051-resize,-4.147510768268574,4.147510768268574,3.7310000000000003,18.09172628388976
472239.0,2.5,-0.521649646250671,0.521649646250671,003423_2014-05-21_10-23-26_094959634447_rgbf002665-resize,-3.674010768268573,3.674010768268573,3.2575,35.43119222475438
472239.0,2.5,-0.629130516827187,0.629130516827187,000414_2014-06-04_19-49-13_260595134347_rgbf000044-resize,-4.290765496204046,4.290765496204046,4.329,13.241348366125557
472239.0,2.5,-1.0356922868710754,1.0356922868710754,003129_2014-05-12_10-48-10_094959634447_rgbf000100-resize,-4.983214550616953,4.983214550616953,4.9305,17.9074543760639
472239.0,2.5,-0.595200984626391,0.595200984626391,002988_2014-06-15_12-24-20_094959634447_rgbf000150-resize,-4.4650132384066215,4.4650132384066215,4.7669999999999995,14.460306569198616
472239.0,2.5,-0.8174136889151533,0.8174136889151533,002748_2014-06-22_19-07-22_094959634447_rgbf000078-resize,-4.641360401645337,4.641360401645337,4.6705,35.71435075733748
472239.0,2.5,-0.5159672602368558,0.5159672602368558,002995_2014-06-15_12-31-26_094959634447_rgbf000150-resize,-3.943283983264696,3.943283983264696,3.8360000000000003,27.231594395483473
472239.0,2.5,-0.7663402952103686,0.7663402952103686,000436_2014-06-09_22-25-11_260595134347_rgbf000137-resize,-4.305112659442763,4.305112659442763,4.0705,20.69156545677159
472239.0,2.5,-1.0244092996290373,1.0244092996290373,002444_2014-06-28_20-32-08_260595134347_rgbf000027-resize,-4.714561713855667,4.714561713855667,4.388999999999999,17.102760279009576
472239.0,2.5,-0.4128637675727344,0.4128637675727344,001133_2014-06-17_14-49-16_260595134347_rgbf000100-resize,-4.018652103702109,4.018652103702109,4.2115,26.759918254713728
472239.0,2.5,-0.3632775131502212,0.3632775131502212,001132_2014-06-17_14-48-54_260595134347_rgbf000100-resize,-3.751145117969209,3.751145117969209,3.753,14.398279213278778
472239.0,2.5,-0.3237470327752296,0.3237470327752296,002057_2014-06-24_21-00-13_260595134347_rgbf000120-resize,-3.3380362410621207,3.3380362410621207,2.967,10.990036854719376
472239.0,2.5,-0.4955022051053013,0.4955022051053013,000758_2014-06-08_22-05-08_260595134347_rgbf000085-resize,-3.706561713855668,3.706561713855668,3.3810000000000002,11.91317737826679
472239.0,2.5,-0.17665476440304392,0.17665476440304392,000854_2014-06-09_19-43-13_260595134347_rgbf000066-resize,-3.2389483213537287,3.2389483213537287,3.068,11.910827625938722
472239.0,2.5,-0.047574686030252,0.047574686030252,001164_2014-06-17_15-35-46_260595134347_rgbf000085-resize,-2.770510768268573,2.770510768268573,2.354,17.325668807481115
472239.0,2.5,-0.5250612983132096,0.5250612983132096,002660_2014-06-13_15-44-18_094959634447_rgbf001878-resize,-3.8288024703253436,3.8288024703253436,3.576,15.11997681444361
472239.0,2.5,-0.05737313608481163,0.05737313608481163,000739_2014-06-08_18-45-58_260595134347_rgbf000068-resize,-3.3411521037021084,3.3411521037021084,3.534,8.164356963721069
472239.0,2.5,-0.24417038320141216,0.24417038320141216,000734_2014-06-08_17-39-11_260595134347_rgbf000128-resize,-3.796013238406622,3.796013238406622,4.098,16.052231618370055
472239.0,2.5,-0.8966427295340342,0.8966427295340342,002989_2014-06-15_12-25-03_094959634447_rgbf000150-resize,-4.495776997531796,4.495776997531796,4.1975,27.906783421951957
472239.0,2.5,-0.4723271343216515,0.4723271343216515,000866_2014-06-09_20-45-42_260595134347_rgbf000139-resize,-3.6047260519447017,3.6047260519447017,3.2155,8.082259189449621
472239.0,2.5,-0.18303670515143453,0.18303670515143453,002340_2014-06-28_20-05-46_260595134347_rgbf000113-resize,-2.9627700117988973,2.9627700117988973,2.4735,7.91768620575396
472239.0,2.5,-1.185321113363872,1.185321113363872,000773_2014-06-08_22-24-54_260595134347_rgbf000093-resize,-5.15304322679502,5.15304322679502,4.973,21.45352631724976
472239.0,2.5,-0.9107228948764154,0.9107228948764154,002414_2014-06-28_20-24-58_260595134347_rgbf000067-resize,-4.588517754001471,4.588517754001471,4.363,31.720662178139435
472239.0,2.5,-0.07232353812544756,0.07232353812544756,001059_2014-06-08_21-53-27_260595134347_rgbf000061-resize,-2.8259158628272827,2.8259158628272827,2.4185,8.755513319222857
472239.0,2.5,-0.12024954268015145,0.12024954268015145,001032_2014-06-08_13-23-17_260595134347_rgbf000021-resize,-3.2797400234105,3.2797400234105,3.2725,15.984983178828962
472239.0,2.5,-0.4118119201125683,0.4118119201125683,003292_2014-05-14_21-53-49_094959634447_rgbf000100-resize,-3.67063813223631,3.67063813223631,3.4815,33.084282711345374
472239.0,2.5,-0.31246942319580684,0.31246942319580684,002639_2014-06-24_14-51-37_094959634447_rgbf000074-resize,-3.8355571982608176,3.8355571982608176,4.0375,16.521406794569987
472239.0,2.5,-1.1108111615307703,1.1108111615307703,001570_2014-06-20_17-21-09_260595134347_rgbf000135-resize,-4.83803624106212,4.83803624106212,4.467,22.179510675592084
472239.0,2.5,-0.7092349983339477,0.7092349983339477,001392_2014-06-19_16-07-59_260595134347_rgbf000046-resize,-4.278663605029857,4.278663605029857,4.135,18.95235574822112
472239.0,2.5,-1.2262465398563085,1.2262465398563085,000447_2014-06-08_16-15-46_260595134347_rgbf000130-resize,-4.959175106357606,4.959175106357606,4.479,19.081432914605553
472239.0,2.5,-0.5924441784998883,0.5924441784998883,001447_2014-06-19_17-00-32_260595134347_rgbf000082-resize,-4.16317983429308,4.16317983429308,4.13775,46.830399423560245
472239.0,2.5,-0.4059552092023123,0.4059552092023123,001066_2014-06-08_22-03-20_260595134347_rgbf000066-resize,-4.021962292819529,4.021962292819529,4.2330000000000005,19.743449467077777
472239.0,2.5,-0.6244091728925748,0.6244091728925748,000742_2014-06-08_18-48-09_260595134347_rgbf000164-resize,-4.430057198260816,4.430057198260816,4.632,18.91549953899407
472239.0,2.5,-0.5461351027983642,0.5461351027983642,002630_2014-06-24_14-47-50_094959634447_rgbf000055-resize,-3.5806241607705123,3.5806241607705123,3.0095,10.661401196716628
472239.0,2.5,-0.08859282610648889,0.08859282610648889,001199_2014-06-17_16-03-48_260595134347_rgbf000077-resize,-3.326506252673723,3.326506252673723,3.4375,28.282249848901696
472239.0,2.5,-1.103201834114873,1.103201834114873,003083_2014-06-15_15-21-03_094959634447_rgbf000063-resize,-4.67524453900535,4.67524453900535,4.1405,19.172834459547143
472239.0,2.5,-0.19965325514144333,0.19965325514144333,001806_2014-06-26_20-50-20_260595134347_rgbf000091-resize,-3.1015362410621212,3.1015362410621212,2.7305,13.909869710567438
472239.0,2.5,-0.4559757146090244,0.4559757146090244,001617_2014-06-20_11-35-32_260595134347_rgbf000066-resize,-3.861904361499533,3.861904361499533,3.7910000000000004,19.974169961071475
472239.0,2.5,-0.5150051773197157,0.5150051773197157,000191_2014-05-12_17-07-38_260595134347_rgbf000199-resize,-3.924973794147277,3.924973794147277,3.7995,12.340757267219296
472239.0,2.5,-1.0328909454190345,1.0328909454190345,000506_2014-06-08_23-21-00_260595134347_rgbf000070-resize,-4.565959822681478,4.565959822681478,4.0585,16.716212007621664
472239.0,2.5,-0.4950632703504552,0.4950632703504552,003079_2014-06-15_15-18-20_094959634447_rgbf000152-resize,-3.466813971653093,3.466813971653093,2.8775,9.032134209869396
472239.0,2.5,-0.3963329922470458,0.3963329922470458,001449_2014-06-19_17-01-27_260595134347_rgbf000116-resize,-3.64113813223631,3.64113813223631,3.452,8.994872108877228
472239.0,2.5,-0.28929481500678456,0.28929481500678456,001450_2014-06-19_17-02-03_260595134347_rgbf000203-resize,-3.799628959486228,3.799628959486228,4.0106666666667,12.34882649363641
472239.0,2.5,-0.35024399107839504,0.35024399107839504,002600_2014-06-24_14-27-04_094959634447_rgbf000074-resize,-3.264959822681478,3.264959822681478,2.7575,44.47386082434929
472239.0,2.5,-0.3163167140264297,0.3163167140264297,000009_2014-05-26_14-32-05_260595134347_rgbf000034-resize,-3.760506252673723,3.760506252673723,3.8715,34.796526826055185
472239.0,2.5,-0.6352537457987328,0.6352537457987328,001828_2014-06-26_21-40-03_260595134347_rgbf000024-resize,-4.5331081438479135,4.5331081438479135,4.8260000000000005,35.55232951340613
472239.0,2.5,-0.6214338534900928,0.6214338534900928,002570_2014-06-24_13-59-54_094959634447_rgbf000059-resize,-4.144283983264695,4.144283983264695,4.037,41.596140375002705
472239.0,2.5,-1.0277336157703578,1.0277336157703578,002467_2014-06-28_20-38-07_260595134347_rgbf000026-resize,-4.8856636050298565,4.8856636050298565,4.742,15.331046216195933
472239.0,2.5,-0.5669488077227679,0.5669488077227679,003010_2014-06-15_12-54-35_094959634447_rgbf000112-resize,-3.65324453900535,3.65324453900535,3.1185,6.696951333567531
472239.0,2.5,-0.61330328611478,0.61330328611478,002663_2014-06-13_15-50-26_094959634447_rgbf000075-resize,-4.474797954730494,4.474797954730494,4.7495,16.725954086732166
472239.0,2.5,-0.6077030318325375,0.6077030318325375,000409_2014-06-04_19-23-33_260595134347_rgbf000067-resize,-3.986302470325344,3.986302470325344,3.7335,12.696549983566419
472239.0,2.5,-0.13476447942567876,0.13476447942567876,001092_2014-06-15_17-34-58_260595134347_rgbf000171-resize,-3.019061713855668,3.019061713855668,2.6935,9.164038324933468
633872.0,2.5,-0.7775416074207203,0.7775416074207203,001815_2014-06-26_20-52-55_260595134347_rgbf000020-resize,-3.9912152143656394,3.9912152143656394,3.3865,18.626322656731816
633872.0,2.5,-0.8664798539700912,0.8664798539700912,000677_2014-06-08_23-10-32_260595134347_rgbf000158-resize,-4.160715214365639,4.160715214365639,3.556,19.65196273325612
633872.0,2.5,-0.17084870752849646,0.17084870752849646,001516_2014-06-20_16-25-09_260595134347_rgbf000076-resize,-2.6040951807511554,2.6040951807511554,1.7445,3.8622659094666254
633872.0,2.5,-0.6848015836058647,0.6848015836058647,000682_2014-06-08_23-14-58_260595134347_rgbf000041-resize,-3.583595180751156,3.583595180751156,2.7239999999999998,8.707843071693064
633872.0,2.5,-0.7886987806486268,0.7886987806486268,001650_2014-06-20_12-09-00_260595134347_rgbf000087-resize,-3.319855113522189,3.319855113522189,1.9505,47.6804595860539
633872.0,2.5,-0.3272121144412665,0.3272121144412665,001244_2014-06-17_16-47-45_260595134347_rgbf000030-resize,-2.9020951807511555,2.9020951807511555,2.0425,6.7629638807870815
633872.0,2.5,-0.3632882530327397,0.3632882530327397,003495_2014-05-21_16-01-51_094959634447_rgbf000100-resize,-2.7399751471366725,2.7399751471366725,1.6255,12.747278812179
633872.0,2.5,-0.5214739467715245,0.5214739467715245,000556_2014-06-09_22-42-56_260595134347_rgbf000214-resize,-4.426695348823571,4.426695348823571,4.8415,23.88242025565649
633872.0,2.5,-1.116503892204778,1.116503892204778,001150_2014-06-17_15-27-34_260595134347_rgbf000108-resize,-4.6372152143656376,4.6372152143656376,4.0325,11.088139074292139
633872.0,2.5,-0.6046498538040842,0.6046498538040842,000665_2014-06-09_20-42-35_260595134347_rgbf000110-resize,-3.661715214365639,3.661715214365639,3.057,18.49880761375764
633872.0,2.5,-1.1086332509172159,1.1086332509172159,002375_2014-06-28_20-13-44_260595134347_rgbf000032-resize,-4.622215214365639,4.622215214365639,4.0175,48.76103649676905
633872.0,2.5,-0.7038152019802453,0.7038152019802453,001094_2014-06-15_17-36-00_260595134347_rgbf000205-resize,-4.3124552815946045,4.3124552815946045,4.2175,17.196771274488466
633872.0,2.5,-0.7259960050577672,0.7259960050577672,000470_2014-06-09_19-42-40_260595134347_rgbf000094-resize,-3.200355113522189,3.200355113522189,1.831,22.486379427626872
633872.0,2.5,-0.22109200043757493,0.22109200043757493,000109_2014-05-14_23-41-52_260595134347_rgbf000035-resize,-2.4689751471366725,2.4689751471366725,1.3545,6.620498200896815
633872.0,2.5,-0.4507859147029136,0.4507859147029136,002509_2014-06-24_13-19-22_094959634447_rgbf000077-resize,-2.6758551135221893,2.6758551135221893,1.3065,40.21868783296904
633872.0,2.5,-0.39870613882674455,0.39870613882674455,003338_2014-05-20_11-01-23_094959634447_rgbf000051-resize,-2.8074751471366732,2.8074751471366732,1.693,28.251495663089063
633872.0,2.5,-0.6857221911129325,0.6857221911129325,001100_2014-06-15_17-46-26_260595134347_rgbf000225-resize,-3.3544751471366725,3.3544751471366725,2.24,9.548860596737413
633872.0,2.5,-0.6320730190262704,0.6320730190262704,000469_2014-06-09_19-42-10_260595134347_rgbf000081-resize,-3.021355113522189,3.021355113522189,1.652,25.13136208408983
633872.0,2.5,-0.2119095856020915,0.2119095856020915,000483_2014-06-09_20-41-45_260595134347_rgbf000116-resize,-2.4514751471366725,2.4514751471366725,1.337,29.232414989368262
633872.0,2.5,-0.3976567199884018,0.3976567199884018,002964_2014-06-08_17-46-11_094959634447_rgbf000091-resize,-2.805475147136672,2.805475147136672,1.6909999999999998,28.953812917975768
633872.0,2.5,-0.5372294254877148,0.5372294254877148,002136_2014-06-25_21-18-03_260595134347_rgbf000109-resize,-3.0714751471366726,3.0714751471366726,1.9569999999999999,13.297078442475444
633872.0,2.5,-0.4055178971819026,0.4055178971819026,000457_2014-06-08_16-52-43_260595134347_rgbf000199-resize,-3.7439552815946047,3.7439552815946047,3.6489999999999996,14.067279821032837
633872.0,2.5,-0.5545909281287685,0.5545909281287685,002279_2014-06-28_18-55-32_260595134347_rgbf000040-resize,-2.873688446855489,2.873688446855489,1.5043333333333,15.963772282558683
633872.0,2.5,-0.15235033447922686,0.15235033447922686,002725_2014-06-22_11-47-51_094959634447_rgbf000070-resize,-2.7997152143656385,2.7997152143656385,2.195,3.938570017428758
633872.0,2.5,-0.08427165336538757,0.08427165336538757,002344_2014-06-28_20-06-29_260595134347_rgbf000030-resize,-2.4390951807511554,2.4390951807511554,1.5795,37.33165518125916
633872.0,2.5,-0.02025237217957454,0.02025237217957454,001055_2014-06-08_18-45-35_260595134347_rgbf000111-resize,-2.7788352479801226,2.7788352479801226,2.4290000000000003,8.406298609581565
633872.0,2.5,-0.7312430992494736,0.7312430992494736,000549_2014-06-08_22-10-24_260595134347_rgbf000247-resize,-3.2103551135221893,3.2103551135221893,1.841,30.99307977870557
633872.0,2.5,-0.3352068350130692,0.3352068350130692,000736_2014-06-08_18-24-15_260595134347_rgbf000206-resize,-3.6099552815946048,3.6099552815946048,3.515,33.408170606136416
633872.0,2.5,-0.5125633507396855,0.5125633507396855,000642_2014-06-08_16-59-25_260595134347_rgbf000098-resize,-3.486215214365638,3.486215214365638,2.8815,31.36214301237791
633872.0,2.5,-1.299761022873531,1.299761022873531,002425_2014-06-28_20-27-29_260595134347_rgbf000031-resize,-4.755595180751156,4.755595180751156,3.8960000000000004,8.40495801096819
633872.0,2.5,-1.067453025606395,1.067453025606395,002199_2014-06-28_18-33-56_260595134347_rgbf000074-resize,-3.6202350799077054,3.6202350799077054,1.996,17.12852126070164
633872.0,2.5,-0.1777892772149453,0.1777892772149453,000917_2014-06-09_22-45-29_260595134347_rgbf000149-resize,-3.771695348823572,3.771695348823572,4.1865,9.740561609074897
633872.0,2.5,-0.09830526430468343,0.09830526430468343,000878_2014-06-08_22-52-45_260595134347_rgbf000045-resize,-2.6967152143656388,2.6967152143656388,2.092,5.576511521775202
633872.0,2.5,-0.8339573340755815,0.8339573340755815,002953_2014-06-08_17-32-18_094959634447_rgbf000059-resize,-3.1752350799077056,3.1752350799077056,1.551,13.905027931093345
633872.0,2.5,-0.5752708583775699,0.5752708583775699,002905_2014-06-03_18-04-43_094959634447_rgbf000151-resize,-3.1439751471366733,3.1439751471366733,2.0295,12.020604335789361
633872.0,2.5,-1.0172002686032622,1.0172002686032622,000414_2014-06-04_19-49-13_260595134347_rgbf000044-resize,-4.678835247980122,4.678835247980122,4.329,13.241348366125557
633872.0,2.5,-0.5681730850776948,0.5681730850776948,003129_2014-05-12_10-48-10_094959634447_rgbf000100-resize,-4.515695348823573,4.515695348823573,4.9305,17.9074543760639
633872.0,2.5,-0.8994030039995166,0.8994030039995166,001052_2014-06-08_18-24-54_260595134347_rgbf000130-resize,-4.454335247980122,4.454335247980122,4.1045,25.87613690895519
633872.0,2.5,-0.2903536437680644,0.2903536437680644,000810_2014-06-08_17-20-01_260595134347_rgbf000105-resize,-2.6009751471366727,2.6009751471366727,1.4865,3.0958890116960642
633872.0,2.5,-0.36237237757270896,0.36237237757270896,002272_2014-06-28_18-53-56_260595134347_rgbf000067-resize,-2.507355113522189,2.507355113522189,1.138,10.409245808146235
633872.0,2.5,-0.7412125782137128,0.7412125782137128,001571_2014-06-20_17-21-32_260595134347_rgbf000089-resize,-3.2293551135221894,3.2293551135221894,1.86,4.991960350191473
633872.0,2.5,-0.7989258822754253,0.7989258822754253,003070_2014-06-15_14-58-27_094959634447_rgbf000150-resize,-3.801095180751156,3.801095180751156,2.9415,10.664823740812926
633872.0,2.5,-0.5474612591615358,0.5474612591615358,000943_2014-06-09_19-31-07_260595134347_rgbf000128-resize,-3.0909751471366724,3.0909751471366724,1.9765,15.893099149291922
633872.0,2.5,-0.2015442085499636,0.2015442085499636,000709_2014-06-08_13-51-55_260595134347_rgbf000068-resize,-2.6625951807511554,2.6625951807511554,1.8030000000000002,14.429351101546246
633872.0,2.5,-0.8653016238004705,0.8653016238004705,000854_2014-06-09_19-43-13_260595134347_rgbf000066-resize,-3.927595180751156,3.927595180751156,3.068,11.910827625938722
633872.0,2.5,-0.2357791321273176,0.2357791321273176,001164_2014-06-17_15-35-46_260595134347_rgbf000085-resize,-2.9587152143656383,2.9587152143656383,2.354,17.325668807481115
633872.0,2.5,-0.31501025442204045,0.31501025442204045,002153_2014-06-25_21-27-18_260595134347_rgbf000038-resize,-3.1097152143656386,3.1097152143656386,2.505,17.28886317575377
633872.0,2.5,-1.1318540087390214,1.1318540087390214,002660_2014-06-13_15-44-18_094959634447_rgbf001878-resize,-4.435595180751156,4.435595180751156,3.576,15.11997681444361
633872.0,2.5,-0.6411124263893953,0.6411124263893953,000734_2014-06-08_17-39-11_260595134347_rgbf000128-resize,-4.192955281594605,4.192955281594605,4.098,16.052231618370055
633872.0,2.5,-1.0096014461193523,1.0096014461193523,000522_2014-06-08_13-35-06_260595134347_rgbf000244-resize,-3.7408551135221897,3.7408551135221897,2.3715,25.742609854068213
633872.0,2.5,-0.5028609585320601,0.5028609585320601,002949_2014-06-26_15-57-42_094959634447_rgbf000079-resize,-3.0059751471366725,3.0059751471366725,1.8915,17.99500168321199
633872.0,2.5,-0.17805636397155505,0.17805636397155505,000866_2014-06-09_20-45-42_260595134347_rgbf000139-resize,-3.3104552815946047,3.3104552815946047,3.2155,8.082259189449621
633872.0,2.5,-0.367223573676522,0.367223573676522,001555_2014-06-20_17-12-10_260595134347_rgbf000065-resize,-2.7474751471366723,2.7474751471366723,1.633,7.608284543781994
633872.0,2.5,-0.25860872390825285,0.25860872390825285,003534_2014-05-22_15-06-10_094959634447_rgbf000102-resize,-2.5404751471366724,2.5404751471366724,1.426,12.376994007247625
633872.0,2.5,-0.08071330262139054,0.08071330262139054,000773_2014-06-08_22-24-54_260595134347_rgbf000093-resize,-4.048435416052538,4.048435416052538,4.973,21.45352631724976
633872.0,2.5,-0.7801604224695484,0.7801604224695484,002414_2014-06-28_20-24-58_260595134347_rgbf000067-resize,-4.4579552815946055,4.4579552815946055,4.363,31.720662178139435
633872.0,2.5,-0.2696228896638037,0.2696228896638037,001059_2014-06-08_21-53-27_260595134347_rgbf000061-resize,-3.0232152143656386,3.0232152143656386,2.4185,8.755513319222857
633872.0,2.5,-0.2079648008642569,0.2079648008642569,001032_2014-06-08_13-23-17_260595134347_rgbf000021-resize,-3.367455281594605,3.367455281594605,3.2725,15.984983178828962
633872.0,2.5,-0.09960757375856076,0.09960757375856076,002639_2014-06-24_14-51-37_094959634447_rgbf000074-resize,-3.622695348823572,3.622695348823572,4.0375,16.521406794569987
633872.0,2.5,-0.3249702692922217,0.3249702692922217,001570_2014-06-20_17-21-09_260595134347_rgbf000135-resize,-4.052195348823571,4.052195348823571,4.467,22.179510675592084
633872.0,2.5,-0.4056467085131783,0.4056467085131783,001392_2014-06-19_16-07-59_260595134347_rgbf000046-resize,-3.9750753152090876,3.9750753152090876,4.135,18.95235574822112
633872.0,2.5,-0.8410267150933068,0.8410267150933068,000447_2014-06-08_16-15-46_260595134347_rgbf000130-resize,-4.573955281594605,4.573955281594605,4.479,19.081432914605553
633872.0,2.5,-0.15220969303037926,0.15220969303037926,001447_2014-06-19_17-00-32_260595134347_rgbf000082-resize,-3.722945348823572,3.722945348823572,4.13775,46.830399423560245
633872.0,2.5,-0.3412457253805631,0.3412457253805631,002758_2014-06-22_19-11-20_094959634447_rgbf000128-resize,-3.1597152143656384,3.1597152143656384,2.555,7.204478276142114
633872.0,2.5,-0.5397241612522896,0.5397241612522896,002549_2014-06-24_13-41-39_094959634447_rgbf000022-resize,-2.845355113522189,2.845355113522189,1.476,4.1736441355391865
633872.0,2.5,-0.23577913212731735,0.23577913212731735,002750_2014-06-22_19-08-03_094959634447_rgbf000094-resize,-2.9587152143656383,2.9587152143656383,2.354,8.789636111124727
633872.0,2.5,-0.2761817574034341,0.2761817574034341,000502_2014-06-08_23-02-32_260595134347_rgbf000063-resize,-3.0357152143656387,3.0357152143656387,2.431,13.897287578908273
633872.0,2.5,-0.6882121948304785,0.6882121948304785,001806_2014-06-26_20-50-20_260595134347_rgbf000091-resize,-3.590095180751156,3.590095180751156,2.7305,13.909869710567438
633872.0,2.5,-0.04097366218978008,0.04097366218978008,000493_2014-06-09_21-01-18_260595134347_rgbf000196-resize,-3.280075315209088,3.280075315209088,3.44,19.629285382994567
633872.0,2.5,-0.3021501416053409,0.3021501416053409,001449_2014-06-19_17-01-27_260595134347_rgbf000116-resize,-3.546955281594605,3.546955281594605,3.452,8.994872108877228
633872.0,2.5,-0.28812126271307426,0.28812126271307426,003228_2014-05-14_13-42-35_094959634447_rgbf000101-resize,-2.8275951807511563,2.8275951807511563,1.9680000000000002,14.40337638638131
633872.0,2.5,-0.8148007082288358,0.8148007082288358,000368_2014-06-09_15-53-01_260595134347_rgbf000155-resize,-3.6004751471366734,3.6004751471366734,2.4859999999999998,21.090700959072958
633872.0,2.5,-0.1389726103139005,0.1389726103139005,002763_2014-06-22_19-13-10_094959634447_rgbf000075-resize,-2.543345180751156,2.543345180751156,1.68375,5.5919783591245595
633872.0,2.5,-0.33482040101923616,0.33482040101923616,002209_2014-06-28_18-36-10_260595134347_rgbf000051-resize,-2.9165951807511554,2.9165951807511554,2.057,12.962068825921264
633872.0,2.5,-1.5328608163164588,1.5328608163164588,001828_2014-06-26_21-40-03_260595134347_rgbf000024-resize,-5.430715214365638,5.430715214365638,4.8260000000000005,35.55232951340613
633872.0,2.5,-0.4084132630813937,0.4084132630813937,001110_2014-06-15_17-25-28_260595134347_rgbf000150-resize,-2.8259751471366723,2.8259751471366723,1.7115,9.336195527413247
633872.0,2.5,-1.6286250173620698,1.6286250173620698,002570_2014-06-24_13-59-54_094959634447_rgbf000059-resize,-5.151475147136672,5.151475147136672,4.037,41.596140375002705
633872.0,2.5,-0.4374010924670415,0.4374010924670415,001810_2014-06-26_20-51-35_260595134347_rgbf000040-resize,-3.1120951807511554,3.1120951807511554,2.2525,22.411391411207674
633872.0,2.5,-0.2878589080034877,0.2878589080034877,002875_2014-06-01_15-19-00_094959634447_rgbf000151-resize,-2.827095180751156,2.827095180751156,1.9675,11.625680938349673
633872.0,2.5,-0.6687979463211664,0.6687979463211664,001092_2014-06-15_17-34-58_260595134347_rgbf000171-resize,-3.5530951807511557,3.5530951807511557,2.6935,9.164038324933468
633872.0,2.5,-0.008317598916966706,0.008317598916966706,002545_2014-06-24_13-38-53_094959634447_rgbf000080-resize,-2.5252152143656392,2.5252152143656392,1.9205,12.083824048628237
633872.0,2.5,-0.4813478723460762,0.4813478723460762,001167_2014-06-17_15-38-07_260595134347_rgbf000108-resize,-2.9649751471366725,2.9649751471366725,1.8505,12.019050657019696
633872.0,2.5,-0.22240377398549985,0.22240377398549985,003587_2014-05-23_16-48-02_094959634447_rgbf002384-resize,-2.4714751471366725,2.4714751471366725,1.357,20.788172722830538
268772.0,2.5,-0.19469369745056309,0.19469369745056309,001516_2014-06-20_16-25-09_260595134347_rgbf000076-resize,-2.6279401706732224,2.6279401706732224,1.7445,3.8622659094666254
268772.0,2.5,-0.4227219061324403,0.4227219061324403,003081_2014-06-15_15-19-16_094959634447_rgbf000150-resize,-3.886398358593747,3.886398358593747,3.9125,16.632991649560594
268772.0,2.5,-0.7086465735279314,0.7086465735279314,000682_2014-06-08_23-14-58_260595134347_rgbf000041-resize,-3.607440170673223,3.607440170673223,2.7239999999999998,8.707843071693064
268772.0,2.5,-1.2123256498791353,1.2123256498791353,001650_2014-06-20_12-09-00_260595134347_rgbf000087-resize,-3.743481982752698,3.743481982752698,1.9505,47.6804595860539
268772.0,2.5,-0.04787650033684121,0.04787650033684121,001244_2014-06-17_16-47-45_260595134347_rgbf000030-resize,-2.6227595666467303,2.6227595666467303,2.0425,6.7629638807870815
268772.0,2.5,-0.7386144846222733,0.7386144846222733,003495_2014-05-21_16-01-51_094959634447_rgbf000100-resize,-3.1153013787262056,3.1153013787262056,1.6255,12.747278812179
268772.0,2.5,-1.0506976406253858,1.0506976406253858,001158_2014-06-17_15-32-16_260595134347_rgbf000138-resize,-4.808578962620238,4.808578962620238,4.5315,26.954451973303737
268772.0,2.5,-0.30381574848871595,0.30381574848871595,000556_2014-06-09_22-42-56_260595134347_rgbf000214-resize,-4.209037150540763,4.209037150540763,4.8415,23.88242025565649
268772.0,2.5,-1.3873582072248,1.3873582072248,002375_2014-06-28_20-13-44_260595134347_rgbf000032-resize,-4.900940170673223,4.900940170673223,4.0175,48.76103649676905
268772.0,2.5,-0.13229524262163506,0.13229524262163506,000788_2014-06-08_22-34-36_260595134347_rgbf000131-resize,-3.332898358593747,3.332898358593747,3.359,21.46386213810664
268772.0,2.5,-0.2400810622088002,0.2400810622088002,000470_2014-06-09_19-42-40_260595134347_rgbf000094-resize,-2.7144401706732224,2.7144401706732224,1.831,22.486379427626872
268772.0,2.5,-0.2932376280006166,0.2932376280006166,000109_2014-05-14_23-41-52_260595134347_rgbf000035-resize,-2.5411207746997144,2.5411207746997144,1.3545,6.620498200896815
268772.0,2.5,-0.5712321799069304,0.5712321799069304,002509_2014-06-24_13-19-22_094959634447_rgbf000077-resize,-2.7963013787262057,2.7963013787262057,1.3065,40.21868783296904
268772.0,2.5,-0.4708517663897862,0.4708517663897862,003338_2014-05-20_11-01-23_094959634447_rgbf000051-resize,-2.8796207746997142,2.8796207746997142,1.693,28.251495663089063
268772.0,2.5,-0.7578678186759742,0.7578678186759742,001100_2014-06-15_17-46-26_260595134347_rgbf000225-resize,-3.4266207746997144,3.4266207746997144,2.24,9.548860596737413
268772.0,2.5,-0.16662174352495165,0.16662174352495165,002964_2014-06-08_17-46-11_094959634447_rgbf000091-resize,-2.5744401706732223,2.5744401706732223,1.6909999999999998,28.953812917975768
268772.0,2.5,-0.0030138449977726856,0.0030138449977726856,002136_2014-06-25_21-18-03_260595134347_rgbf000109-resize,-2.5372595666467306,2.5372595666467306,1.9569999999999999,13.297078442475444
268772.0,2.5,-0.3795348193048606,0.3795348193048606,002039_2014-06-24_20-22-38_260595134347_rgbf000084-resize,-4.078717754567255,4.078717754567255,4.408,15.524303639345458
268772.0,2.5,-1.4332702814022094,1.4332702814022094,002103_2014-06-25_20-00-40_260595134347_rgbf000049-resize,-4.988440170673223,4.988440170673223,4.105,11.598018874569219
268772.0,2.5,-0.3718565893062934,0.3718565893062934,002279_2014-06-28_18-55-32_260595134347_rgbf000040-resize,-2.690954108033014,2.690954108033014,1.5043333333333,15.963772282558683
268772.0,2.5,-0.16498814106581233,0.16498814106581233,002043_2014-06-24_20-29-38_260595134347_rgbf000039-resize,-3.1205789626202387,3.1205789626202387,2.8435,8.475049543704081
268772.0,2.5,-0.714477851340438,0.714477851340438,002344_2014-06-28_20-06-29_260595134347_rgbf000030-resize,-3.0693013787262062,3.0693013787262062,1.5795,37.33165518125916
268772.0,2.5,-0.5485087604269985,0.5485087604269985,000549_2014-06-08_22-10-24_260595134347_rgbf000247-resize,-3.0276207746997135,3.0276207746997135,1.841,30.99307977870557
268772.0,2.5,-0.5173305160387027,0.5173305160387027,000736_2014-06-08_18-24-15_260595134347_rgbf000206-resize,-3.7920789626202387,3.7920789626202387,3.515,33.408170606136416
268772.0,2.5,-0.6595267686338733,0.6595267686338733,000137_2014-05-20_17-04-49_260595134347_rgbf000120-resize,-4.063078962620239,4.063078962620239,3.786,14.89611111351161
268772.0,2.5,-0.11088359668963016,0.11088359668963016,002425_2014-06-28_20-27-29_260595134347_rgbf000031-resize,-3.5667177545672546,3.5667177545672546,3.8960000000000004,8.40495801096819
268772.0,2.5,-0.3266581163719112,0.3266581163719112,002199_2014-06-28_18-33-56_260595134347_rgbf000074-resize,-2.8794401706732224,2.8794401706732224,1.996,17.12852126070164
268772.0,2.5,-0.26331168295862833,0.26331168295862833,000917_2014-06-09_22-45-29_260595134347_rgbf000149-resize,-3.8572177545672544,3.8572177545672544,4.1865,9.740561609074897
268772.0,2.5,-0.07384961658577505,0.07384961658577505,000878_2014-06-08_22-52-45_260595134347_rgbf000045-resize,-2.6722595666467304,2.6722595666467304,2.092,5.576511521775202
268772.0,2.5,-0.3963430288675896,0.3963430288675896,002953_2014-06-08_17-32-18_094959634447_rgbf000059-resize,-2.7376207746997134,2.7376207746997134,1.551,13.905027931093345
268772.0,2.5,-0.04105527788762775,0.04105527788762775,002905_2014-06-03_18-04-43_094959634447_rgbf000151-resize,-2.6097595666467304,2.6097595666467304,2.0295,12.020604335789361
268772.0,2.5,-0.6536954908213779,0.6536954908213779,003129_2014-05-12_10-48-10_094959634447_rgbf000100-resize,-4.601217754567255,4.601217754567255,4.9305,17.9074543760639
268772.0,2.5,-0.2647248967605321,0.2647248967605321,002988_2014-06-15_12-24-20_094959634447_rgbf000150-resize,-4.134537150540764,4.134537150540764,4.7669999999999995,14.460306569198616
268772.0,2.5,-0.2202855105866492,0.2202855105866492,001052_2014-06-08_18-24-54_260595134347_rgbf000130-resize,-3.7752177545672554,3.7752177545672554,4.1045,25.87613690895519
268772.0,2.5,-0.8616588434177296,0.8616588434177296,001571_2014-06-20_17-21-32_260595134347_rgbf000089-resize,-3.3498013787262058,3.3498013787262058,1.86,4.991960350191473
268772.0,2.5,-0.9889428436188906,0.9889428436188906,002995_2014-06-15_12-31-26_094959634447_rgbf000150-resize,-4.4162595666467315,4.4162595666467315,3.8360000000000003,27.231594395483473
268772.0,2.5,-0.975926548393608,0.975926548393608,002444_2014-06-28_20-32-08_260595134347_rgbf000027-resize,-4.6660789626202375,4.6660789626202375,4.388999999999999,17.102760279009576
268772.0,2.5,-0.01324567867159365,0.01324567867159365,000943_2014-06-09_19-31-07_260595134347_rgbf000128-resize,-2.5567595666467304,2.5567595666467304,1.9765,15.893099149291922
268772.0,2.5,-1.4425121704393151,1.4425121704393151,002057_2014-06-24_21-00-13_260595134347_rgbf000120-resize,-4.4568013787262055,4.4568013787262055,2.967,10.990036854719376
268772.0,2.5,-0.2253891984720302,0.2253891984720302,000709_2014-06-08_13-51-55_260595134347_rgbf000068-resize,-2.6864401706732224,2.6864401706732224,1.8030000000000002,14.429351101546246
268772.0,2.5,-1.3565612659493471,1.3565612659493471,000758_2014-06-08_22-05-08_260595134347_rgbf000085-resize,-4.567620774699714,4.567620774699714,3.3810000000000002,11.91317737826679
268772.0,2.5,-1.7986884258020126,1.7986884258020126,000854_2014-06-09_19-43-13_260595134347_rgbf000066-resize,-4.860981982752698,4.860981982752698,3.068,11.910827625938722
268772.0,2.5,-0.5145040884349011,0.5145040884349011,001164_2014-06-17_15-35-46_260595134347_rgbf000085-resize,-3.2374401706732225,3.2374401706732225,2.354,17.325668807481115
268772.0,2.5,-0.22050589924389366,0.22050589924389366,000522_2014-06-08_13-35-06_260595134347_rgbf000244-resize,-2.9517595666467304,2.9517595666467304,2.3715,25.742609854068213
268772.0,2.5,-0.27182598206861,0.27182598206861,002949_2014-06-26_15-57-42_094959634447_rgbf000079-resize,-2.7749401706732217,2.7749401706732217,1.8915,17.99500168321199
268772.0,2.5,-2.088167110728444,2.088167110728444,002989_2014-06-15_12-25-03_094959634447_rgbf000150-resize,-5.687301378726206,5.687301378726206,4.1975,27.906783421951957
268772.0,2.5,-1.2697218570766642,1.2697218570766642,000866_2014-06-09_20-45-42_260595134347_rgbf000139-resize,-4.402120774699713,4.402120774699713,3.2155,8.082259189449621
268772.0,2.5,-1.0457304092925472,1.0457304092925472,001555_2014-06-20_17-12-10_260595134347_rgbf000065-resize,-3.425981982752698,3.425981982752698,1.633,7.608284543781994
268772.0,2.5,-0.3307543514712945,0.3307543514712945,003534_2014-05-22_15-06-10_094959634447_rgbf000102-resize,-2.612620774699714,2.612620774699714,1.426,12.376994007247625
268772.0,2.5,-0.19657214647000495,0.19657214647000495,003292_2014-05-14_21-53-49_094959634447_rgbf000100-resize,-3.455398358593747,3.455398358593747,3.4815,33.084282711345374
268772.0,2.5,-1.5004330870560074,1.5004330870560074,001066_2014-06-08_22-03-20_260595134347_rgbf000066-resize,-5.116440170673222,5.116440170673222,4.2330000000000005,19.743449467077777
268772.0,2.5,-1.4066115412784872,1.4066115412784872,000742_2014-06-08_18-48-09_260595134347_rgbf000164-resize,-5.21225956664673,5.21225956664673,4.632,18.91549953899407
268772.0,2.5,-0.3167900776616547,0.3167900776616547,002758_2014-06-22_19-11-20_094959634447_rgbf000128-resize,-3.1352595666467304,3.1352595666467304,2.555,7.204478276142114
268772.0,2.5,-0.3569898224298145,0.3569898224298145,002549_2014-06-24_13-41-39_094959634447_rgbf000022-resize,-2.6626207746997137,2.6626207746997137,1.476,4.1736441355391865
268772.0,2.5,-0.5549067137110176,0.5549067137110176,000502_2014-06-08_23-02-32_260595134347_rgbf000063-resize,-3.3144401706732225,3.3144401706732225,2.431,13.897287578908273
268772.0,2.5,-0.2391750496767779,0.2391750496767779,003083_2014-06-15_15-21-03_094959634447_rgbf000063-resize,-3.811217754567255,3.811217754567255,4.1405,19.172834459547143
268772.0,2.5,-0.7120571847525451,0.7120571847525451,001806_2014-06-26_20-50-20_260595134347_rgbf000091-resize,-3.613940170673223,3.613940170673223,2.7305,13.909869710567438
268772.0,2.5,-1.0294049430966308,1.0294049430966308,002600_2014-06-24_14-27-04_094959634447_rgbf000074-resize,-3.9441207746997136,3.9441207746997136,2.7575,44.47386082434929
268772.0,2.5,-0.6151468566616327,0.6151468566616327,003228_2014-05-14_13-42-35_094959634447_rgbf000101-resize,-3.1546207746997137,3.1546207746997137,1.9680000000000002,14.40337638638131
268772.0,2.5,-0.5837657317653856,0.5837657317653856,000368_2014-06-09_15-53-01_260595134347_rgbf000155-resize,-3.3694401706732227,3.3694401706732227,2.4859999999999998,21.090700959072958
268772.0,2.5,-0.7691788082889509,0.7691788082889509,002763_2014-06-22_19-13-10_094959634447_rgbf000075-resize,-3.1735513787262057,3.1735513787262057,1.68375,5.5919783591245595
268772.0,2.5,-0.6618459949677946,0.6618459949677946,002209_2014-06-28_18-36-10_260595134347_rgbf000051-resize,-3.2436207746997137,3.2436207746997137,2.057,12.962068825921264
268772.0,2.5,-1.2052245645710589,1.2052245645710589,001828_2014-06-26_21-40-03_260595134347_rgbf000024-resize,-5.10307896262024,5.10307896262024,4.8260000000000005,35.55232951340613
268772.0,2.5,-0.17737828661794353,0.17737828661794353,001110_2014-06-15_17-25-28_260595134347_rgbf000150-resize,-2.5949401706732225,2.5949401706732225,1.7115,9.336195527413247
268772.0,2.5,-0.3815916909291909,0.3815916909291909,000927_2014-06-09_16-32-30_260595134347_rgbf000123-resize,-3.2587595666467304,3.2587595666467304,2.6785,11.715239650325241
268772.0,2.5,-1.0944094368721276,1.0944094368721276,002570_2014-06-24_13-59-54_094959634447_rgbf000059-resize,-4.61725956664673,4.61725956664673,4.037,41.596140375002705
268772.0,2.5,-0.2516071612812637,0.2516071612812637,002467_2014-06-28_20-38-07_260595134347_rgbf000026-resize,-4.109537150540763,4.109537150540763,4.742,15.331046216195933
268772.0,2.5,-0.4612460823891082,0.4612460823891082,001810_2014-06-26_20-51-35_260595134347_rgbf000040-resize,-3.1359401706732224,3.1359401706732224,2.2525,22.411391411207674
268772.0,2.5,-0.3287989201009405,0.3287989201009405,000409_2014-06-04_19-23-33_260595134347_rgbf000067-resize,-3.7073983585937462,3.7073983585937462,3.7335,12.696549983566419
268772.0,2.5,-0.3117038979255543,0.3117038979255543,002875_2014-06-01_15-19-00_094959634447_rgbf000151-resize,-2.8509401706732223,2.8509401706732223,1.9675,11.625680938349673
268772.0,2.5,-0.3894623322167411,0.3894623322167411,001092_2014-06-15_17-34-58_260595134347_rgbf000171-resize,-3.2737595666467296,3.2737595666467296,2.6935,9.164038324933468
268772.0,2.5,-0.2503128958826261,0.2503128958826261,001167_2014-06-17_15-38-07_260595134347_rgbf000108-resize,-2.7339401706732223,2.7339401706732223,1.8505,12.019050657019696
431687.0,2.5,-0.13172401428532693,0.13172401428532693,001029_2014-06-08_13-17-57_260595134347_rgbf000065-resize,-3.201384575238868,3.201384575238868,3.0835,18.209734661918688
431687.0,2.5,-0.37964921484332004,0.37964921484332004,000677_2014-06-08_23-10-32_260595134347_rgbf000158-resize,-3.673884575238868,3.673884575238868,3.556,19.65196273325612
431687.0,2.5,-0.08405240889880328,0.08405240889880328,001516_2014-06-20_16-25-09_260595134347_rgbf000076-resize,-2.5172988821214624,2.5172988821214624,1.7445,3.8622659094666254
431687.0,2.5,-0.8470568561304948,0.8470568561304948,001650_2014-06-20_12-09-00_260595134347_rgbf000087-resize,-3.378213189004057,3.378213189004057,1.9505,47.6804595860539
431687.0,2.5,-0.07668723909092456,0.07668723909092456,001244_2014-06-17_16-47-45_260595134347_rgbf000030-resize,-2.651570305400813,2.651570305400813,2.0425,6.7629638807870815
431687.0,2.5,-0.1853405647381784,0.1853405647381784,003495_2014-05-21_16-01-51_094959634447_rgbf000100-resize,-2.562027458842111,2.562027458842111,1.6255,12.747278812179
431687.0,2.5,-0.07179171286292818,0.07179171286292818,000556_2014-06-09_22-42-56_260595134347_rgbf000214-resize,-3.977013114914976,3.977013114914976,4.8415,23.88242025565649
431687.0,2.5,-0.2815477913979618,0.2815477913979618,000665_2014-06-09_20-42-35_260595134347_rgbf000110-resize,-3.3386131519595166,3.3386131519595166,3.057,18.49880761375764
431687.0,2.5,-0.6218026117904449,0.6218026117904449,002375_2014-06-28_20-13-44_260595134347_rgbf000032-resize,-4.1353845752388665,4.1353845752388665,4.0175,48.76103649676905
431687.0,2.5,-0.9311957661493508,0.9311957661493508,000788_2014-06-08_22-34-36_260595134347_rgbf000131-resize,-4.131798882121463,4.131798882121463,3.359,21.46386213810664
431687.0,2.5,-1.4168528094705188,1.4168528094705188,001235_2014-06-17_16-37-36_260595134347_rgbf000084-resize,-4.76075603556276,4.76075603556276,3.6605,14.547706659434104
431687.0,2.5,-0.7622008572975049,0.7622008572975049,000692_2014-06-08_13-09-42_260595134347_rgbf000199-resize,-4.1063417286801664,4.1063417286801664,3.661,54.80046590295557
431687.0,2.5,-0.07183018874191283,0.07183018874191283,001094_2014-06-15_17-36-00_260595134347_rgbf000205-resize,-3.6804702683562733,3.6804702683562733,4.2175,17.196771274488466
431687.0,2.5,-0.2931683503776891,0.2931683503776891,000470_2014-06-09_19-42-40_260595134347_rgbf000094-resize,-2.7675274588421117,2.7675274588421117,1.831,22.486379427626872
431687.0,2.5,-0.2068728888636624,0.2068728888636624,000109_2014-05-14_23-41-52_260595134347_rgbf000035-resize,-2.4547560355627596,2.4547560355627596,1.3545,6.620498200896815
431687.0,2.5,-0.05702987381153458,0.05702987381153458,003338_2014-05-20_11-01-23_094959634447_rgbf000051-resize,-2.4657988821214625,2.4657988821214625,1.693,28.251495663089063
431687.0,2.5,-0.44307957906020257,0.44307957906020257,002784_2014-06-22_19-26-30_094959634447_rgbf000083-resize,-2.90492270222946,2.90492270222946,1.8046666666667,3.0422522474895675
431687.0,2.5,-0.8352316562596687,0.8352316562596687,001100_2014-06-15_17-46-26_260595134347_rgbf000225-resize,-3.503984612283409,3.503984612283409,2.24,9.548860596737413
431687.0,2.5,-0.19924536434619236,0.19924536434619236,000469_2014-06-09_19-42-10_260595134347_rgbf000081-resize,-2.588527458842111,2.588527458842111,1.652,25.13136208408983
431687.0,2.5,-0.19769047402817894,0.19769047402817894,000483_2014-06-09_20-41-45_260595134347_rgbf000116-resize,-2.4372560355627595,2.4372560355627595,1.337,29.232414989368262
431687.0,2.5,-0.3834376084144893,0.3834376084144893,002964_2014-06-08_17-46-11_094959634447_rgbf000091-resize,-2.79125603556276,2.79125603556276,1.6909999999999998,28.953812917975768
431687.0,2.5,-0.3355159098145272,0.3355159098145272,002039_2014-06-24_20-22-38_260595134347_rgbf000084-resize,-4.034698845076922,4.034698845076922,4.408,15.524303639345458
431687.0,2.5,-0.995171839409152,0.995171839409152,002103_2014-06-25_20-00-40_260595134347_rgbf000049-resize,-4.5503417286801655,4.5503417286801655,4.105,11.598018874569219
431687.0,2.5,-0.6929007380880331,0.6929007380880331,000691_2014-06-08_13-08-50_260595134347_rgbf000132-resize,-4.270884575238868,4.270884575238868,4.1530000000000005,14.740846212587924
431687.0,2.5,-0.1009900373848676,0.1009900373848676,000457_2014-06-08_16-52-43_260595134347_rgbf000199-resize,-3.4394274217975704,3.4394274217975704,3.6489999999999996,14.067279821032837
431687.0,2.5,-0.8571925001068308,0.8571925001068308,001584_2014-06-20_11-07-43_260595134347_rgbf000002-resize,-4.139070305400813,4.139070305400813,3.53,17.602834139105468
431687.0,2.5,-0.2854918501693392,0.2854918501693392,002279_2014-06-28_18-55-32_260595134347_rgbf000040-resize,-2.60458936889606,2.60458936889606,1.5043333333333,15.963772282558683
431687.0,2.5,-0.005793753684441086,0.005793753684441086,002043_2014-06-24_20-29-38_260595134347_rgbf000039-resize,-2.961384575238868,2.961384575238868,2.8435,8.475049543704081
431687.0,2.5,-0.4507281032014074,0.4507281032014074,003048_2014-06-15_13-49-43_094959634447_rgbf000150-resize,-3.9576559985182183,3.9576559985182183,4.0035,24.355606534500392
431687.0,2.5,-0.3204340022350506,0.3204340022350506,002725_2014-06-22_11-47-51_094959634447_rgbf000070-resize,-2.9677988821214623,2.9677988821214623,2.195,3.938570017428758
431687.0,2.5,-0.4886610848976405,0.4886610848976405,002344_2014-06-28_20-06-29_260595134347_rgbf000030-resize,-2.8434846122834085,2.8434846122834085,1.5795,37.33165518125916
431687.0,2.5,-0.625872598010693,0.625872598010693,000549_2014-06-08_22-10-24_260595134347_rgbf000247-resize,-3.104984612283409,3.104984612283409,1.841,30.99307977870557
431687.0,2.5,-0.6855932820986291,0.6855932820986291,000736_2014-06-08_18-24-15_260595134347_rgbf000206-resize,-3.9603417286801648,3.9603417286801648,3.515,33.408170606136416
431687.0,2.5,-1.4827038415763945,1.4827038415763945,000137_2014-05-20_17-04-49_260595134347_rgbf000120-resize,-4.886256035562759,4.886256035562759,3.786,14.89611111351161
431687.0,2.5,-0.025732711612914308,0.025732711612914308,000642_2014-06-08_16-59-25_260595134347_rgbf000098-resize,-2.999384575238868,2.999384575238868,2.8815,31.36214301237791
431687.0,2.5,-0.7072025579820975,0.7072025579820975,002199_2014-06-28_18-33-56_260595134347_rgbf000074-resize,-3.2599846122834086,3.2599846122834086,1.996,17.12852126070164
431687.0,2.5,-0.2663889320605072,0.2663889320605072,000878_2014-06-08_22-52-45_260595134347_rgbf000045-resize,-2.8647988821214625,2.8647988821214625,2.092,5.576511521775202
431687.0,2.5,-0.473706866451284,0.473706866451284,002953_2014-06-08_17-32-18_094959634447_rgbf000059-resize,-2.814984612283409,2.814984612283409,1.551,13.905027931093345
431687.0,2.5,-0.4577924424207101,0.4577924424207101,000414_2014-06-04_19-49-13_260595134347_rgbf000044-resize,-4.11942742179757,4.11942742179757,4.329,13.241348366125557
431687.0,2.5,-0.4459480046103959,0.4459480046103959,003129_2014-05-12_10-48-10_094959634447_rgbf000100-resize,-4.393470268356273,4.393470268356273,4.9305,17.9074543760639
431687.0,2.5,-0.3957105659465077,0.3957105659465077,001214_2014-06-17_16-13-55_260595134347_rgbf000111-resize,-3.2595703054008136,3.2595703054008136,2.6505,18.479282579459067
431687.0,2.5,-0.09327329961327968,0.09327329961327968,002272_2014-06-28_18-53-56_260595134347_rgbf000067-resize,-2.23825603556276,2.23825603556276,1.138,10.409245808146235
431687.0,2.5,-0.8104741238611771,0.8104741238611771,001132_2014-06-17_14-48-54_260595134347_rgbf000100-resize,-4.198341728680165,4.198341728680165,3.753,14.398279213278778
431687.0,2.5,-0.7121295836457321,0.7121295836457321,003070_2014-06-15_14-58-27_094959634447_rgbf000150-resize,-3.7142988821214624,3.7142988821214624,2.9415,10.664823740812926
431687.0,2.5,-0.20578499414632576,0.20578499414632576,000943_2014-06-09_19-31-07_260595134347_rgbf000128-resize,-2.7492988821214626,2.7492988821214626,1.9765,15.893099149291922
431687.0,2.5,-0.7696622168028652,0.7696622168028652,000709_2014-06-08_13-51-55_260595134347_rgbf000068-resize,-3.230713189004057,3.230713189004057,1.8030000000000002,14.429351101546246
431687.0,2.5,-0.2873195950088312,0.2873195950088312,000854_2014-06-09_19-43-13_260595134347_rgbf000066-resize,-3.3496131519595167,3.3496131519595167,3.068,11.910827625938722
431687.0,2.5,-0.5675913766037901,0.5675913766037901,001164_2014-06-17_15-35-46_260595134347_rgbf000085-resize,-3.2905274588421114,3.2905274588421114,2.354,17.325668807481115
431687.0,2.5,-0.6387279787803641,0.6387279787803641,001136_2014-06-17_15-19-41_260595134347_rgbf000076-resize,-3.129484612283409,3.129484612283409,1.8655,18.667799879387072
431687.0,2.5,-0.3365845665923602,0.3365845665923602,000734_2014-06-08_17-39-11_260595134347_rgbf000128-resize,-3.8884274217975694,3.8884274217975694,4.098,16.052231618370055
431687.0,2.5,-0.904230944880572,0.904230944880572,000522_2014-06-08_13-35-06_260595134347_rgbf000244-resize,-3.635484612283409,3.635484612283409,2.3715,25.742609854068213
431687.0,2.5,-0.4886418469581476,0.4886418469581476,002949_2014-06-26_15-57-42_094959634447_rgbf000079-resize,-2.9917560355627595,2.9917560355627595,1.8915,17.99500168321199
431687.0,2.5,-0.5525217305204568,0.5525217305204568,002989_2014-06-15_12-25-03_094959634447_rgbf000150-resize,-4.151655998518219,4.151655998518219,4.1975,27.906783421951957
431687.0,2.5,-0.6921713877777635,0.6921713877777635,000866_2014-06-09_20-45-42_260595134347_rgbf000139-resize,-3.8245703054008136,3.8245703054008136,3.2155,8.082259189449621
431687.0,2.5,-0.3530044621026095,0.3530044621026095,001555_2014-06-20_17-12-10_260595134347_rgbf000065-resize,-2.73325603556276,2.73325603556276,1.633,7.608284543781994
431687.0,2.5,-0.5718467657756376,0.5718467657756376,003534_2014-05-22_15-06-10_094959634447_rgbf000102-resize,-2.853713189004057,2.853713189004057,1.426,12.376994007247625
431687.0,2.5,-0.21575447311056484,0.21575447311056484,002637_2014-06-24_14-51-13_094959634447_rgbf000066-resize,-2.7682988821214627,2.7682988821214627,1.9955,10.972027795242447
431687.0,2.5,-0.4682481549251254,0.4682481549251254,000773_2014-06-08_22-24-54_260595134347_rgbf000093-resize,-4.4359702683562725,4.4359702683562725,4.973,21.45352631724976
431687.0,2.5,-0.2739779806989786,0.2739779806989786,001059_2014-06-08_21-53-27_260595134347_rgbf000061-resize,-3.027570305400814,3.027570305400814,2.4185,8.755513319222857
431687.0,2.5,-0.6680155165564233,0.6680155165564233,003292_2014-05-14_21-53-49_094959634447_rgbf000100-resize,-3.9268417286801647,3.9268417286801647,3.4815,33.084282711345374
431687.0,2.5,-1.0123560728869725,1.0123560728869725,001447_2014-06-19_17-00-32_260595134347_rgbf000082-resize,-4.583091728680165,4.583091728680165,4.13775,46.830399423560245
431687.0,2.5,-0.6730579698570355,0.6730579698570355,002758_2014-06-22_19-11-20_094959634447_rgbf000128-resize,-3.4915274588421115,3.4915274588421115,2.555,7.204478276142114
431687.0,2.5,-0.43435366001350895,0.43435366001350895,002549_2014-06-24_13-41-39_094959634447_rgbf000022-resize,-2.7399846122834086,2.7399846122834086,1.476,4.1736441355391865
431687.0,2.5,-0.07640564644184378,0.07640564644184378,002750_2014-06-22_19-08-03_094959634447_rgbf000094-resize,-2.7993417286801647,2.7993417286801647,2.354,8.789636111124727
431687.0,2.5,-0.7651444729214341,0.7651444729214341,001806_2014-06-26_20-50-20_260595134347_rgbf000091-resize,-3.667027458842112,3.667027458842112,2.7305,13.909869710567438
431687.0,2.5,-0.011770198186412341,0.011770198186412341,001617_2014-06-20_11-35-32_260595134347_rgbf000066-resize,-3.417698845076921,3.417698845076921,3.7910000000000004,19.974169961071475
431687.0,2.5,-0.4825114989402082,0.4825114989402082,000493_2014-06-09_21-01-18_260595134347_rgbf000196-resize,-3.7216131519595166,3.7216131519595166,3.44,19.629285382994567
431687.0,2.5,-0.8070442746970723,0.8070442746970723,000506_2014-06-08_23-21-00_260595134347_rgbf000070-resize,-4.340113151959517,4.340113151959517,4.0585,16.716212007621664
431687.0,2.5,-0.4544885207054762,0.4544885207054762,001450_2014-06-19_17-02-03_260595134347_rgbf000203-resize,-3.9648226651849194,3.9648226651849194,4.0106666666667,12.34882649363641
431687.0,2.5,-0.5287821175246785,0.5287821175246785,003228_2014-05-14_13-42-35_094959634447_rgbf000101-resize,-3.06825603556276,3.06825603556276,1.9680000000000002,14.40337638638131
431687.0,2.5,-0.4731244432136258,0.4731244432136258,000368_2014-06-09_15-53-01_260595134347_rgbf000155-resize,-3.258798882121462,3.258798882121462,2.4859999999999998,21.090700959072958
431687.0,2.5,-0.21590488840485603,0.21590488840485603,002763_2014-06-22_19-13-10_094959634447_rgbf000075-resize,-2.6202774588421107,2.6202774588421107,1.68375,5.5919783591245595
431687.0,2.5,-0.8726521900328718,0.8726521900328718,000009_2014-05-26_14-32-05_260595134347_rgbf000034-resize,-4.316841728680165,4.316841728680165,3.8715,34.796526826055185
431687.0,2.5,-0.39111587030709294,0.39111587030709294,001828_2014-06-26_21-40-03_260595134347_rgbf000024-resize,-4.288970268356273,4.288970268356273,4.8260000000000005,35.55232951340613
431687.0,2.5,-0.3361368089311695,0.3361368089311695,000906_2014-06-08_13-35-43_260595134347_rgbf000155-resize,-3.2943417286801653,3.2943417286801653,2.8489999999999998,16.12201726422563
431687.0,2.5,-0.2304655747868324,0.2304655747868324,001110_2014-06-15_17-25-28_260595134347_rgbf000150-resize,-2.6480274588421118,2.6480274588421118,1.7115,9.336195527413247
431687.0,2.5,-0.41040242968327423,0.41040242968327423,000927_2014-06-09_16-32-30_260595134347_rgbf000123-resize,-3.2875703054008136,3.2875703054008136,2.6785,11.715239650325241
431687.0,2.5,-1.1232201756262108,1.1232201756262108,002570_2014-06-24_13-59-54_094959634447_rgbf000059-resize,-4.646070305400813,4.646070305400813,4.037,41.596140375002705
431687.0,2.5,-0.18687621711669955,0.18687621711669955,001810_2014-06-26_20-51-35_260595134347_rgbf000040-resize,-2.861570305400813,2.861570305400813,2.2525,22.411391411207674
431687.0,2.5,-0.35097559974055925,0.35097559974055925,002663_2014-06-13_15-50-26_094959634447_rgbf000075-resize,-4.212470268356273,4.212470268356273,4.7495,16.725954086732166
431687.0,2.5,-0.4727851367460612,0.4727851367460612,000409_2014-06-04_19-23-33_260595134347_rgbf000067-resize,-3.851384575238868,3.851384575238868,3.7335,12.696549983566419
431687.0,2.5,-0.4663032207644186,0.4663032207644186,001011_2014-06-08_23-18-54_260595134347_rgbf000044-resize,-3.2457988821214627,3.2457988821214627,2.4730000000000003,11.624075606213012
431687.0,2.5,-0.5285197628150919,0.5285197628150919,002875_2014-06-01_15-19-00_094959634447_rgbf000151-resize,-3.0677560355627596,3.0677560355627596,1.9675,11.625680938349673
431687.0,2.5,-0.5820016476914732,0.5820016476914732,001092_2014-06-15_17-34-58_260595134347_rgbf000171-resize,-3.4662988821214618,3.4662988821214618,2.6935,9.164038324933468
431687.0,2.5,-0.012672689952141658,0.012672689952141658,002545_2014-06-24_13-38-53_094959634447_rgbf000080-resize,-2.5295703054008136,2.5295703054008136,1.9205,12.083824048628237
431687.0,2.5,-0.4671287607721637,0.4671287607721637,001167_2014-06-17_15-38-07_260595134347_rgbf000108-resize,-2.9507560355627596,2.9507560355627596,1.8505,12.019050657019696
431687.0,2.5,-0.5356418158528846,0.5356418158528846,003587_2014-05-23_16-48-02_094959634447_rgbf002384-resize,-2.7847131890040573,2.7847131890040573,1.357,20.788172722830538
466628.0,2.5,-0.018469493582429556,0.018469493582429556,001808_2014-06-26_20-50-58_260595134347_rgbf000029-resize,-3.642081226492908,3.642081226492908,4.249,20.030651550568866
466628.0,2.5,-0.8686807853756768,0.8686807853756768,000682_2014-06-08_23-14-58_260595134347_rgbf000041-resize,-3.7674743825209682,3.7674743825209682,2.7239999999999998,8.707843071693064
466628.0,2.5,-0.8754163386544203,0.8754163386544203,001650_2014-06-20_12-09-00_260595134347_rgbf000087-resize,-3.4065726715279827,3.4065726715279827,1.9505,47.6804595860539
466628.0,2.5,-0.5110913162110786,0.5110913162110786,001244_2014-06-17_16-47-45_260595134347_rgbf000030-resize,-3.0859743825209685,3.0859743825209685,2.0425,6.7629638807870815
466628.0,2.5,-0.7048857774240501,0.7048857774240501,003495_2014-05-21_16-01-51_094959634447_rgbf000100-resize,-3.081572671527983,3.081572671527983,1.6255,12.747278812179
466628.0,2.5,-0.4245115884488908,0.4245115884488908,000665_2014-06-09_20-42-35_260595134347_rgbf000110-resize,-3.4815769490104453,3.4815769490104453,3.057,18.49880761375764
466628.0,2.5,-0.9284949855620228,0.9284949855620228,002375_2014-06-28_20-13-44_260595134347_rgbf000032-resize,-4.4420769490104455,4.4420769490104455,4.0175,48.76103649676905
466628.0,2.5,-0.17037554403131833,0.17037554403131833,000788_2014-06-08_22-34-36_260595134347_rgbf000131-resize,-3.37097866000343,3.37097866000343,3.359,21.46386213810664
466628.0,2.5,-0.0019411468785478503,0.0019411468785478503,001094_2014-06-15_17-36-00_260595134347_rgbf000205-resize,-3.610581226492908,3.610581226492908,4.2175,17.196771274488466
466628.0,2.5,-0.4001152740565457,0.4001152740565457,000470_2014-06-09_19-42-40_260595134347_rgbf000094-resize,-2.8744743825209684,2.8744743825209684,1.831,22.486379427626872
466628.0,2.5,-0.3563903803253776,0.3563903803253776,000109_2014-05-14_23-41-52_260595134347_rgbf000035-resize,-2.6042735270244752,2.6042735270244752,1.3545,6.620498200896815
466628.0,2.5,-0.5375034727087071,0.5375034727087071,002509_2014-06-24_13-19-22_094959634447_rgbf000077-resize,-2.762572671527983,2.762572671527983,1.3065,40.21868783296904
466628.0,2.5,-0.7403036632180549,0.7403036632180549,003338_2014-05-20_11-01-23_094959634447_rgbf000051-resize,-3.149072671527983,3.149072671527983,1.693,28.251495663089063
466628.0,2.5,-0.7988962150254254,0.7988962150254254,002784_2014-06-22_19-26-30_094959634447_rgbf000083-resize,-3.260739338194683,3.260739338194683,1.8046666666667,3.0422522474895675
466628.0,2.5,-0.6147214264972278,0.6147214264972278,001100_2014-06-15_17-46-26_260595134347_rgbf000225-resize,-3.2834743825209682,3.2834743825209682,2.24,9.548860596737413
466628.0,2.5,-0.7187905770320641,0.7187905770320641,000469_2014-06-09_19-42-10_260595134347_rgbf000081-resize,-3.1080726715279825,3.1080726715279825,1.652,25.13136208408983
466628.0,2.5,-0.5535071099934018,0.5535071099934018,000483_2014-06-09_20-41-45_260595134347_rgbf000116-resize,-2.793072671527983,2.793072671527983,1.337,29.232414989368262
466628.0,2.5,-0.7392542443797121,0.7392542443797121,002964_2014-06-08_17-46-11_094959634447_rgbf000091-resize,-3.147072671527982,3.147072671527982,1.6909999999999998,28.953812917975768
466628.0,2.5,-0.2599295163685026,0.2599295163685026,002136_2014-06-25_21-18-03_260595134347_rgbf000109-resize,-2.7941752380174605,2.7941752380174605,1.9569999999999999,13.297078442475444
466628.0,2.5,-0.3253415082256878,0.3253415082256878,000929_2014-06-09_16-33-19_260595134347_rgbf000139-resize,-3.2925769490104457,3.2925769490104457,2.8680000000000003,19.501338012209015
466628.0,2.5,-0.2601008547094472,0.2601008547094472,001584_2014-06-20_11-07-43_260595134347_rgbf000002-resize,-3.5419786600034304,3.5419786600034304,3.53,17.602834139105468
466628.0,2.5,-0.641308486134562,0.641308486134562,002279_2014-06-28_18-55-32_260595134347_rgbf000040-resize,-2.9604060048612832,2.9604060048612832,1.5043333333333,15.963772282558683
466628.0,2.5,-0.5911095026345559,0.5911095026345559,002725_2014-06-22_11-47-51_094959634447_rgbf000070-resize,-3.2384743825209683,3.2384743825209683,2.195,3.938570017428758
466628.0,2.5,-0.6807491441422147,0.6807491441422147,002344_2014-06-28_20-06-29_260595134347_rgbf000030-resize,-3.0355726715279827,3.0355726715279827,1.5795,37.33165518125916
466628.0,2.5,-0.8179606572552671,0.8179606572552671,000549_2014-06-08_22-10-24_260595134347_rgbf000247-resize,-3.2970726715279826,3.2970726715279826,1.841,30.99307977870557
466628.0,2.5,-0.6648285024289093,0.6648285024289093,000736_2014-06-08_18-24-15_260595134347_rgbf000206-resize,-3.9395769490104455,3.9395769490104455,3.515,33.408170606136416
466628.0,2.5,-0.2175137225861838,0.2175137225861838,001056_2014-06-08_18-46-44_260595134347_rgbf000068-resize,-3.087076949010445,3.087076949010445,2.6625,11.38594592369452
466628.0,2.5,-0.8992906172266717,0.8992906172266717,002199_2014-06-28_18-33-56_260595134347_rgbf000074-resize,-3.452072671527983,3.452072671527983,1.996,17.12852126070164
466628.0,2.5,-0.3307652879565049,0.3307652879565049,000878_2014-06-08_22-52-45_260595134347_rgbf000045-resize,-2.9291752380174603,2.9291752380174603,2.092,5.576511521775202
466628.0,2.5,-0.4594957811923506,0.4594957811923506,002953_2014-06-08_17-32-18_094959634447_rgbf000059-resize,-2.800773527024475,2.800773527024475,1.551,13.905027931093345
466628.0,2.5,-0.29797094925835765,0.29797094925835765,002905_2014-06-03_18-04-43_094959634447_rgbf000151-resize,-2.8666752380174603,2.8666752380174603,2.0295,12.020604335789361
466628.0,2.5,-0.3760589627470309,0.3760589627470309,003129_2014-05-12_10-48-10_094959634447_rgbf000100-resize,-4.323581226492908,4.323581226492908,4.9305,17.9074543760639
466628.0,2.5,-0.4256520236558671,0.4256520236558671,000810_2014-06-08_17-20-01_260595134347_rgbf000105-resize,-2.736273527024476,2.736273527024476,1.4865,3.0958890116960642
466628.0,2.5,-0.6238154985631542,0.6238154985631542,001214_2014-06-17_16-13-55_260595134347_rgbf000111-resize,-3.4876752380174603,3.4876752380174603,2.6505,18.479282579459067
466628.0,2.5,-0.4490899355785025,0.4490899355785025,002272_2014-06-28_18-53-56_260595134347_rgbf000067-resize,-2.5940726715279827,2.5940726715279827,1.138,10.409245808146235
466628.0,2.5,-0.4153318472124913,0.4153318472124913,001571_2014-06-20_17-21-32_260595134347_rgbf000089-resize,-2.9034743825209683,2.9034743825209683,1.86,4.991960350191473
466628.0,2.5,-0.2396345137627235,0.2396345137627235,002748_2014-06-22_19-07-22_094959634447_rgbf000078-resize,-4.063581226492907,4.063581226492907,4.6705,35.71435075733748
466628.0,2.5,-0.09192881226627704,0.09192881226627704,002444_2014-06-28_20-32-08_260595134347_rgbf000027-resize,-3.7820812264929065,3.7820812264929065,4.388999999999999,17.102760279009576
466628.0,2.5,-0.6827596390493385,0.6827596390493385,000943_2014-06-09_19-31-07_260595134347_rgbf000128-resize,-3.226273527024475,3.226273527024475,1.9765,15.893099149291922
466628.0,2.5,-0.17912426581626814,0.17912426581626814,000709_2014-06-08_13-51-55_260595134347_rgbf000068-resize,-2.64017523801746,2.64017523801746,1.8030000000000002,14.429351101546246
466628.0,2.5,-1.4617791145772976,1.4617791145772976,000854_2014-06-09_19-43-13_260595134347_rgbf000066-resize,-4.524072671527984,4.524072671527984,3.068,11.910827625938722
466628.0,2.5,-0.05564086677212415,0.05564086677212415,001164_2014-06-17_15-35-46_260595134347_rgbf000085-resize,-2.778576949010445,2.778576949010445,2.354,17.325668807481115
466628.0,2.5,-0.4182177490179233,0.4182177490179233,001136_2014-06-17_15-19-41_260595134347_rgbf000076-resize,-2.9089743825209675,2.9089743825209675,1.8655,18.667799879387072
466628.0,2.5,-0.6747979813931486,0.6747979813931486,000739_2014-06-08_18-45-58_260595134347_rgbf000068-resize,-3.9585769490104448,3.9585769490104448,3.534,8.164356963721069
466628.0,2.5,-0.9707340938052352,0.9707340938052352,000734_2014-06-08_17-39-11_260595134347_rgbf000128-resize,-4.522576949010445,4.522576949010445,4.098,16.052231618370055
466628.0,2.5,-1.096319004125146,1.096319004125146,000522_2014-06-08_13-35-06_260595134347_rgbf000244-resize,-3.827572671527983,3.827572671527983,2.3715,25.742609854068213
466628.0,2.5,-0.7088210980678323,0.7088210980678323,001555_2014-06-20_17-12-10_260595134347_rgbf000065-resize,-3.089072671527983,3.089072671527983,1.633,7.608284543781994
466628.0,2.5,-0.6002062482995631,0.6002062482995631,003534_2014-05-22_15-06-10_094959634447_rgbf000102-resize,-2.8820726715279825,2.8820726715279825,1.426,12.376994007247625
466628.0,2.5,-0.4864299735100701,0.4864299735100701,002637_2014-06-24_14-51-13_094959634447_rgbf000066-resize,-3.0389743825209683,3.0389743825209683,1.9955,10.972027795242447
466628.0,2.5,-0.1022543359078092,0.1022543359078092,001016_2014-06-09_16-16-10_260595134347_rgbf000112-resize,-2.4936752380174605,2.4936752380174605,1.6565,7.049977084494088
466628.0,2.5,-0.3983591130617604,0.3983591130617604,000773_2014-06-08_22-24-54_260595134347_rgbf000093-resize,-4.3660812264929065,4.3660812264929065,4.973,21.45352631724976
466628.0,2.5,-0.078286367367851,0.078286367367851,002414_2014-06-28_20-24-58_260595134347_rgbf000067-resize,-3.756081226492909,3.756081226492909,4.363,31.720662178139435
466628.0,2.5,-0.13915265999160942,0.13915265999160942,000447_2014-06-08_16-15-46_260595134347_rgbf000130-resize,-3.872081226492908,3.872081226492908,4.479,19.081432914605553
466628.0,2.5,-0.9915912932172528,0.9915912932172528,001447_2014-06-19_17-00-32_260595134347_rgbf000082-resize,-4.562326949010446,4.562326949010446,4.13775,46.830399423560245
466628.0,2.5,-0.01007414287569286,0.01007414287569286,001066_2014-06-08_22-03-20_260595134347_rgbf000066-resize,-3.626081226492909,3.626081226492909,4.2330000000000005,19.743449467077777
466628.0,2.5,-0.2194332011246648,0.2194332011246648,000742_2014-06-08_18-48-09_260595134347_rgbf000164-resize,-4.025081226492907,4.025081226492907,4.632,18.91549953899407
466628.0,2.5,-0.5737057490323846,0.5737057490323846,002758_2014-06-22_19-11-20_094959634447_rgbf000128-resize,-3.3921752380174603,3.3921752380174603,2.555,7.204478276142114
466628.0,2.5,-0.2138434302510681,0.2138434302510681,002549_2014-06-24_13-41-39_094959634447_rgbf000022-resize,-2.519474382520968,2.519474382520968,1.476,4.1736441355391865
466628.0,2.5,-0.6745383002826464,0.6745383002826464,002750_2014-06-22_19-08-03_094959634447_rgbf000094-resize,-3.397474382520968,3.397474382520968,2.354,8.789636111124727
466628.0,2.5,-0.09604349204824064,0.09604349204824064,000502_2014-06-08_23-02-32_260595134347_rgbf000063-resize,-2.855576949010445,2.855576949010445,2.431,13.897287578908273
466628.0,2.5,-0.2531939630897681,0.2531939630897681,001806_2014-06-26_20-50-20_260595134347_rgbf000091-resize,-3.1550769490104456,3.1550769490104456,2.7305,13.909869710567438
466628.0,2.5,-0.6254752959911372,0.6254752959911372,000493_2014-06-09_21-01-18_260595134347_rgbf000196-resize,-3.864576949010445,3.864576949010445,3.44,19.629285382994567
466628.0,2.5,-0.33032624770780744,0.33032624770780744,003079_2014-06-15_15-18-20_094959634447_rgbf000152-resize,-3.3020769490104454,3.3020769490104454,2.8775,9.032134209869396
466628.0,2.5,-0.631771809021181,0.631771809021181,001449_2014-06-19_17-01-27_260595134347_rgbf000116-resize,-3.876576949010445,3.876576949010445,3.452,8.994872108877228
466628.0,2.5,-0.267361117407362,0.267361117407362,002600_2014-06-24_14-27-04_094959634447_rgbf000074-resize,-3.182076949010445,3.182076949010445,2.7575,44.47386082434929
466628.0,2.5,-1.0908978979934087,1.0908978979934087,003228_2014-05-14_13-42-35_094959634447_rgbf000101-resize,-3.63037181603149,3.63037181603149,1.9680000000000002,14.40337638638131
466628.0,2.5,-0.1249025101026086,0.1249025101026086,000368_2014-06-09_15-53-01_260595134347_rgbf000155-resize,-2.9105769490104456,2.9105769490104456,2.4859999999999998,21.090700959072958
466628.0,2.5,-0.3785138451010052,0.3785138451010052,002678_2014-06-13_16-15-32_094959634447_rgbf000151-resize,-3.0201752380174605,3.0201752380174605,2.1830000000000003,32.96558503300821
466628.0,2.5,-0.7354501010907276,0.7354501010907276,002763_2014-06-22_19-13-10_094959634447_rgbf000075-resize,-3.139822671527983,3.139822671527983,1.68375,5.5919783591245595
466628.0,2.5,-0.5186996027890483,0.5186996027890483,002209_2014-06-28_18-36-10_260595134347_rgbf000051-resize,-3.1004743825209684,3.1004743825209684,2.057,12.962068825921264
466628.0,2.5,-0.94012426195425,0.94012426195425,001828_2014-06-26_21-40-03_260595134347_rgbf000024-resize,-4.837978660003429,4.837978660003429,4.8260000000000005,35.55232951340613
466628.0,2.5,-0.22590907329290585,0.22590907329290585,000927_2014-06-09_16-32-30_260595134347_rgbf000123-resize,-3.103076949010445,3.103076949010445,2.6785,11.715239650325241
466628.0,2.5,-0.11808128765340135,0.11808128765340135,001011_2014-06-08_23-18-54_260595134347_rgbf000044-resize,-2.8975769490104457,2.8975769490104457,2.4730000000000003,11.624075606213012
466628.0,2.5,-0.8843363987803148,0.8843363987803148,002875_2014-06-01_15-19-00_094959634447_rgbf000151-resize,-3.4235726715279826,3.4235726715279826,1.9675,11.625680938349673
466628.0,2.5,-0.8526771480909785,0.8526771480909785,001092_2014-06-15_17-34-58_260595134347_rgbf000171-resize,-3.7369743825209683,3.7369743825209683,2.6935,9.164038324933468
466628.0,2.5,-0.4103471077303715,0.4103471077303715,001167_2014-06-17_15-38-07_260595134347_rgbf000108-resize,-2.8939743825209683,2.8939743825209683,1.8505,12.019050657019696
466628.0,2.5,-0.5640012983768101,0.5640012983768101,003587_2014-05-23_16-48-02_094959634447_rgbf002384-resize,-2.8130726715279826,2.8130726715279826,1.357,20.788172722830538
276990.0,2.5,-0.07134799580422048,0.07134799580422048,001808_2014-06-26_20-50-58_260595134347_rgbf000029-resize,-3.694959728714698,3.694959728714698,4.249,20.030651550568866
276990.0,2.5,-0.17623055304387605,0.17623055304387605,001029_2014-06-08_13-17-57_260595134347_rgbf000065-resize,-3.2458911139974167,3.2458911139974167,3.0835,18.209734661918688
276990.0,2.5,-0.7823714462432283,0.7823714462432283,000677_2014-06-08_23-10-32_260595134347_rgbf000158-resize,-4.076606806638777,4.076606806638777,3.556,19.65196273325612
276990.0,2.5,-0.2529989688947515,0.2529989688947515,003081_2014-06-15_15-19-16_094959634447_rgbf000150-resize,-3.716675421356058,3.716675421356058,3.9125,16.632991649560594
276990.0,2.5,-0.3458132094934849,0.3458132094934849,000682_2014-06-08_23-14-58_260595134347_rgbf000041-resize,-3.2446068066387763,3.2446068066387763,2.7239999999999998,8.707843071693064
276990.0,2.5,-1.0145975516892904,1.0145975516892904,001650_2014-06-20_12-09-00_260595134347_rgbf000087-resize,-3.5457538845628527,3.5457538845628527,1.9505,47.6804595860539
276990.0,2.5,-0.3464394329702456,0.3464394329702456,001244_2014-06-17_16-47-45_260595134347_rgbf000030-resize,-2.9213224992801345,2.9213224992801345,2.0425,6.7629638807870815
276990.0,2.5,-0.4858512978175609,0.4858512978175609,003495_2014-05-21_16-01-51_094959634447_rgbf000100-resize,-2.8625381919214936,2.8625381919214936,1.6255,12.747278812179
276990.0,2.5,-0.024022634021292236,0.024022634021292236,000556_2014-06-09_22-42-56_260595134347_rgbf000214-resize,-3.92924403607334,3.92924403607334,4.8415,23.88242025565649
276990.0,2.5,-0.8787571387185802,0.8787571387185802,000665_2014-06-09_20-42-35_260595134347_rgbf000110-resize,-3.9358224992801354,3.9358224992801354,3.057,18.49880761375764
276990.0,2.5,-1.0245248431903533,1.0245248431903533,002375_2014-06-28_20-13-44_260595134347_rgbf000032-resize,-4.538106806638777,4.538106806638777,4.0175,48.76103649676905
276990.0,2.5,-0.41303534174169804,0.41303534174169804,001094_2014-06-15_17-36-00_260595134347_rgbf000205-resize,-4.021675421356059,4.021675421356059,4.2175,17.196771274488466
276990.0,2.5,-0.23546339081571266,0.23546339081571266,000470_2014-06-09_19-42-40_260595134347_rgbf000094-resize,-2.7098224992801345,2.7098224992801345,1.831,22.486379427626872
276990.0,2.5,-0.22164604277757735,0.22164604277757735,002784_2014-06-22_19-26-30_094959634447_rgbf000083-resize,-2.6834891659468347,2.6834891659468347,1.8046666666667,3.0422522474895675
276990.0,2.5,-1.166500928539113,1.166500928539113,001100_2014-06-15_17-46-26_260595134347_rgbf000225-resize,-3.835253884562853,3.835253884562853,2.24,9.548860596737413
276990.0,2.5,-0.4997560974255748,0.4997560974255748,000469_2014-06-09_19-42-10_260595134347_rgbf000081-resize,-2.8890381919214936,2.8890381919214936,1.652,25.13136208408983
276990.0,2.5,-0.692688323028272,0.692688323028272,000483_2014-06-09_20-41-45_260595134347_rgbf000116-resize,-2.932253884562853,2.932253884562853,1.337,29.232414989368262
276990.0,2.5,-0.520219764773223,0.520219764773223,002964_2014-06-08_17-46-11_094959634447_rgbf000091-resize,-2.9280381919214937,2.9280381919214937,1.6909999999999998,28.953812917975768
276990.0,2.5,-0.659792470272536,0.659792470272536,002136_2014-06-25_21-18-03_260595134347_rgbf000109-resize,-3.1940381919214937,3.1940381919214937,1.9569999999999999,13.297078442475444
276990.0,2.5,-0.3791915842052235,0.3791915842052235,000691_2014-06-08_13-08-50_260595134347_rgbf000132-resize,-3.9571754213560575,3.9571754213560575,4.1530000000000005,14.740846212587924
276990.0,2.5,-0.06315567321265914,0.06315567321265914,000929_2014-06-09_16-33-19_260595134347_rgbf000139-resize,-3.030391113997417,3.030391113997417,2.8680000000000003,19.501338012209015
276990.0,2.5,-0.11473803694335535,0.11473803694335535,000457_2014-06-08_16-52-43_260595134347_rgbf000199-resize,-3.453175421356058,3.453175421356058,3.6489999999999996,14.067279821032837
276990.0,2.5,-0.2902533376558433,0.2902533376558433,003621_2014-05-23_18-06-08_094959634447_rgbf000101-resize,-3.7876754213560577,3.7876754213560577,3.9835,23.07176470133362
276990.0,2.5,-0.4105133087034337,0.4105133087034337,001584_2014-06-20_11-07-43_260595134347_rgbf000002-resize,-3.6923911139974166,3.6923911139974166,3.53,17.602834139105468
276990.0,2.5,-0.11237684455708594,0.11237684455708594,003490_2014-05-21_15-50-11_094959634447_rgbf000101-resize,-3.4486754213560578,3.4486754213560578,3.6445,19.999457360175192
276990.0,2.5,-0.7804896991694322,0.7804896991694322,002279_2014-06-28_18-55-32_260595134347_rgbf000040-resize,-3.099587217896153,3.099587217896153,1.5043333333333,15.963772282558683
276990.0,2.5,-0.3629677796741155,0.3629677796741155,000635_2014-06-08_16-38-42_260595134347_rgbf000106-resize,-2.952822499280135,2.952822499280135,2.074,10.796976226722654
276990.0,2.5,-0.05030029244299017,0.05030029244299017,002043_2014-06-24_20-29-38_260595134347_rgbf000039-resize,-3.005891113997417,3.005891113997417,2.8435,8.475049543704081
276990.0,2.5,-0.3007475260392464,0.3007475260392464,003048_2014-06-15_13-49-43_094959634447_rgbf000150-resize,-3.8076754213560577,3.8076754213560577,4.0035,24.355606534500392
276990.0,2.5,-0.8199303571770848,0.8199303571770848,002344_2014-06-28_20-06-29_260595134347_rgbf000030-resize,-3.174753884562853,3.174753884562853,1.5795,37.33165518125916
276990.0,2.5,-0.19102393083822825,0.19102393083822825,001055_2014-06-08_18-45-35_260595134347_rgbf000111-resize,-2.9496068066387764,2.9496068066387764,2.4290000000000003,8.406298609581565
276990.0,2.5,-0.598926177648778,0.598926177648778,000549_2014-06-08_22-10-24_260595134347_rgbf000247-resize,-3.0780381919214936,3.0780381919214936,1.841,30.99307977870557
276990.0,2.5,-0.18662322736969247,0.18662322736969247,000137_2014-05-20_17-04-49_260595134347_rgbf000120-resize,-3.590175421356058,3.590175421356058,3.786,14.89611111351161
276990.0,2.5,-0.31354358021451434,0.31354358021451434,001056_2014-06-08_18-46-44_260595134347_rgbf000068-resize,-3.183106806638776,3.183106806638776,2.6625,11.38594592369452
276990.0,2.5,-0.6802561376201826,0.6802561376201826,002199_2014-06-28_18-33-56_260595134347_rgbf000074-resize,-3.233038191921493,3.233038191921493,1.996,17.12852126070164
276990.0,2.5,-0.014196856577820547,0.014196856577820547,000878_2014-06-08_22-52-45_260595134347_rgbf000045-resize,-2.612606806638776,2.612606806638776,2.092,5.576511521775202
276990.0,2.5,-0.44676044608936905,0.44676044608936905,002953_2014-06-08_17-32-18_094959634447_rgbf000059-resize,-2.7880381919214936,2.7880381919214936,1.551,13.905027931093345
276990.0,2.5,-0.3396182105210321,0.3396182105210321,002905_2014-06-03_18-04-43_094959634447_rgbf000151-resize,-2.908322499280134,2.908322499280134,2.0295,12.020604335789361
276990.0,2.5,-0.05470099591152666,0.05470099591152666,000810_2014-06-08_17-20-01_260595134347_rgbf000105-resize,-2.3653224992801345,2.3653224992801345,1.4865,3.0958890116960642
276990.0,2.5,-0.25067996397165826,0.25067996397165826,001571_2014-06-20_17-21-32_260595134347_rgbf000089-resize,-2.738822499280135,2.738822499280135,1.86,4.991960350191473
276990.0,2.5,-0.4098870852266839,0.4098870852266839,001133_2014-06-17_14-49-16_260595134347_rgbf000100-resize,-4.015675421356058,4.015675421356058,4.2115,26.759918254713728
276990.0,2.5,-0.5275235091784286,0.5275235091784286,001132_2014-06-17_14-48-54_260595134347_rgbf000100-resize,-3.915391113997417,3.915391113997417,3.753,14.398279213278778
276990.0,2.5,-0.10172181552168624,0.10172181552168624,003070_2014-06-15_14-58-27_094959634447_rgbf000150-resize,-3.1038911139974172,3.1038911139974172,2.9415,10.664823740812926
276990.0,2.5,-0.6700243039463569,0.6700243039463569,000943_2014-06-09_19-31-07_260595134347_rgbf000128-resize,-3.2135381919214936,3.2135381919214936,1.9765,15.893099149291922
276990.0,2.5,-0.33233160524704985,0.33233160524704985,000758_2014-06-08_22-05-08_260595134347_rgbf000085-resize,-3.543391113997417,3.543391113997417,3.3810000000000002,11.91317737826679
276990.0,2.5,-1.2427446349708084,1.2427446349708084,000854_2014-06-09_19-43-13_260595134347_rgbf000066-resize,-4.3050381919214935,4.3050381919214935,3.068,11.910827625938722
276990.0,2.5,-0.5098864170418136,0.5098864170418136,001164_2014-06-17_15-35-46_260595134347_rgbf000085-resize,-3.232822499280135,3.232822499280135,2.354,17.325668807481115
276990.0,2.5,-0.23090184669517755,0.23090184669517755,002153_2014-06-25_21-27-18_260595134347_rgbf000038-resize,-3.0256068066387765,3.0256068066387765,2.505,17.28886317575377
276990.0,2.5,-0.0764342493439237,0.0764342493439237,002660_2014-06-13_15-44-18_094959634447_rgbf001878-resize,-3.380175421356058,3.380175421356058,3.576,15.11997681444361
276990.0,2.5,-0.7708278390214791,0.7708278390214791,000739_2014-06-08_18-45-58_260595134347_rgbf000068-resize,-4.054606806638777,4.054606806638777,3.534,8.164356963721069
276990.0,2.5,-0.7085482587922066,0.7085482587922066,000734_2014-06-08_17-39-11_260595134347_rgbf000128-resize,-4.260391113997416,4.260391113997416,4.098,16.052231618370055
276990.0,2.5,-1.2355002171600162,1.2355002171600162,000522_2014-06-08_13-35-06_260595134347_rgbf000244-resize,-3.966753884562853,3.966753884562853,2.3715,25.742609854068213
276990.0,2.5,-0.6254240033168813,0.6254240033168813,002949_2014-06-26_15-57-42_094959634447_rgbf000079-resize,-3.1285381919214936,3.1285381919214936,1.8915,17.99500168321199
276990.0,2.5,-0.2454921963743665,0.2454921963743665,000866_2014-06-09_20-45-42_260595134347_rgbf000139-resize,-3.3778911139974173,3.3778911139974173,3.2155,8.082259189449621
276990.0,2.5,-0.1315709258199843,0.1315709258199843,001555_2014-06-20_17-12-10_260595134347_rgbf000065-resize,-2.5118224992801346,2.5118224992801346,1.633,7.608284543781994
276990.0,2.5,-0.381171768693074,0.381171768693074,003534_2014-05-22_15-06-10_094959634447_rgbf000102-resize,-2.6630381919214936,2.6630381919214936,1.426,12.376994007247625
276990.0,2.5,-0.3217780902692371,0.3217780902692371,002637_2014-06-24_14-51-13_094959634447_rgbf000066-resize,-2.874322499280135,2.874322499280135,1.9955,10.972027795242447
276990.0,2.5,-0.14390159717048367,0.14390159717048367,001016_2014-06-09_16-16-10_260595134347_rgbf000112-resize,-2.535322499280135,2.535322499280135,1.6565,7.049977084494088
276990.0,2.5,-0.8094533079249105,0.8094533079249105,000773_2014-06-08_22-24-54_260595134347_rgbf000093-resize,-4.777175421356059,4.777175421356059,4.973,21.45352631724976
276990.0,2.5,-0.4893805622310011,0.4893805622310011,002414_2014-06-28_20-24-58_260595134347_rgbf000067-resize,-4.167175421356059,4.167175421356059,4.363,31.720662178139435
276990.0,2.5,-0.5437301745782996,0.5437301745782996,001059_2014-06-08_21-53-27_260595134347_rgbf000061-resize,-3.297322499280135,3.297322499280135,2.4185,8.755513319222857
276990.0,2.5,-0.2754006332670683,0.2754006332670683,001032_2014-06-08_13-23-17_260595134347_rgbf000021-resize,-3.4348911139974168,3.4348911139974168,3.2725,15.984983178828962
276990.0,2.5,-0.026849209232316124,0.026849209232316124,003292_2014-05-14_21-53-49_094959634447_rgbf000100-resize,-3.285675421356058,3.285675421356058,3.4815,33.084282711345374
276990.0,2.5,-1.086178199942866,1.086178199942866,001392_2014-06-19_16-07-59_260595134347_rgbf000046-resize,-4.655606806638777,4.655606806638777,4.135,18.95235574822112
276990.0,2.5,-1.0876211508455833,1.0876211508455833,001447_2014-06-19_17-00-32_260595134347_rgbf000082-resize,-4.658356806638777,4.658356806638777,4.13775,46.830399423560245
276990.0,2.5,-0.2571373176537002,0.2571373176537002,002758_2014-06-22_19-11-20_094959634447_rgbf000128-resize,-3.0756068066387767,3.0756068066387767,2.555,7.204478276142114
276990.0,2.5,-0.5502890423179301,0.5502890423179301,000502_2014-06-08_23-02-32_260595134347_rgbf000063-resize,-3.309822499280135,3.309822499280135,2.431,13.897287578908273
276990.0,2.5,-0.34922382071809865,0.34922382071809865,001806_2014-06-26_20-50-20_260595134347_rgbf000091-resize,-3.2511068066387763,3.2511068066387763,2.7305,13.909869710567438
276990.0,2.5,-0.1892467744655489,0.1892467744655489,001617_2014-06-20_11-35-32_260595134347_rgbf000066-resize,-3.5951754213560583,3.5951754213560583,3.7910000000000004,19.974169961071475
276990.0,2.5,-0.3632894609781085,0.3632894609781085,000493_2014-06-09_21-01-18_260595134347_rgbf000196-resize,-3.6023911139974167,3.6023911139974167,3.44,19.629285382994567
276990.0,2.5,-0.7278016666495115,0.7278016666495115,001449_2014-06-19_17-01-27_260595134347_rgbf000116-resize,-3.9726068066387765,3.9726068066387765,3.452,8.994872108877228
276990.0,2.5,-0.3633909750356925,0.3633909750356925,002600_2014-06-24_14-27-04_094959634447_rgbf000074-resize,-3.2781068066387755,3.2781068066387755,2.7575,44.47386082434929
276990.0,2.5,-1.0237799665247715,1.0237799665247715,003228_2014-05-14_13-42-35_094959634447_rgbf000101-resize,-3.5632538845628527,3.5632538845628527,1.9680000000000002,14.40337638638131
276990.0,2.5,-0.2209323677309392,0.2209323677309392,000368_2014-06-09_15-53-01_260595134347_rgbf000155-resize,-3.0066068066387768,3.0066068066387768,2.4859999999999998,21.090700959072958
276990.0,2.5,-0.4201611063636797,0.4201611063636797,002678_2014-06-13_16-15-32_094959634447_rgbf000151-resize,-3.061822499280135,3.061822499280135,2.1830000000000003,32.96558503300821
276990.0,2.5,-0.7122634121895741,0.7122634121895741,002209_2014-06-28_18-36-10_260595134347_rgbf000051-resize,-3.2940381919214934,3.2940381919214934,2.057,12.962068825921264
276990.0,2.5,-0.4566284109960206,0.4566284109960206,001810_2014-06-26_20-51-35_260595134347_rgbf000040-resize,-3.1313224992801345,3.1313224992801345,2.2525,22.411391411207674
276990.0,2.5,-0.5172916755046103,0.5172916755046103,000409_2014-06-04_19-23-33_260595134347_rgbf000067-resize,-3.8958911139974166,3.8958911139974166,3.7335,12.696549983566419
276990.0,2.5,-0.6880252648501455,0.6880252648501455,001092_2014-06-15_17-34-58_260595134347_rgbf000171-resize,-3.5723224992801343,3.5723224992801343,2.6935,9.164038324933468
138760.0,2.5,-0.3242156612465446,0.3242156612465446,001808_2014-06-26_20-50-58_260595134347_rgbf000029-resize,-3.947827394157023,3.947827394157023,4.249,20.030651550568866
138760.0,2.5,-0.6813869674613078,0.6813869674613078,001029_2014-06-08_13-17-57_260595134347_rgbf000065-resize,-3.751047528414849,3.751047528414849,3.0835,18.209734661918688
138760.0,2.5,-0.44495210089038795,0.44495210089038795,000677_2014-06-08_23-10-32_260595134347_rgbf000158-resize,-3.739187461285936,3.739187461285936,3.556,19.65196273325612
138760.0,2.5,-0.037408690435261516,0.037408690435261516,001417_2014-06-19_16-25-36_260595134347_rgbf000115-resize,-3.83996732702811,3.83996732702811,4.6255,49.17091269608214
138760.0,2.5,-0.1476509416957164,0.1476509416957164,003081_2014-06-15_15-19-16_094959634447_rgbf000150-resize,-3.6113273941570228,3.6113273941570228,3.9125,16.632991649560594
138760.0,2.5,-0.008393864140644636,0.008393864140644636,000682_2014-06-08_23-14-58_260595134347_rgbf000041-resize,-2.907187461285936,2.907187461285936,2.7239999999999998,8.707843071693064
138760.0,2.5,-0.5712512626701987,0.5712512626701987,001650_2014-06-20_12-09-00_260595134347_rgbf000087-resize,-3.1024075955437613,3.1024075955437613,1.9505,47.6804595860539
138760.0,2.5,-0.13516446210495925,0.13516446210495925,001244_2014-06-17_16-47-45_260595134347_rgbf000030-resize,-2.7100475284148478,2.7100475284148478,2.0425,6.7629638807870815
138760.0,2.5,-0.4007207014398284,0.4007207014398284,003495_2014-05-21_16-01-51_094959634447_rgbf000100-resize,-2.7774075955437607,2.7774075955437607,1.6255,12.747278812179
138760.0,2.5,-0.15074592497606298,0.15074592497606298,000556_2014-06-09_22-42-56_260595134347_rgbf000214-resize,-4.05596732702811,4.05596732702811,4.8415,23.88242025565649
138760.0,2.5,-0.6949761391250748,0.6949761391250748,001150_2014-06-17_15-27-34_260595134347_rgbf000108-resize,-4.2156874612859365,4.2156874612859365,4.0325,11.088139074292139
138760.0,2.5,-0.6674821678532938,0.6674821678532938,000665_2014-06-09_20-42-35_260595134347_rgbf000110-resize,-3.7245475284148477,3.7245475284148477,3.057,18.49880761375764
138760.0,2.5,-0.6871054978375131,0.6871054978375131,002375_2014-06-28_20-13-44_260595134347_rgbf000032-resize,-4.200687461285936,4.200687461285936,4.0175,48.76103649676905
138760.0,2.5,-0.1610843051192185,0.1610843051192185,002568_2014-06-24_13-59-21_094959634447_rgbf000062-resize,-3.198187461285936,3.198187461285936,3.015,29.63840999388049
138760.0,2.5,-0.4997842351936945,0.4997842351936945,001235_2014-06-17_16-37-36_260595134347_rgbf000084-resize,-3.8436874612859353,3.8436874612859353,3.6605,14.547706659434104
138760.0,2.5,-0.25852444884466363,0.25852444884466363,000109_2014-05-14_23-41-52_260595134347_rgbf000035-resize,-2.506407595543761,2.506407595543761,1.3545,6.620498200896815
138760.0,2.5,-0.23333839672448556,0.23333839672448556,002509_2014-06-24_13-19-22_094959634447_rgbf000077-resize,-2.4584075955437608,2.4584075955437608,1.3065,40.21868783296904
138760.0,2.5,-0.4361385872338333,0.4361385872338333,003338_2014-05-20_11-01-23_094959634447_rgbf000051-resize,-2.844907595543761,2.844907595543761,1.693,28.251495663089063
138760.0,2.5,-0.01037107191229103,0.01037107191229103,002784_2014-06-22_19-26-30_094959634447_rgbf000083-resize,-2.4722141950815484,2.4722141950815484,1.8046666666667,3.0422522474895675
138760.0,2.5,-0.2387945723911085,0.2387945723911085,001100_2014-06-15_17-46-26_260595134347_rgbf000225-resize,-2.9075475284148484,2.9075475284148484,2.24,9.548860596737413
138760.0,2.5,-0.4146255010478424,0.4146255010478424,000469_2014-06-09_19-42-10_260595134347_rgbf000081-resize,-2.8039075955437607,2.8039075955437607,1.652,25.13136208408983
138760.0,2.5,-0.2493420340091802,0.2493420340091802,000483_2014-06-09_20-41-45_260595134347_rgbf000116-resize,-2.4889075955437607,2.4889075955437607,1.337,29.232414989368262
138760.0,2.5,-0.09030180676589072,0.09030180676589072,002136_2014-06-25_21-18-03_260595134347_rgbf000109-resize,-2.6245475284148485,2.6245475284148485,1.9569999999999999,13.297078442475444
138760.0,2.5,-0.4076444588946287,0.4076444588946287,002039_2014-06-24_20-22-38_260595134347_rgbf000084-resize,-4.106827394157024,4.106827394157024,4.408,15.524303639345458
138760.0,2.5,-0.2738435570061884,0.2738435570061884,000691_2014-06-08_13-08-50_260595134347_rgbf000132-resize,-3.851827394157024,3.851827394157024,4.1530000000000005,14.740846212587924
138760.0,2.5,-0.08395202050117806,0.08395202050117806,000929_2014-06-09_16-33-19_260595134347_rgbf000139-resize,-3.051187461285936,3.051187461285936,2.8680000000000003,19.501338012209015
138760.0,2.5,-0.493750076873233,0.493750076873233,000457_2014-06-08_16-52-43_260595134347_rgbf000199-resize,-3.832187461285936,3.832187461285936,3.6489999999999996,14.067279821032837
138760.0,2.5,-0.33714341015034044,0.33714341015034044,002279_2014-06-28_18-55-32_260595134347_rgbf000040-resize,-2.656240928877061,2.656240928877061,1.5043333333333,15.963772282558683
138760.0,2.5,-0.5137955812710455,0.5137955812710455,000549_2014-06-08_22-10-24_260595134347_rgbf000247-resize,-2.992907595543761,2.992907595543761,1.841,30.99307977870557
138760.0,2.5,-0.4234390147043995,0.4234390147043995,000736_2014-06-08_18-24-15_260595134347_rgbf000206-resize,-3.698187461285936,3.698187461285936,3.515,33.408170606136416
138760.0,2.5,-0.08127520017065742,0.08127520017065742,000137_2014-05-20_17-04-49_260595134347_rgbf000120-resize,-3.4848273941570227,3.4848273941570227,3.786,14.89611111351161
138760.0,2.5,-0.09103559765998233,0.09103559765998233,000642_2014-06-08_16-59-25_260595134347_rgbf000098-resize,-3.0646874612859354,3.0646874612859354,2.8815,31.36214301237791
138760.0,2.5,-0.13899323627939825,0.13899323627939825,002425_2014-06-28_20-27-29_260595134347_rgbf000031-resize,-3.594827394157023,3.594827394157023,3.8960000000000004,8.40495801096819
138760.0,2.5,-0.5951255412424501,0.5951255412424501,002199_2014-06-28_18-33-56_260595134347_rgbf000074-resize,-3.1479075955437614,3.1479075955437614,1.996,17.12852126070164
138760.0,2.5,-0.05241618211628768,0.05241618211628768,002323_2014-06-28_20-01-54_260595134347_rgbf000051-resize,-3.429827394157023,3.429827394157023,3.7310000000000003,18.09172628388976
138760.0,2.5,-0.3616298497116366,0.3616298497116366,002953_2014-06-08_17-32-18_094959634447_rgbf000059-resize,-2.7029075955437607,2.7029075955437607,1.551,13.905027931093345
138760.0,2.5,-0.2883263392680335,0.2883263392680335,003423_2014-05-21_10-23-26_094959634447_rgbf002665-resize,-3.4406874612859357,3.4406874612859357,3.2575,35.43119222475438
138760.0,2.5,-0.19744506328223327,0.19744506328223327,003129_2014-05-12_10-48-10_094959634447_rgbf000100-resize,-4.1449673270281115,4.1449673270281115,4.9305,17.9074543760639
138760.0,2.5,-0.11165507324787917,0.11165507324787917,002988_2014-06-15_12-24-20_094959634447_rgbf000150-resize,-3.981467327028111,3.981467327028111,4.7669999999999995,14.460306569198616
138760.0,2.5,-0.14492485959428092,0.14492485959428092,002272_2014-06-28_18-53-56_260595134347_rgbf000067-resize,-2.2899075955437613,2.2899075955437613,1.138,10.409245808146235
138760.0,2.5,-0.5237650602352847,0.5237650602352847,001571_2014-06-20_17-21-32_260595134347_rgbf000089-resize,-3.0119075955437613,3.0119075955437613,1.86,4.991960350191473
138760.0,2.5,-0.5918707382580959,0.5918707382580959,002995_2014-06-15_12-31-26_094959634447_rgbf000150-resize,-4.019187461285935,4.019187461285935,3.8360000000000003,27.231594395483473
138760.0,2.5,-0.3976749799303921,0.3976749799303921,002444_2014-06-28_20-32-08_260595134347_rgbf000027-resize,-4.0878273941570225,4.0878273941570225,4.388999999999999,17.102760279009576
138760.0,2.5,-0.06395978933803488,0.06395978933803488,001132_2014-06-17_14-48-54_260595134347_rgbf000100-resize,-3.4518273941570228,3.4518273941570228,3.753,14.398279213278778
138760.0,2.5,-0.12251816281020515,0.12251816281020515,003070_2014-06-15_14-58-27_094959634447_rgbf000150-resize,-3.1246874612859354,3.1246874612859354,2.9415,10.664823740812926
138760.0,2.5,-0.10053364043971168,0.10053364043971168,000943_2014-06-09_19-31-07_260595134347_rgbf000128-resize,-2.6440475284148484,2.6440475284148484,1.9765,15.893099149291922
138760.0,2.5,-0.009496556213656304,0.009496556213656304,000709_2014-06-08_13-51-55_260595134347_rgbf000068-resize,-2.4705475284148486,2.4705475284148486,1.8030000000000002,14.429351101546246
138760.0,2.5,-0.6732539714641632,0.6732539714641632,000854_2014-06-09_19-43-13_260595134347_rgbf000066-resize,-3.735547528414848,3.735547528414848,3.068,11.910827625938722
138760.0,2.5,-0.29861144617652724,0.29861144617652724,001164_2014-06-17_15-35-46_260595134347_rgbf000085-resize,-3.0215475284148487,3.0215475284148487,2.354,17.325668807481115
138760.0,2.5,-0.04229089491180393,0.04229089491180393,001136_2014-06-17_15-19-41_260595134347_rgbf000076-resize,-2.5330475284148486,2.5330475284148486,1.8655,18.667799879387072
138760.0,2.5,-0.3778425684712501,0.3778425684712501,002153_2014-06-25_21-27-18_260595134347_rgbf000038-resize,-3.1725475284148485,3.1725475284148485,2.505,17.28886317575377
138760.0,2.5,-0.9177685607975516,0.9177685607975516,000739_2014-06-08_18-45-58_260595134347_rgbf000068-resize,-4.2015475284148485,4.2015475284148485,3.534,8.164356963721069
138760.0,2.5,-0.7293446060807256,0.7293446060807256,000734_2014-06-08_17-39-11_260595134347_rgbf000128-resize,-4.281187461285937,4.281187461285937,4.098,16.052231618370055
138760.0,2.5,-0.7921539281409244,0.7921539281409244,000522_2014-06-08_13-35-06_260595134347_rgbf000244-resize,-3.5234075955437616,3.5234075955437616,2.3715,25.742609854068213
138760.0,2.5,-0.05593333981023607,0.05593333981023607,002949_2014-06-26_15-57-42_094959634447_rgbf000079-resize,-2.5590475284148484,2.5590475284148484,1.8915,17.99500168321199
138760.0,2.5,-0.2971931261592607,0.2971931261592607,002989_2014-06-15_12-25-03_094959634447_rgbf000150-resize,-3.896327394157023,3.896327394157023,4.1975,27.906783421951957
138760.0,2.5,-0.4046560220836107,0.4046560220836107,001555_2014-06-20_17-12-10_260595134347_rgbf000065-resize,-2.784907595543761,2.784907595543761,1.633,7.608284543781994
138760.0,2.5,-0.29604117231534155,0.29604117231534155,003534_2014-05-22_15-06-10_094959634447_rgbf000102-resize,-2.5779075955437607,2.5779075955437607,1.426,12.376994007247625
138760.0,2.5,-0.29619698055558724,0.29619698055558724,001032_2014-06-08_13-23-17_260595134347_rgbf000021-resize,-3.4556874612859354,3.4556874612859354,3.2725,15.984983178828962
138760.0,2.5,-0.40586124916219374,0.40586124916219374,003292_2014-05-14_21-53-49_094959634447_rgbf000100-resize,-3.664687461285936,3.664687461285936,3.4815,33.084282711345374
138760.0,2.5,-0.2132396190920119,0.2132396190920119,002639_2014-06-24_14-51-37_094959634447_rgbf000074-resize,-3.736327394157023,3.736327394157023,4.0375,16.521406794569987
138760.0,2.5,-0.2643987874611129,0.2643987874611129,001392_2014-06-19_16-07-59_260595134347_rgbf000046-resize,-3.833827394157023,3.833827394157023,4.135,18.95235574822112
138760.0,2.5,-0.7502018054927431,0.7502018054927431,001447_2014-06-19_17-00-32_260595134347_rgbf000082-resize,-4.320937461285936,4.320937461285936,4.13775,46.830399423560245
138760.0,2.5,-0.3158203105398079,0.3158203105398079,001066_2014-06-08_22-03-20_260595134347_rgbf000066-resize,-3.931827394157024,3.931827394157024,4.2330000000000005,19.743449467077777
138760.0,2.5,-1.0095394359176926,1.0095394359176926,000742_2014-06-08_18-48-09_260595134347_rgbf000164-resize,-4.815187461285936,4.815187461285936,4.632,18.91549953899407
138760.0,2.5,-0.4040780394297727,0.4040780394297727,002758_2014-06-22_19-11-20_094959634447_rgbf000128-resize,-3.2225475284148484,3.2225475284148484,2.555,7.204478276142114
138760.0,2.5,-0.3222766432738615,0.3222766432738615,002549_2014-06-24_13-41-39_094959634447_rgbf000022-resize,-2.6279075955437614,2.6279075955437614,1.476,4.1736441355391865
138760.0,2.5,-0.267284689266546,0.267284689266546,003083_2014-06-15_15-21-03_094959634447_rgbf000063-resize,-3.839327394157024,3.839327394157024,4.1405,19.172834459547143
138760.0,2.5,-0.01180447536525836,0.01180447536525836,001806_2014-06-26_20-50-20_260595134347_rgbf000091-resize,-2.913687461285936,2.913687461285936,2.7305,13.909869710567438
138760.0,2.5,-0.08389874726651386,0.08389874726651386,001617_2014-06-20_11-35-32_260595134347_rgbf000066-resize,-3.489827394157023,3.489827394157023,3.7910000000000004,19.974169961071475
138760.0,2.5,-0.8684458753955402,0.8684458753955402,000493_2014-06-09_21-01-18_260595134347_rgbf000196-resize,-4.107547528414848,4.107547528414848,3.44,19.629285382994567
138760.0,2.5,-0.8747423884255842,0.8747423884255842,001449_2014-06-19_17-01-27_260595134347_rgbf000116-resize,-4.119547528414849,4.119547528414849,3.452,8.994872108877228
138760.0,2.5,-0.6835199834731929,0.6835199834731929,001450_2014-06-19_17-02-03_260595134347_rgbf000203-resize,-4.193854127952637,4.193854127952637,4.0106666666667,12.34882649363641
138760.0,2.5,-0.025971629682852212,0.025971629682852212,002600_2014-06-24_14-27-04_094959634447_rgbf000074-resize,-2.9406874612859357,2.9406874612859357,2.7575,44.47386082434929
138760.0,2.5,-0.09607361037676697,0.09607361037676697,003228_2014-05-14_13-42-35_094959634447_rgbf000101-resize,-2.6355475284148486,2.6355475284148486,1.9680000000000002,14.40337638638131
138760.0,2.5,-0.3678730895070117,0.3678730895070117,000368_2014-06-09_15-53-01_260595134347_rgbf000155-resize,-3.1535475284148484,3.1535475284148484,2.4859999999999998,21.090700959072958
138760.0,2.5,-0.14277274868292888,0.14277274868292888,002209_2014-06-28_18-36-10_260595134347_rgbf000051-resize,-2.7245475284148477,2.7245475284148477,2.057,12.962068825921264
138760.0,2.5,-0.1426129289789304,0.1426129289789304,001828_2014-06-26_21-40-03_260595134347_rgbf000024-resize,-4.040467327028111,4.040467327028111,4.8260000000000005,35.55232951340613
138760.0,2.5,-0.9532397198262216,0.9532397198262216,000927_2014-06-09_16-32-30_260595134347_rgbf000123-resize,-3.830407595543761,3.830407595543761,2.6785,11.715239650325241
138760.0,2.5,-0.09853733776861072,0.09853733776861072,002467_2014-06-28_20-38-07_260595134347_rgbf000026-resize,-3.9564673270281103,3.9564673270281103,4.742,15.331046216195933
138760.0,2.5,-0.24535344013073426,0.24535344013073426,001810_2014-06-26_20-51-35_260595134347_rgbf000040-resize,-2.9200475284148477,2.9200475284148477,2.2525,22.411391411207674
138760.0,2.5,-0.10247265841239672,0.10247265841239672,002663_2014-06-13_15-50-26_094959634447_rgbf000075-resize,-3.963967327028111,3.963967327028111,4.7495,16.725954086732166
138760.0,2.5,-0.5380880227931293,0.5380880227931293,000409_2014-06-04_19-23-33_260595134347_rgbf000067-resize,-3.9166874612859353,3.9166874612859353,3.7335,12.696549983566419
138760.0,2.5,-0.4767502939848591,0.4767502939848591,001092_2014-06-15_17-34-58_260595134347_rgbf000171-resize,-3.361047528414848,3.361047528414848,2.6935,9.164038324933468
138760.0,2.5,-0.07114991296617634,0.07114991296617634,002545_2014-06-24_13-38-53_094959634447_rgbf000080-resize,-2.5880475284148483,2.5880475284148483,1.9205,12.083824048628237
138760.0,2.5,-0.5187803207531649,0.5187803207531649,001167_2014-06-17_15-38-07_260595134347_rgbf000108-resize,-3.002407595543761,3.002407595543761,1.8505,12.019050657019696
138760.0,2.5,-0.2598362223925885,0.2598362223925885,003587_2014-05-23_16-48-02_094959634447_rgbf002384-resize,-2.5089075955437607,2.5089075955437607,1.357,20.788172722830538
219566.0,2.5,-0.05438973523435176,0.05438973523435176,001808_2014-06-26_20-50-58_260595134347_rgbf000029-resize,-3.6780014681448296,3.6780014681448296,4.249,20.030651550568866
219566.0,2.5,-0.6800043928774906,0.6800043928774906,001029_2014-06-08_13-17-57_260595134347_rgbf000065-resize,-3.749664953831031,3.749664953831031,3.0835,18.209734661918688
219566.0,2.5,-0.9279295934354836,0.9279295934354836,000677_2014-06-08_23-10-32_260595134347_rgbf000158-resize,-4.222164953831031,4.222164953831031,3.556,19.65196273325612
219566.0,2.5,-0.2519428315519813,0.2519428315519813,001417_2014-06-19_16-25-36_260595134347_rgbf000115-resize,-4.05450146814483,4.05450146814483,4.6255,49.17091269608214
219566.0,2.5,-1.3226721066436695,1.3226721066436695,001650_2014-06-20_12-09-00_260595134347_rgbf000087-resize,-3.853828439517232,3.853828439517232,1.9505,47.6804595860539
219566.0,2.5,-0.13378188752114206,0.13378188752114206,001244_2014-06-17_16-47-45_260595134347_rgbf000030-resize,-2.7086649538310312,2.7086649538310312,2.0425,6.7629638807870815
219566.0,2.5,-0.5335598025701989,0.5335598025701989,003495_2014-05-21_16-01-51_094959634447_rgbf000100-resize,-2.910246696674132,2.910246696674132,1.6255,12.747278812179
219566.0,2.5,-0.3652800660927827,0.3652800660927827,000556_2014-06-09_22-42-56_260595134347_rgbf000214-resize,-4.27050146814483,4.27050146814483,4.8415,23.88242025565649
219566.0,2.5,-1.1779536316701704,1.1779536316701704,001150_2014-06-17_15-27-34_260595134347_rgbf000108-resize,-4.698664953831031,4.698664953831031,4.0325,11.088139074292139
219566.0,2.5,-0.04751785042637605,0.04751785042637605,000665_2014-06-09_20-42-35_260595134347_rgbf000110-resize,-3.1045832109879306,3.1045832109879306,3.057,18.49880761375764
219566.0,2.5,-0.551501247539508,0.551501247539508,002375_2014-06-28_20-13-44_260595134347_rgbf000032-resize,-4.065083210987931,4.065083210987931,4.0175,48.76103649676905
219566.0,2.5,-0.03786138853047005,0.03786138853047005,001094_2014-06-15_17-36-00_260595134347_rgbf000205-resize,-3.6465014681448302,3.6465014681448302,4.2175,17.196771274488466
219566.0,2.5,-0.6413875882097095,0.6413875882097095,000470_2014-06-09_19-42-40_260595134347_rgbf000094-resize,-3.1157466966741314,3.1157466966741314,1.831,22.486379427626872
219566.0,2.5,-0.3913635499750341,0.3913635499750341,000109_2014-05-14_23-41-52_260595134347_rgbf000035-resize,-2.639246696674132,2.639246696674132,1.3545,6.620498200896815
219566.0,2.5,-0.36617749785485604,0.36617749785485604,002509_2014-06-24_13-19-22_094959634447_rgbf000077-resize,-2.591246696674132,2.591246696674132,1.3065,40.21868783296904
219566.0,2.5,-0.5689776883642037,0.5689776883642037,003338_2014-05-20_11-01-23_094959634447_rgbf000051-resize,-2.9777466966741315,2.9777466966741315,1.693,28.251495663089063
219566.0,2.5,-0.6275702401715743,0.6275702401715743,002784_2014-06-22_19-26-30_094959634447_rgbf000083-resize,-3.089413363340832,3.089413363340832,1.8046666666667,3.0422522474895675
219566.0,2.5,-1.4745754834934923,1.4745754834934923,001100_2014-06-15_17-46-26_260595134347_rgbf000225-resize,-4.143328439517233,4.143328439517233,2.24,9.548860596737413
219566.0,2.5,-0.38218113513955065,0.38218113513955065,000483_2014-06-09_20-41-45_260595134347_rgbf000116-resize,-2.621746696674132,2.621746696674132,1.337,29.232414989368262
219566.0,2.5,-0.567928269525861,0.567928269525861,002964_2014-06-08_17-46-11_094959634447_rgbf000091-resize,-2.975746696674132,2.975746696674132,1.6909999999999998,28.953812917975768
219566.0,2.5,-0.7075009750251741,0.7075009750251741,002136_2014-06-25_21-18-03_260595134347_rgbf000109-resize,-3.241746696674132,3.241746696674132,1.9569999999999999,13.297078442475444
219566.0,2.5,-0.358145826575228,0.358145826575228,000457_2014-06-08_16-52-43_260595134347_rgbf000199-resize,-3.69658321098793,3.69658321098793,3.6489999999999996,14.067279821032837
219566.0,2.5,-0.4699825112807109,0.4699825112807109,002279_2014-06-28_18-55-32_260595134347_rgbf000040-resize,-2.7890800300074314,2.7890800300074314,1.5043333333333,15.963772282558683
219566.0,2.5,-0.150310234225012,0.150310234225012,000635_2014-06-08_16-38-42_260595134347_rgbf000106-resize,-2.7401649538310306,2.7401649538310306,2.074,10.796976226722654
219566.0,2.5,-0.5540741322766047,0.5540741322766047,002043_2014-06-24_20-29-38_260595134347_rgbf000039-resize,-3.5096649538310314,3.5096649538310314,2.8435,8.475049543704081
219566.0,2.5,-1.1627370585142196,1.1627370585142196,003048_2014-06-15_13-49-43_094959634447_rgbf000150-resize,-4.669664953831031,4.669664953831031,4.0035,24.355606534500392
219566.0,2.5,-0.5094231692883635,0.5094231692883635,002344_2014-06-28_20-06-29_260595134347_rgbf000030-resize,-2.864246696674132,2.864246696674132,1.5795,37.33165518125916
219566.0,2.5,-0.646634682401416,0.646634682401416,000549_2014-06-08_22-10-24_260595134347_rgbf000247-resize,-3.125746696674132,3.125746696674132,1.841,30.99307977870557
219566.0,2.5,-0.9064165072494952,0.9064165072494952,000736_2014-06-08_18-24-15_260595134347_rgbf000206-resize,-4.181164953831031,4.181164953831031,3.515,33.408170606136416
219566.0,2.5,-0.4300310170015651,0.4300310170015651,000137_2014-05-20_17-04-49_260595134347_rgbf000120-resize,-3.83358321098793,3.83358321098793,3.786,14.89611111351161
219566.0,2.5,-0.7279646423728205,0.7279646423728205,002199_2014-06-28_18-33-56_260595134347_rgbf000074-resize,-3.2807466966741314,3.2807466966741314,1.996,17.12852126070164
219566.0,2.5,-1.1130506936851077,1.1130506936851077,002953_2014-06-08_17-32-18_094959634447_rgbf000059-resize,-3.454328439517232,3.454328439517232,1.551,13.905027931093345
219566.0,2.5,-0.1269606650719286,0.1269606650719286,002905_2014-06-03_18-04-43_094959634447_rgbf000151-resize,-2.6956649538310318,2.6956649538310318,2.0295,12.020604335789361
219566.0,2.5,-0.09636648876796994,0.09636648876796994,000414_2014-06-04_19-49-13_260595134347_rgbf000044-resize,-3.7580014681448297,3.7580014681448297,4.329,13.241348366125557
219566.0,2.5,-0.27776396072465137,0.27776396072465137,002272_2014-06-28_18-53-56_260595134347_rgbf000067-resize,-2.422746696674132,2.422746696674132,1.138,10.409245808146235
219566.0,2.5,-0.6566041613656551,0.6566041613656551,001571_2014-06-20_17-21-32_260595134347_rgbf000089-resize,-3.144746696674132,3.144746696674132,1.86,4.991960350191473
219566.0,2.5,-0.4562664879600909,0.4562664879600909,002995_2014-06-15_12-31-26_094959634447_rgbf000150-resize,-3.8835832109879305,3.8835832109879305,3.8360000000000003,27.231594395483473
219566.0,2.5,-0.12784905391819926,0.12784905391819926,002444_2014-06-28_20-32-08_260595134347_rgbf000027-resize,-3.818001468144829,3.818001468144829,4.388999999999999,17.102760279009576
219566.0,2.5,-0.6532948748585565,0.6532948748585565,001133_2014-06-17_14-49-16_260595134347_rgbf000100-resize,-4.259083210987931,4.259083210987931,4.2115,26.759918254713728
219566.0,2.5,-0.7177328086989949,0.7177328086989949,000943_2014-06-09_19-31-07_260595134347_rgbf000128-resize,-3.261246696674132,3.261246696674132,1.9765,15.893099149291922
219566.0,2.5,-0.6266957244729395,0.6266957244729395,000709_2014-06-08_13-51-55_260595134347_rgbf000068-resize,-3.087746696674132,3.087746696674132,1.8030000000000002,14.429351101546246
219566.0,2.5,-0.6718713968803461,0.6718713968803461,000854_2014-06-09_19-43-13_260595134347_rgbf000066-resize,-3.7341649538310313,3.7341649538310313,3.068,11.910827625938722
219566.0,2.5,-0.29722887159271005,0.29722887159271005,001164_2014-06-17_15-35-46_260595134347_rgbf000085-resize,-3.020164953831032,3.020164953831032,2.354,17.325668807481115
219566.0,2.5,-0.04090832032798675,0.04090832032798675,001136_2014-06-17_15-19-41_260595134347_rgbf000076-resize,-2.5316649538310307,2.5316649538310307,1.8655,18.667799879387072
219566.0,2.5,-0.2978042433706338,0.2978042433706338,000739_2014-06-08_18-45-58_260595134347_rgbf000068-resize,-3.5815832109879304,3.5815832109879304,3.534,8.164356963721069
219566.0,2.5,-0.5937403557827206,0.5937403557827206,000734_2014-06-08_17-39-11_260595134347_rgbf000128-resize,-4.1455832109879305,4.1455832109879305,4.098,16.052231618370055
219566.0,2.5,-1.5435747721143955,1.5435747721143955,000522_2014-06-08_13-35-06_260595134347_rgbf000244-resize,-4.274828439517233,4.274828439517233,2.3715,25.742609854068213
219566.0,2.5,-0.6731325080695193,0.6731325080695193,002949_2014-06-26_15-57-42_094959634447_rgbf000079-resize,-3.176246696674132,3.176246696674132,1.8915,17.99500168321199
219566.0,2.5,-0.10912054482013356,0.10912054482013356,002637_2014-06-24_14-51-13_094959634447_rgbf000066-resize,-2.6616649538310306,2.6616649538310306,1.9955,10.972027795242447
219566.0,2.5,-0.4342793547136826,0.4342793547136826,000773_2014-06-08_22-24-54_260595134347_rgbf000093-resize,-4.40200146814483,4.40200146814483,4.973,21.45352631724976
219566.0,2.5,-0.1142066090197732,0.1142066090197732,002414_2014-06-28_20-24-58_260595134347_rgbf000067-resize,-3.7920014681448304,3.7920014681448304,4.363,31.720662178139435
219566.0,2.5,-0.3310726291291961,0.3310726291291961,001059_2014-06-08_21-53-27_260595134347_rgbf000061-resize,-3.084664953831031,3.084664953831031,2.4185,8.755513319222857
219566.0,2.5,-0.7791744731006829,0.7791744731006829,001032_2014-06-08_13-23-17_260595134347_rgbf000021-resize,-3.938664953831031,3.938664953831031,3.2725,15.984983178828962
219566.0,2.5,-0.16877638861348,0.16877638861348,001570_2014-06-20_17-21-09_260595134347_rgbf000135-resize,-3.8960014681448296,3.8960014681448296,4.467,22.179510675592084
219566.0,2.5,-0.04599438452761506,0.04599438452761506,001066_2014-06-08_22-03-20_260595134347_rgbf000066-resize,-3.6620014681448314,3.6620014681448314,4.2330000000000005,19.743449467077777
219566.0,2.5,-0.8739351856196875,0.8739351856196875,000742_2014-06-08_18-48-09_260595134347_rgbf000164-resize,-4.679583210987929,4.679583210987929,4.632,18.91549953899407
219566.0,2.5,-1.2597576387019838,1.2597576387019838,002630_2014-06-24_14-47-50_094959634447_rgbf000055-resize,-4.294246696674132,4.294246696674132,3.0095,10.661401196716628
219566.0,2.5,-1.021277207689056,1.021277207689056,002758_2014-06-22_19-11-20_094959634447_rgbf000128-resize,-3.839746696674132,3.839746696674132,2.555,7.204478276142114
219566.0,2.5,-0.455115744404232,0.455115744404232,002549_2014-06-24_13-41-39_094959634447_rgbf000022-resize,-2.760746696674132,2.760746696674132,1.476,4.1736441355391865
219566.0,2.5,-0.2471697844206964,0.2471697844206964,001199_2014-06-17_16-03-48_260595134347_rgbf000077-resize,-3.4850832109879306,3.4850832109879306,3.4375,28.282249848901696
219566.0,2.5,-0.3376314968688265,0.3376314968688265,000502_2014-06-08_23-02-32_260595134347_rgbf000063-resize,-3.0971649538310317,3.0971649538310317,2.431,13.897287578908273
219566.0,2.5,-1.1133637107534544,1.1133637107534544,001806_2014-06-26_20-50-20_260595134347_rgbf000091-resize,-4.015246696674132,4.015246696674132,2.7305,13.909869710567438
219566.0,2.5,-0.4326545640974215,0.4326545640974215,001617_2014-06-20_11-35-32_260595134347_rgbf000066-resize,-3.8385832109879305,3.8385832109879305,3.7910000000000004,19.974169961071475
219566.0,2.5,-0.867063300811723,0.867063300811723,000493_2014-06-09_21-01-18_260595134347_rgbf000196-resize,-4.106164953831032,4.106164953831032,3.44,19.629285382994567
219566.0,2.5,-0.5730143337254865,0.5730143337254865,000506_2014-06-08_23-21-00_260595134347_rgbf000070-resize,-4.106083210987931,4.106083210987931,4.0585,16.716212007621664
219566.0,2.5,-0.5641241262368765,0.5641241262368765,002763_2014-06-22_19-13-10_094959634447_rgbf000075-resize,-2.968496696674132,2.968496696674132,1.68375,5.5919783591245595
219566.0,2.5,-0.7599719169422121,0.7599719169422121,002209_2014-06-28_18-36-10_260595134347_rgbf000051-resize,-3.3417466966741314,3.3417466966741314,2.057,12.962068825921264
219566.0,2.5,-0.35714707009565017,0.35714707009565017,001828_2014-06-26_21-40-03_260595134347_rgbf000024-resize,-4.255001468144831,4.255001468144831,4.8260000000000005,35.55232951340613
219566.0,2.5,-0.5786848126188529,0.5786848126188529,001110_2014-06-15_17-25-28_260595134347_rgbf000150-resize,-2.996246696674132,2.996246696674132,1.7115,9.336195527413247
219566.0,2.5,-1.1803148240564283,1.1803148240564283,002570_2014-06-24_13-59-54_094959634447_rgbf000059-resize,-4.703164953831031,4.703164953831031,4.037,41.596140375002705
219566.0,2.5,-0.8625526083900175,0.8625526083900175,001810_2014-06-26_20-51-35_260595134347_rgbf000040-resize,-3.5372466966741314,3.5372466966741314,2.2525,22.411391411207674
219566.0,2.5,-0.935588542372217,0.935588542372217,002663_2014-06-13_15-50-26_094959634447_rgbf000075-resize,-4.797083210987932,4.797083210987932,4.7495,16.725954086732166
219566.0,2.5,-0.4753677194010419,0.4753677194010419,001092_2014-06-15_17-34-58_260595134347_rgbf000171-resize,-3.3596649538310315,3.3596649538310315,2.6935,9.164038324933468
219566.0,2.5,-0.6516194218835354,0.6516194218835354,001167_2014-06-17_15-38-07_260595134347_rgbf000108-resize,-3.135246696674132,3.135246696674132,1.8505,12.019050657019696
219566.0,2.5,-1.0112570663660596,1.0112570663660596,003587_2014-05-23_16-48-02_094959634447_rgbf002384-resize,-3.2603284395172323,3.2603284395172323,1.357,20.788172722830538
460407.0,2.5,-0.13057642097788708,0.13057642097788708,000677_2014-06-08_23-10-32_260595134347_rgbf000158-resize,-3.4248117813734353,3.4248117813734353,3.556,19.65196273325612
460407.0,2.5,-0.6917531447805858,0.6917531447805858,001417_2014-06-19_16-25-36_260595134347_rgbf000115-resize,-4.494311781373433,4.494311781373433,4.6255,49.17091269608214
460407.0,2.5,-0.2187710587344076,0.2187710587344076,000682_2014-06-08_23-14-58_260595134347_rgbf000041-resize,-3.1175646558796988,3.1175646558796988,2.7239999999999998,8.707843071693064
460407.0,2.5,-1.1247905092717967,1.1247905092717967,001650_2014-06-20_12-09-00_260595134347_rgbf000087-resize,-3.655946842145359,3.655946842145359,1.9505,47.6804595860539
460407.0,2.5,-0.6483109013292057,0.6483109013292057,001244_2014-06-17_16-47-45_260595134347_rgbf000030-resize,-3.2231939676390953,3.2231939676390953,2.0425,6.7629638807870815
460407.0,2.5,-0.4295070735351621,0.4295070735351621,003495_2014-05-21_16-01-51_094959634447_rgbf000100-resize,-2.8061939676390946,2.8061939676390946,1.6255,12.747278812179
460407.0,2.5,-0.3800540221254495,0.3800540221254495,001158_2014-06-17_15-32-16_260595134347_rgbf000138-resize,-4.1379353441203035,4.1379353441203035,4.5315,26.954451973303737
460407.0,2.5,-0.2803375048151233,0.2803375048151233,000556_2014-06-09_22-42-56_260595134347_rgbf000214-resize,-4.18555890686717,4.18555890686717,4.8415,23.88242025565649
460407.0,2.5,-0.11822402195944165,0.11822402195944165,001150_2014-06-17_15-27-34_260595134347_rgbf000108-resize,-3.6389353441203016,3.6389353441203016,4.0325,11.088139074292139
460407.0,2.5,-0.13112285806501225,0.13112285806501225,000665_2014-06-09_20-42-35_260595134347_rgbf000110-resize,-3.1881882186265673,3.1881882186265673,3.057,18.49880761375764
460407.0,2.5,-0.3727298179250121,0.3727298179250121,002375_2014-06-28_20-13-44_260595134347_rgbf000032-resize,-3.8863117813734354,3.8863117813734354,4.0175,48.76103649676905
460407.0,2.5,-0.7104237844970382,0.7104237844970382,000692_2014-06-08_13-09-42_260595134347_rgbf000199-resize,-4.054564655879698,4.054564655879698,3.661,54.80046590295557
460407.0,2.5,-0.039539336751828025,0.039539336751828025,000780_2014-06-08_22-28-29_260595134347_rgbf000126-resize,-3.2513117813734347,3.2513117813734347,3.3825,14.165390776882042
460407.0,2.5,-0.5373348591746727,0.5373348591746727,000470_2014-06-09_19-42-40_260595134347_rgbf000094-resize,-3.0116939676390952,3.0116939676390952,1.831,22.486379427626872
460407.0,2.5,-0.5496872581931291,0.5496872581931291,000109_2014-05-14_23-41-52_260595134347_rgbf000035-resize,-2.7975704048922267,2.7975704048922267,1.3545,6.620498200896815
460407.0,2.5,-0.7868776433260836,0.7868776433260836,002509_2014-06-24_13-19-22_094959634447_rgbf000077-resize,-3.0119468421453592,3.0119468421453592,1.3065,40.21868783296904
460407.0,2.5,-0.4649249593291669,0.4649249593291669,003338_2014-05-20_11-01-23_094959634447_rgbf000051-resize,-2.8736939676390953,2.8736939676390953,1.693,28.251495663089063
460407.0,2.5,-0.2611410738834053,0.2611410738834053,002784_2014-06-22_19-26-30_094959634447_rgbf000083-resize,-2.7229841970526625,2.7229841970526625,1.8046666666667,3.0422522474895675
460407.0,2.5,-1.0143174488684867,1.0143174488684867,001100_2014-06-15_17-46-26_260595134347_rgbf000225-resize,-3.683070404892227,3.683070404892227,2.24,9.548860596737413
460407.0,2.5,-0.7057883103963078,0.7057883103963078,000469_2014-06-09_19-42-10_260595134347_rgbf000081-resize,-3.095070404892226,3.095070404892226,1.652,25.13136208408983
460407.0,2.5,-0.27812840610451384,0.27812840610451384,000483_2014-06-09_20-41-45_260595134347_rgbf000116-resize,-2.5176939676390946,2.5176939676390946,1.337,29.232414989368262
460407.0,2.5,-0.4638755404908241,0.4638755404908241,002964_2014-06-08_17-46-11_094959634447_rgbf000091-resize,-2.8716939676390947,2.8716939676390947,1.6909999999999998,28.953812917975768
460407.0,2.5,-0.865824683243269,0.865824683243269,002136_2014-06-25_21-18-03_260595134347_rgbf000109-resize,-3.4000704048922272,3.4000704048922272,1.9569999999999999,13.297078442475444
460407.0,2.5,-0.18145150696946796,0.18145150696946796,000691_2014-06-08_13-08-50_260595134347_rgbf000132-resize,-3.7594353441203032,3.7594353441203032,4.1530000000000005,14.740846212587924
460407.0,2.5,-0.29432921509494103,0.29432921509494103,000929_2014-06-09_16-33-19_260595134347_rgbf000139-resize,-3.261564655879699,3.261564655879699,2.8680000000000003,19.501338012209015
460407.0,2.5,-0.17937439696073204,0.17937439696073204,000457_2014-06-08_16-52-43_260595134347_rgbf000199-resize,-3.5178117813734353,3.5178117813734353,3.6489999999999996,14.067279821032837
460407.0,2.5,-0.6283062194988059,0.6283062194988059,002279_2014-06-28_18-55-32_260595134347_rgbf000040-resize,-2.9474037382255265,2.9474037382255265,1.5043333333333,15.963772282558683
460407.0,2.5,-0.4659526504995508,0.4659526504995508,002725_2014-06-22_11-47-51_094959634447_rgbf000070-resize,-3.1133175303859626,3.1133175303859626,2.195,3.938570017428758
460407.0,2.5,-0.6677468775064586,0.6677468775064586,002344_2014-06-28_20-06-29_260595134347_rgbf000030-resize,-3.0225704048922264,3.0225704048922264,1.5795,37.33165518125916
460407.0,2.5,-0.804958390619511,0.804958390619511,000549_2014-06-08_22-10-24_260595134347_rgbf000247-resize,-3.2840704048922267,3.2840704048922267,1.841,30.99307977870557
460407.0,2.5,-0.3714397720450308,0.3714397720450308,000736_2014-06-08_18-24-15_260595134347_rgbf000206-resize,-3.646188218626567,3.646188218626567,3.515,33.408170606136416
460407.0,2.5,-0.2512595873870692,0.2512595873870692,000137_2014-05-20_17-04-49_260595134347_rgbf000120-resize,-3.6548117813734353,3.6548117813734353,3.786,14.89611111351161
460407.0,2.5,-0.03903635500061356,0.03903635500061356,000642_2014-06-08_16-59-25_260595134347_rgbf000098-resize,-3.0126882186265673,3.0126882186265673,2.8815,31.36214301237791
460407.0,2.5,-1.148664787844048,1.148664787844048,002199_2014-06-28_18-33-56_260595134347_rgbf000074-resize,-3.70144684214536,3.70144684214536,1.996,17.12852126070164
460407.0,2.5,-0.7237821470179403,0.7237821470179403,000917_2014-06-09_22-45-29_260595134347_rgbf000149-resize,-4.317688218626566,4.317688218626566,4.1865,9.740561609074897
460407.0,2.5,-0.22240056933269944,0.22240056933269944,002323_2014-06-28_20-01-54_260595134347_rgbf000051-resize,-3.5998117813734347,3.5998117813734347,3.7310000000000003,18.09172628388976
460407.0,2.5,-0.14953114307187546,0.14953114307187546,000878_2014-06-08_22-52-45_260595134347_rgbf000045-resize,-2.7479410931328307,2.7479410931328307,2.092,5.576511521775202
460407.0,2.5,-0.3904162218069702,0.3904162218069702,002953_2014-06-08_17-32-18_094959634447_rgbf000059-resize,-2.731693967639095,2.731693967639095,1.551,13.905027931093345
460407.0,2.5,-0.11673680437372813,0.11673680437372813,002905_2014-06-03_18-04-43_094959634447_rgbf000151-resize,-2.6854410931328307,2.6854410931328307,2.0295,12.020604335789361
460407.0,2.5,-0.4425813536785247,0.4425813536785247,001214_2014-06-17_16-13-55_260595134347_rgbf000111-resize,-3.3064410931328307,3.3064410931328307,2.6505,18.479282579459067
460407.0,2.5,-0.17371123168961455,0.17371123168961455,002272_2014-06-28_18-53-56_260595134347_rgbf000067-resize,-2.3186939676390947,2.3186939676390947,1.138,10.409245808146235
460407.0,2.5,-0.29017499507748623,0.29017499507748623,001571_2014-06-20_17-21-32_260595134347_rgbf000089-resize,-2.7783175303859626,2.7783175303859626,1.86,4.991960350191473
460407.0,2.5,-0.351303642410826,0.351303642410826,000943_2014-06-09_19-31-07_260595134347_rgbf000128-resize,-2.8948175303859625,2.8948175303859625,1.9765,15.893099149291922
460407.0,2.5,-0.5226429954379027,0.5226429954379027,000709_2014-06-08_13-51-55_260595134347_rgbf000068-resize,-2.9836939676390952,2.9836939676390952,1.8030000000000002,14.429351101546246
460407.0,2.5,-0.6616475361821456,0.6616475361821456,000854_2014-06-09_19-43-13_260595134347_rgbf000066-resize,-3.723941093132831,3.723941093132831,3.068,11.910827625938722
460407.0,2.5,-0.2870050108945096,0.2870050108945096,001164_2014-06-17_15-35-46_260595134347_rgbf000085-resize,-3.0099410931328308,3.0099410931328308,2.354,17.325668807481115
460407.0,2.5,-0.030684459629786283,0.030684459629786283,001136_2014-06-17_15-19-41_260595134347_rgbf000076-resize,-2.5214410931328306,2.5214410931328306,1.8655,18.667799879387072
460407.0,2.5,-0.10385969593610024,0.10385969593610024,002153_2014-06-25_21-27-18_260595134347_rgbf000038-resize,-2.8985646558796985,2.8985646558796985,2.505,17.28886317575377
460407.0,2.5,-0.4149689261682246,0.4149689261682246,000734_2014-06-08_17-39-11_260595134347_rgbf000128-resize,-3.9668117813734343,3.9668117813734343,4.098,16.052231618370055
460407.0,2.5,-0.8209403002362581,0.8209403002362581,000522_2014-06-08_13-35-06_260595134347_rgbf000244-resize,-3.552193967639095,3.552193967639095,2.3715,25.742609854068213
460407.0,2.5,-0.04432690452821842,0.04432690452821842,002949_2014-06-26_15-57-42_094959634447_rgbf000079-resize,-2.5474410931328313,2.5474410931328313,1.8915,17.99500168321199
460407.0,2.5,-0.4766657382566484,0.4766657382566484,000866_2014-06-09_20-45-42_260595134347_rgbf000139-resize,-3.6090646558796986,3.6090646558796986,3.2155,8.082259189449621
460407.0,2.5,-0.6958188314320762,0.6958188314320762,001555_2014-06-20_17-12-10_260595134347_rgbf000065-resize,-3.076070404892227,3.076070404892227,1.633,7.608284543781994
460407.0,2.5,-0.587203981663807,0.587203981663807,003534_2014-05-22_15-06-10_094959634447_rgbf000102-resize,-2.869070404892226,2.869070404892226,1.426,12.376994007247625
460407.0,2.5,-0.36127312137506506,0.36127312137506506,002637_2014-06-24_14-51-13_094959634447_rgbf000066-resize,-2.9138175303859626,2.9138175303859626,1.9955,10.972027795242447
460407.0,2.5,-0.6117132306891551,0.6117132306891551,000773_2014-06-08_22-24-54_260595134347_rgbf000093-resize,-4.579435344120301,4.579435344120301,4.973,21.45352631724976
460407.0,2.5,-0.058472331177863435,0.058472331177863435,001059_2014-06-08_21-53-27_260595134347_rgbf000061-resize,-2.8120646558796984,2.8120646558796984,2.4185,8.755513319222857
460407.0,2.5,-0.7689506124024824,0.7689506124024824,001032_2014-06-08_13-23-17_260595134347_rgbf000021-resize,-3.928441093132831,3.928441093132831,3.2725,15.984983178828962
460407.0,2.5,-0.6162384437559567,0.6162384437559567,003292_2014-05-14_21-53-49_094959634447_rgbf000100-resize,-3.8750646558796986,3.8750646558796986,3.4815,33.084282711345374
460407.0,2.5,-0.3832240063084236,0.3832240063084236,002639_2014-06-24_14-51-37_094959634447_rgbf000074-resize,-3.9063117813734345,3.9063117813734345,4.0375,16.521406794569987
460407.0,2.5,-0.08383382733582058,0.08383382733582058,001570_2014-06-20_17-21-09_260595134347_rgbf000135-resize,-3.8110589068671694,3.8110589068671694,4.467,22.179510675592084
460407.0,2.5,-0.6982025628333742,0.6982025628333742,001447_2014-06-19_17-00-32_260595134347_rgbf000082-resize,-4.268938218626567,4.268938218626567,4.13775,46.830399423560245
460407.0,2.5,-0.17041088149892758,0.17041088149892758,000742_2014-06-08_18-48-09_260595134347_rgbf000164-resize,-3.9760589068671695,3.9760589068671695,4.632,18.91549953899407
460407.0,2.5,-0.3924716041477551,0.3924716041477551,002758_2014-06-22_19-11-20_094959634447_rgbf000128-resize,-3.210941093132831,3.210941093132831,2.555,7.204478276142114
460407.0,2.5,-0.613439452622327,0.613439452622327,002549_2014-06-24_13-41-39_094959634447_rgbf000022-resize,-2.919070404892227,2.919070404892227,1.476,4.1736441355391865
460407.0,2.5,-0.06503119891749387,0.06503119891749387,000502_2014-06-08_23-02-32_260595134347_rgbf000063-resize,-2.824564655879698,2.824564655879698,2.431,13.897287578908273
460407.0,2.5,-0.7469345444652855,0.7469345444652855,001806_2014-06-26_20-50-20_260595134347_rgbf000091-resize,-3.648817530385963,3.648817530385963,2.7305,13.909869710567438
460407.0,2.5,-0.3468436123478813,0.3468436123478813,003228_2014-05-14_13-42-35_094959634447_rgbf000101-resize,-2.8863175303859627,2.8863175303859627,1.9680000000000002,14.40337638638131
460407.0,2.5,-0.35626665422499404,0.35626665422499404,000368_2014-06-09_15-53-01_260595134347_rgbf000155-resize,-3.141941093132831,3.141941093132831,2.4859999999999998,21.090700959072958
460407.0,2.5,-0.1976949599487076,0.1976949599487076,002763_2014-06-22_19-13-10_094959634447_rgbf000075-resize,-2.6020675303859626,2.6020675303859626,1.68375,5.5919783591245595
460407.0,2.5,-0.6559191879071753,0.6559191879071753,002209_2014-06-28_18-36-10_260595134347_rgbf000051-resize,-3.2376939676390952,3.2376939676390952,2.057,12.962068825921264
460407.0,2.5,-0.474632083583816,0.474632083583816,001110_2014-06-15_17-25-28_260595134347_rgbf000150-resize,-2.8921939676390953,2.8921939676390953,1.7115,9.336195527413247
460407.0,2.5,-0.4572732174152913,0.4572732174152913,000927_2014-06-09_16-32-30_260595134347_rgbf000123-resize,-3.3344410931328308,3.3344410931328308,2.6785,11.715239650325241
460407.0,2.5,-1.1700909633582282,1.1700909633582282,002570_2014-06-24_13-59-54_094959634447_rgbf000059-resize,-4.692941093132831,4.692941093132831,4.037,41.596140375002705
460407.0,2.5,-0.4961234421018486,0.4961234421018486,001810_2014-06-26_20-51-35_260595134347_rgbf000040-resize,-3.1708175303859627,3.1708175303859627,2.2525,22.411391411207674
460407.0,2.5,-0.2237123428806283,0.2237123428806283,000409_2014-06-04_19-23-33_260595134347_rgbf000067-resize,-3.6023117813734347,3.6023117813734347,3.7335,12.696549983566419
460407.0,2.5,-0.3465812576382947,0.3465812576382947,002875_2014-06-01_15-19-00_094959634447_rgbf000151-resize,-2.8858175303859626,2.8858175303859626,1.9675,11.625680938349673
460407.0,2.5,-0.20276742144970927,0.20276742144970927,001092_2014-06-15_17-34-58_260595134347_rgbf000171-resize,-3.0870646558796984,3.0870646558796984,2.6935,9.164038324933468
460407.0,2.5,-0.059543477684158685,0.059543477684158685,002545_2014-06-24_13-38-53_094959634447_rgbf000080-resize,-2.5764410931328308,2.5764410931328308,1.9205,12.083824048628237
460407.0,2.5,-0.5475666928484986,0.5475666928484986,001167_2014-06-17_15-38-07_260595134347_rgbf000108-resize,-3.031193967639095,3.031193967639095,1.8505,12.019050657019696
460407.0,2.5,-0.550999031741054,0.550999031741054,003587_2014-05-23_16-48-02_094959634447_rgbf002384-resize,-2.8000704048922267,2.8000704048922267,1.357,20.788172722830538
970619.0,2.5,-0.24253106301829996,0.24253106301829996,000677_2014-06-08_23-10-32_260595134347_rgbf000158-resize,-3.536766423413848,3.536766423413848,3.556,19.65196273325612
970619.0,2.5,-0.8037077868209987,0.8037077868209987,001417_2014-06-19_16-25-36_260595134347_rgbf000115-resize,-4.606266423413848,4.606266423413848,4.6255,49.17091269608214
970619.0,2.5,-0.10689329711818583,0.10689329711818583,003081_2014-06-15_15-19-16_094959634447_rgbf000150-resize,-3.5705697495794926,3.5705697495794926,3.9125,16.632991649560594
970619.0,2.5,-0.12866950010291145,0.12866950010291145,000682_2014-06-08_23-14-58_260595134347_rgbf000041-resize,-3.0274630972482024,3.0274630972482024,2.7239999999999998,8.707843071693064
970619.0,2.5,-1.0135934597120602,1.0135934597120602,001650_2014-06-20_12-09-00_260595134347_rgbf000087-resize,-3.5447497925856224,3.5447497925856224,1.9505,47.6804595860539
970619.0,2.5,-0.7391700524413785,0.7391700524413785,001244_2014-06-17_16-47-45_260595134347_rgbf000030-resize,-3.314053118751268,3.314053118751268,2.0425,6.7629638807870815
970619.0,2.5,-0.5203662246473348,0.5203662246473348,003495_2014-05-21_16-01-51_094959634447_rgbf000100-resize,-2.897053118751268,2.897053118751268,1.6255,12.747278812179
970619.0,2.5,-0.3033977366866478,0.3033977366866478,000665_2014-06-09_20-42-35_260595134347_rgbf000110-resize,-3.3604630972482026,3.3604630972482026,3.057,18.49880761375764
970619.0,2.5,-1.45277448146849,1.45277448146849,002375_2014-06-28_20-13-44_260595134347_rgbf000032-resize,-4.966356444916912,4.966356444916912,4.0175,48.76103649676905
970619.0,2.5,-0.9267532887501956,0.9267532887501956,002568_2014-06-24_13-59-21_094959634447_rgbf000062-resize,-3.963856444916913,3.963856444916913,3.015,29.63840999388049
970619.0,2.5,-0.796887326460951,0.796887326460951,000780_2014-06-08_22-28-29_260595134347_rgbf000126-resize,-4.0086597710825576,4.0086597710825576,3.3825,14.165390776882042
970619.0,2.5,-0.6281940102868455,0.6281940102868455,000470_2014-06-09_19-42-40_260595134347_rgbf000094-resize,-3.102553118751268,3.102553118751268,1.831,22.486379427626872
970619.0,2.5,-0.3781699720521701,0.3781699720521701,000109_2014-05-14_23-41-52_260595134347_rgbf000035-resize,-2.626053118751268,2.626053118751268,1.3545,6.620498200896815
970619.0,2.5,-0.03028724609763689,0.03028724609763689,002509_2014-06-24_13-19-22_094959634447_rgbf000077-resize,-2.255356444916913,2.255356444916913,1.3065,40.21868783296904
970619.0,2.5,-0.2330874366069846,0.2330874366069846,003338_2014-05-20_11-01-23_094959634447_rgbf000051-resize,-2.6418564449169133,2.6418564449169133,1.693,28.251495663089063
970619.0,2.5,-0.8428001627275277,0.8428001627275277,001100_2014-06-15_17-46-26_260595134347_rgbf000225-resize,-3.511553118751268,3.511553118751268,2.24,9.548860596737413
970619.0,2.5,-0.3689875572166865,0.3689875572166865,000483_2014-06-09_20-41-45_260595134347_rgbf000116-resize,-2.608553118751268,2.608553118751268,1.337,29.232414989368262
970619.0,2.5,-0.5547346916029969,0.5547346916029969,002964_2014-06-08_17-46-11_094959634447_rgbf000091-resize,-2.9625531187512677,2.9625531187512677,1.6909999999999998,28.953812917975768
970619.0,2.5,-0.3716107232679549,0.3716107232679549,002136_2014-06-25_21-18-03_260595134347_rgbf000109-resize,-2.9058564449169126,2.9058564449169126,1.9569999999999999,13.297078442475444
970619.0,2.5,-0.849621004132155,0.849621004132155,000929_2014-06-09_16-33-19_260595134347_rgbf000139-resize,-3.8168564449169127,3.8168564449169127,2.8680000000000003,19.501338012209015
970619.0,2.5,-0.6140257128354998,0.6140257128354998,000457_2014-06-08_16-52-43_260595134347_rgbf000199-resize,-3.9524630972482013,3.9524630972482013,3.6489999999999996,14.067279821032837
970619.0,2.5,-0.5515852919542195,0.5515852919542195,001584_2014-06-20_11-07-43_260595134347_rgbf000002-resize,-3.8334630972482016,3.8334630972482016,3.53,17.602834139105468
970619.0,2.5,-0.6116645204492304,0.6116645204492304,003490_2014-05-21_15-50-11_094959634447_rgbf000101-resize,-3.947963097248201,3.947963097248201,3.6445,19.999457360175192
970619.0,2.5,-0.4567889333578469,0.4567889333578469,002279_2014-06-28_18-55-32_260595134347_rgbf000040-resize,-2.7758864520845683,2.7758864520845683,1.5043333333333,15.963772282558683
970619.0,2.5,-0.11030505147653837,0.11030505147653837,000635_2014-06-08_16-38-42_260595134347_rgbf000106-resize,-2.7001597710825576,2.7001597710825576,2.074,10.796976226722654
970619.0,2.5,-0.1913722756937759,0.1913722756937759,002043_2014-06-24_20-29-38_260595134347_rgbf000039-resize,-3.1469630972482032,3.1469630972482032,2.8435,8.475049543704081
970619.0,2.5,-0.4962295913654995,0.4962295913654995,002344_2014-06-28_20-06-29_260595134347_rgbf000030-resize,-2.851053118751268,2.851053118751268,1.5795,37.33165518125916
970619.0,2.5,-0.9561377783129069,0.9561377783129069,000549_2014-06-08_22-10-24_260595134347_rgbf000247-resize,-3.4352497925856227,3.4352497925856227,1.841,30.99307977870557
970619.0,2.5,-0.5437146506666664,0.5437146506666664,000736_2014-06-08_18-24-15_260595134347_rgbf000206-resize,-3.8184630972482023,3.8184630972482023,3.515,33.408170606136416
970619.0,2.5,-0.040517555593126864,0.040517555593126864,000137_2014-05-20_17-04-49_260595134347_rgbf000120-resize,-3.4440697495794925,3.4440697495794925,3.786,14.89611111351161
970619.0,2.5,-0.5340079074566043,0.5340079074566043,000642_2014-06-08_16-59-25_260595134347_rgbf000098-resize,-3.5076597710825577,3.5076597710825577,2.8815,31.36214301237791
970619.0,2.5,-0.09823559170186767,0.09823559170186767,002425_2014-06-28_20-27-29_260595134347_rgbf000031-resize,-3.5540697495794924,3.5540697495794924,3.8960000000000004,8.40495801096819
970619.0,2.5,-0.7417932184926508,0.7417932184926508,001056_2014-06-08_18-46-44_260595134347_rgbf000068-resize,-3.611356444916913,3.611356444916913,2.6625,11.38594592369452
970619.0,2.5,-0.06937771678124649,0.06937771678124649,002199_2014-06-28_18-33-56_260595134347_rgbf000074-resize,-2.6221597710825577,2.6221597710825577,1.996,17.12852126070164
970619.0,2.5,-0.573360351805221,0.573360351805221,000917_2014-06-09_22-45-29_260595134347_rgbf000149-resize,-4.167266423413849,4.167266423413849,4.1865,9.740561609074897
970619.0,2.5,-0.6570518852074672,0.6570518852074672,002323_2014-06-28_20-01-54_260595134347_rgbf000051-resize,-4.034463097248201,4.034463097248201,3.7310000000000003,18.09172628388976
970619.0,2.5,-0.4812753729191429,0.4812753729191429,002953_2014-06-08_17-32-18_094959634447_rgbf000059-resize,-2.822553118751268,2.822553118751268,1.551,13.905027931093345
970619.0,2.5,-0.4096521561578099,0.4096521561578099,002905_2014-06-03_18-04-43_094959634447_rgbf000151-resize,-2.978356444916913,2.978356444916913,2.0295,12.020604335789361
970619.0,2.5,-0.3183508119992602,0.3183508119992602,003129_2014-05-12_10-48-10_094959634447_rgbf000100-resize,-4.265873075745136,4.265873075745136,4.9305,17.9074543760639
970619.0,2.5,-0.232560821964906,0.232560821964906,002988_2014-06-15_12-24-20_094959634447_rgbf000150-resize,-4.102373075745136,4.102373075745136,4.7669999999999995,14.460306569198616
970619.0,2.5,-0.8530308532675968,0.8530308532675968,001052_2014-06-08_18-24-54_260595134347_rgbf000130-resize,-4.407963097248202,4.407963097248202,4.1045,25.87613690895519
970619.0,2.5,-0.12473494154830445,0.12473494154830445,000810_2014-06-08_17-20-01_260595134347_rgbf000105-resize,-2.4353564449169127,2.4353564449169127,1.4865,3.0958890116960642
970619.0,2.5,-0.09010335779389632,0.09010335779389632,001214_2014-06-17_16-13-55_260595134347_rgbf000111-resize,-2.9539630972482023,2.9539630972482023,2.6505,18.479282579459067
970619.0,2.5,-0.2645703828017873,0.2645703828017873,002272_2014-06-28_18-53-56_260595134347_rgbf000067-resize,-2.4095531187512678,2.4095531187512678,1.138,10.409245808146235
970619.0,2.5,-0.32071390960843604,0.32071390960843604,001571_2014-06-20_17-21-32_260595134347_rgbf000089-resize,-2.8088564449169127,2.8088564449169127,1.86,4.991960350191473
970619.0,2.5,-1.3250073568559269,1.3250073568559269,002444_2014-06-28_20-32-08_260595134347_rgbf000027-resize,-5.015159771082557,5.015159771082557,4.388999999999999,17.102760279009576
970619.0,2.5,-0.5864780872844735,0.5864780872844735,001133_2014-06-17_14-49-16_260595134347_rgbf000100-resize,-4.192266423413848,4.192266423413848,4.2115,26.759918254713728
970619.0,2.5,-0.6685954924292143,0.6685954924292143,001132_2014-06-17_14-48-54_260595134347_rgbf000100-resize,-4.056463097248201,4.056463097248201,3.753,14.398279213278778
970619.0,2.5,-0.05914588310742086,0.05914588310742086,000943_2014-06-09_19-31-07_260595134347_rgbf000128-resize,-2.6026597710825574,2.6026597710825574,1.9765,15.893099149291922
970619.0,2.5,-0.15070691466348074,0.15070691466348074,000758_2014-06-08_22-05-08_260595134347_rgbf000085-resize,-3.361766423413848,3.361766423413848,3.3810000000000002,11.91317737826679
970619.0,2.5,-1.2772595618005824,1.2772595618005824,000854_2014-06-09_19-43-13_260595134347_rgbf000066-resize,-4.339553118751268,4.339553118751268,3.068,11.910827625938722
970619.0,2.5,-0.6591514849733142,0.6591514849733142,002153_2014-06-25_21-27-18_260595134347_rgbf000038-resize,-3.453856444916912,3.453856444916912,2.505,17.28886317575377
970619.0,2.5,-1.2344961251827857,1.2344961251827857,000522_2014-06-08_13-35-06_260595134347_rgbf000244-resize,-3.965749792585623,3.965749792585623,2.3715,25.742609854068213
970619.0,2.5,-0.9826356039810104,0.9826356039810104,002949_2014-06-26_15-57-42_094959634447_rgbf000079-resize,-3.4857497925856227,3.4857497925856227,1.8915,17.99500168321199
970619.0,2.5,-0.3865641796251522,0.3865641796251522,000866_2014-06-09_20-45-42_260595134347_rgbf000139-resize,-3.5189630972482027,3.5189630972482027,3.2155,8.082259189449621
970619.0,2.5,-0.2016048714567621,0.2016048714567621,001555_2014-06-20_17-12-10_260595134347_rgbf000065-resize,-2.5818564449169124,2.5818564449169124,1.633,7.608284543781994
970619.0,2.5,-0.415686695522848,0.415686695522848,003534_2014-05-22_15-06-10_094959634447_rgbf000102-resize,-2.697553118751268,2.697553118751268,1.426,12.376994007247625
970619.0,2.5,-0.017954288479634983,0.017954288479634983,000773_2014-06-08_22-24-54_260595134347_rgbf000093-resize,-3.9856764019107818,3.9856764019107818,4.973,21.45352631724976
970619.0,2.5,-0.3432748904544355,0.3432748904544355,002414_2014-06-28_20-24-58_260595134347_rgbf000067-resize,-4.0210697495794925,4.0210697495794925,4.363,31.720662178139435
970619.0,2.5,-0.6137641202150774,0.6137641202150774,001059_2014-06-08_21-53-27_260595134347_rgbf000061-resize,-3.367356444916912,3.367356444916912,2.4185,8.755513319222857
970619.0,2.5,-0.7391692903522092,0.7391692903522092,001032_2014-06-08_13-23-17_260595134347_rgbf000021-resize,-3.8986597710825577,3.8986597710825577,3.2725,15.984983178828962
970619.0,2.5,-0.2236411428835824,0.2236411428835824,001392_2014-06-19_16-07-59_260595134347_rgbf000046-resize,-3.793069749579492,3.793069749579492,4.135,18.95235574822112
970619.0,2.5,-0.8704774414550098,0.8704774414550098,001447_2014-06-19_17-00-32_260595134347_rgbf000082-resize,-4.441213097248202,4.441213097248202,4.13775,46.830399423560245
970619.0,2.5,-0.0399936082631267,0.0399936082631267,002758_2014-06-22_19-11-20_094959634447_rgbf000128-resize,-2.8584630972482032,2.8584630972482032,2.555,7.204478276142114
970619.0,2.5,-0.441922166481368,0.441922166481368,002549_2014-06-24_13-41-39_094959634447_rgbf000022-resize,-2.7475531187512674,2.7475531187512674,1.476,4.1736441355391865
970619.0,2.5,-0.2976263141203529,0.2976263141203529,000502_2014-06-08_23-02-32_260595134347_rgbf000063-resize,-3.0571597710825578,3.0571597710825578,2.431,13.897287578908273
970619.0,2.5,-1.1001701328305904,1.1001701328305904,001806_2014-06-26_20-50-20_260595134347_rgbf000091-resize,-4.002053118751268,4.002053118751268,2.7305,13.909869710567438
970619.0,2.5,-0.6885344503576933,0.6885344503576933,001617_2014-06-20_11-35-32_260595134347_rgbf000066-resize,-4.0944630972482035,4.0944630972482035,3.7910000000000004,19.974169961071475
970619.0,2.5,-0.2092123959455645,0.2092123959455645,003079_2014-06-15_15-18-20_094959634447_rgbf000152-resize,-3.1809630972482026,3.1809630972482026,2.8775,9.032134209869396
970619.0,2.5,-1.1560513049276482,1.1560513049276482,001449_2014-06-19_17-01-27_260595134347_rgbf000116-resize,-4.400856444916912,4.400856444916912,3.452,8.994872108877228
970619.0,2.5,-1.126492293269815,1.126492293269815,001450_2014-06-19_17-02-03_260595134347_rgbf000203-resize,-4.636826437749257,4.636826437749257,4.0106666666667,12.34882649363641
970619.0,2.5,-0.3773825268788311,0.3773825268788311,003228_2014-05-14_13-42-35_094959634447_rgbf000101-resize,-2.9168564449169123,2.9168564449169123,1.9680000000000002,14.40337638638131
970619.0,2.5,-0.6491820060090758,0.6491820060090758,000368_2014-06-09_15-53-01_260595134347_rgbf000155-resize,-3.434856444916913,3.434856444916913,2.4859999999999998,21.090700959072958
970619.0,2.5,-0.9089120253646676,0.9089120253646676,001828_2014-06-26_21-40-03_260595134347_rgbf000024-resize,-4.8067664234138485,4.8067664234138485,4.8260000000000005,35.55232951340613
970619.0,2.5,-0.5169548513335619,0.5169548513335619,000906_2014-06-08_13-35-43_260595134347_rgbf000155-resize,-3.475159771082558,3.475159771082558,2.8489999999999998,16.12201726422563
970619.0,2.5,-0.24279456086163376,0.24279456086163376,001110_2014-06-15_17-25-28_260595134347_rgbf000150-resize,-2.6603564449169124,2.6603564449169124,1.7115,9.336195527413247
970619.0,2.5,-0.8493590304671534,0.8493590304671534,001810_2014-06-26_20-51-35_260595134347_rgbf000040-resize,-3.524053118751268,3.524053118751268,2.2525,22.411391411207674
970619.0,2.5,-0.33566698492104124,0.33566698492104124,000409_2014-06-04_19-23-33_260595134347_rgbf000067-resize,-3.714266423413848,3.714266423413848,3.7335,12.696549983566419
970619.0,2.5,-0.3771201721692445,0.3771201721692445,002875_2014-06-01_15-19-00_094959634447_rgbf000151-resize,-2.9163564449169126,2.9163564449169126,1.9675,11.625680938349673
970619.0,2.5,-0.11266586281821313,0.11266586281821313,001092_2014-06-15_17-34-58_260595134347_rgbf000171-resize,-2.9969630972482024,2.9969630972482024,2.6935,9.164038324933468
970619.0,2.5,-0.3157291701263163,0.3157291701263163,001167_2014-06-17_15-38-07_260595134347_rgbf000108-resize,-2.7993564449169126,2.7993564449169126,1.8505,12.019050657019696
970619.0,2.5,-0.37948174560009496,0.37948174560009496,003587_2014-05-23_16-48-02_094959634447_rgbf002384-resize,-2.628553118751268,2.628553118751268,1.357,20.788172722830538
351649.0,2.5,-0.2399938901455262,0.2399938901455262,000677_2014-06-08_23-10-32_260595134347_rgbf000158-resize,-3.5342292505410735,3.5342292505410735,3.556,19.65196273325612
351649.0,2.5,-1.1785302712362955,1.1785302712362955,001417_2014-06-19_16-25-36_260595134347_rgbf000115-resize,-4.981088907829143,4.981088907829143,4.6255,49.17091269608214
351649.0,2.5,-0.049693140791696684,0.049693140791696684,003081_2014-06-15_15-19-16_094959634447_rgbf000150-resize,-3.5133695932530027,3.5133695932530027,3.9125,16.632991649560594
351649.0,2.5,-0.5581549679719234,0.5581549679719234,000682_2014-06-08_23-14-58_260595134347_rgbf000041-resize,-3.4569485651172145,3.4569485651172145,2.7239999999999998,8.707843071693064
351649.0,2.5,-1.6617308613959338,1.6617308613959338,001650_2014-06-20_12-09-00_260595134347_rgbf000087-resize,-4.192887194269496,4.192887194269496,1.9505,47.6804595860539
351649.0,2.5,-0.5779251560953957,0.5779251560953957,001244_2014-06-17_16-47-45_260595134347_rgbf000030-resize,-3.1528082224052847,3.1528082224052847,2.0425,6.7629638807870815
351649.0,2.5,-0.7364809855894223,0.7364809855894223,003495_2014-05-21_16-01-51_094959634447_rgbf000100-resize,-3.1131678796933557,3.1131678796933557,1.6255,12.747278812179
351649.0,2.5,-0.8673775856682835,0.8673775856682835,001150_2014-06-17_15-27-34_260595134347_rgbf000108-resize,-4.388088907829143,4.388088907829143,4.0325,11.088139074292139
351649.0,2.5,-0.7328832045556598,0.7328832045556598,000665_2014-06-09_20-42-35_260595134347_rgbf000110-resize,-3.7899485651172142,3.7899485651172142,3.057,18.49880761375764
351649.0,2.5,-0.4821472870926512,0.4821472870926512,002375_2014-06-28_20-13-44_260595134347_rgbf000032-resize,-3.9957292505410735,3.9957292505410735,4.0175,48.76103649676905
351649.0,2.5,-0.136626134568962,0.136626134568962,000788_2014-06-08_22-34-36_260595134347_rgbf000131-resize,-3.337229250541074,3.337229250541074,3.359,21.46386213810664
351649.0,2.5,-0.6721856817369032,0.6721856817369032,001235_2014-06-17_16-37-36_260595134347_rgbf000084-resize,-4.016088907829143,4.016088907829143,3.6605,14.547706659434104
351649.0,2.5,-0.08958945665279228,0.08958945665279228,000470_2014-06-09_19-42-40_260595134347_rgbf000094-resize,-2.5639485651172143,2.5639485651172143,1.831,22.486379427626872
351649.0,2.5,-0.9716443902823276,0.9716443902823276,000109_2014-05-14_23-41-52_260595134347_rgbf000035-resize,-3.219527536981425,3.219527536981425,1.3545,6.620498200896815
351649.0,2.5,-0.5690986808740794,0.5690986808740794,002509_2014-06-24_13-19-22_094959634447_rgbf000077-resize,-2.794167879693356,2.794167879693356,1.3065,40.21868783296904
351649.0,2.5,-0.39453921409535697,0.39453921409535697,003338_2014-05-20_11-01-23_094959634447_rgbf000051-resize,-2.8033082224052848,2.8033082224052848,1.693,28.251495663089063
351649.0,2.5,-0.8304914231907977,0.8304914231907977,002784_2014-06-22_19-26-30_094959634447_rgbf000083-resize,-3.2923345463600557,3.2923345463600557,1.8046666666667,3.0422522474895675
351649.0,2.5,-0.6815552663815451,0.6815552663815451,001100_2014-06-15_17-46-26_260595134347_rgbf000225-resize,-3.3503082224052854,3.3503082224052854,2.24,9.548860596737413
351649.0,2.5,-0.3730261279093661,0.3730261279093661,000469_2014-06-09_19-42-10_260595134347_rgbf000081-resize,-2.7623082224052853,2.7623082224052853,1.652,25.13136208408983
351649.0,2.5,-0.5851023181587741,0.5851023181587741,000483_2014-06-09_20-41-45_260595134347_rgbf000116-resize,-2.8246678796933558,2.8246678796933558,1.337,29.232414989368262
351649.0,2.5,-0.3934897952570142,0.3934897952570142,002964_2014-06-08_17-46-11_094959634447_rgbf000091-resize,-2.8013082224052854,2.8013082224052854,1.6909999999999998,28.953812917975768
351649.0,2.5,-0.5330625007563272,0.5330625007563272,002136_2014-06-25_21-18-03_260595134347_rgbf000109-resize,-3.0673082224052854,3.0673082224052854,1.9569999999999999,13.297078442475444
351649.0,2.5,-0.5280593612700607,0.5280593612700607,002103_2014-06-25_20-00-40_260595134347_rgbf000049-resize,-4.083229250541073,4.083229250541073,4.105,11.598018874569219
351649.0,2.5,-0.25635346704438683,0.25635346704438683,000929_2014-06-09_16-33-19_260595134347_rgbf000139-resize,-3.2235889078291446,3.2235889078291446,2.8680000000000003,19.501338012209015
351649.0,2.5,-0.6729036942999344,0.6729036942999344,002279_2014-06-28_18-55-32_260595134347_rgbf000040-resize,-2.9920012130266547,2.9920012130266547,1.5043333333333,15.963772282558683
351649.0,2.5,-0.24349808627471786,0.24349808627471786,002043_2014-06-24_20-29-38_260595134347_rgbf000039-resize,-3.1990889078291445,3.1990889078291445,2.8435,8.475049543704081
351649.0,2.5,-1.089704009595657,1.089704009595657,002344_2014-06-28_20-06-29_260595134347_rgbf000030-resize,-3.4445275369814246,3.4445275369814246,1.5795,37.33165518125916
351649.0,2.5,-0.8495558654206394,0.8495558654206394,000549_2014-06-08_22-10-24_260595134347_rgbf000247-resize,-3.328667879693355,3.328667879693355,1.841,30.99307977870557
351649.0,2.5,-0.5958404612476083,0.5958404612476083,000736_2014-06-08_18-24-15_260595134347_rgbf000206-resize,-3.870588907829144,3.870588907829144,3.515,33.408170606136416
351649.0,2.5,-0.6407967014912611,0.6407967014912611,000642_2014-06-08_16-59-25_260595134347_rgbf000098-resize,-3.6144485651172142,3.6144485651172142,2.8815,31.36214301237791
351649.0,2.5,-0.4183950926634491,0.4183950926634491,002425_2014-06-28_20-27-29_260595134347_rgbf000031-resize,-3.874229250541074,3.874229250541074,3.8960000000000004,8.40495801096819
351649.0,2.5,-0.5535261681039738,0.5535261681039738,002199_2014-06-28_18-33-56_260595134347_rgbf000074-resize,-3.1063082224052847,3.1063082224052847,1.996,17.12852126070164
351649.0,2.5,-0.5708231789324473,0.5708231789324473,000917_2014-06-09_22-45-29_260595134347_rgbf000149-resize,-4.164729250541074,4.164729250541074,4.1865,9.740561609074897
351649.0,2.5,-0.6973901338612305,0.6973901338612305,002953_2014-06-08_17-32-18_094959634447_rgbf000059-resize,-3.038667879693355,3.038667879693355,1.551,13.905027931093345
351649.0,2.5,-0.9484635909342524,0.9484635909342524,002905_2014-06-03_18-04-43_094959634447_rgbf000151-resize,-3.5171678796933548,3.5171678796933548,2.0295,12.020604335789361
351649.0,2.5,-0.5838473295071263,0.5838473295071263,003129_2014-05-12_10-48-10_094959634447_rgbf000100-resize,-4.531369593253004,4.531369593253004,4.9305,17.9074543760639
351649.0,2.5,-0.2861867190366768,0.2861867190366768,000810_2014-06-08_17-20-01_260595134347_rgbf000105-resize,-2.5968082224052846,2.5968082224052846,1.4865,3.0958890116960642
351649.0,2.5,-0.1422291683748383,0.1422291683748383,001214_2014-06-17_16-13-55_260595134347_rgbf000111-resize,-3.0060889078291444,3.0060889078291444,2.6505,18.479282579459067
351649.0,2.5,-0.4806851437438748,0.4806851437438748,002272_2014-06-28_18-53-56_260595134347_rgbf000067-resize,-2.625667879693355,2.625667879693355,1.138,10.409245808146235
351649.0,2.5,-0.4821656870968084,0.4821656870968084,001571_2014-06-20_17-21-32_260595134347_rgbf000089-resize,-2.970308222405285,2.970308222405285,1.86,4.991960350191473
351649.0,2.5,-0.29491960935341394,0.29491960935341394,003070_2014-06-15_14-58-27_094959634447_rgbf000150-resize,-3.2970889078291443,3.2970889078291443,2.9415,10.664823740812926
351649.0,2.5,-0.16593467714207766,0.16593467714207766,000943_2014-06-09_19-31-07_260595134347_rgbf000128-resize,-2.7094485651172144,2.7094485651172144,1.9765,15.893099149291922
351649.0,2.5,-1.49337432274267,1.49337432274267,000854_2014-06-09_19-43-13_260595134347_rgbf000066-resize,-4.555667879693355,4.555667879693355,3.068,11.910827625938722
351649.0,2.5,-0.8206032624616866,0.8206032624616866,002153_2014-06-25_21-27-18_260595134347_rgbf000038-resize,-3.615308222405285,3.615308222405285,2.505,17.28886317575377
351649.0,2.5,-0.62784773581701,0.62784773581701,002660_2014-06-13_15-44-18_094959634447_rgbf001878-resize,-3.931588907829144,3.931588907829144,3.576,15.11997681444361
351649.0,2.5,-0.228450282923777,0.228450282923777,000739_2014-06-08_18-45-58_260595134347_rgbf000068-resize,-3.5122292505410737,3.5122292505410737,3.534,8.164356963721069
351649.0,2.5,-0.14702673804779315,0.14702673804779315,000734_2014-06-08_17-39-11_260595134347_rgbf000128-resize,-3.698869593253003,3.698869593253003,4.098,16.052231618370055
351649.0,2.5,-1.5052738695785883,1.5052738695785883,000522_2014-06-08_13-35-06_260595134347_rgbf000244-resize,-4.236527536981424,4.236527536981424,2.3715,25.742609854068213
351649.0,2.5,-0.8760536910887428,0.8760536910887428,002949_2014-06-26_15-57-42_094959634447_rgbf000079-resize,-3.3791678796933557,3.3791678796933557,1.8915,17.99500168321199
351649.0,2.5,-0.7404163062332046,0.7404163062332046,001555_2014-06-20_17-12-10_260595134347_rgbf000065-resize,-3.120667879693355,3.120667879693355,1.633,7.608284543781994
351649.0,2.5,-1.0091611137530054,1.0091611137530054,003534_2014-05-22_15-06-10_094959634447_rgbf000102-resize,-3.291027536981425,3.291027536981425,1.426,12.376994007247625
351649.0,2.5,-0.1759041561063167,0.1759041561063167,002637_2014-06-24_14-51-13_094959634447_rgbf000066-resize,-2.7284485651172146,2.7284485651172146,1.9955,10.972027795242447
351649.0,2.5,-0.2287878225337857,0.2287878225337857,000773_2014-06-08_22-24-54_260595134347_rgbf000093-resize,-4.196509935964933,4.196509935964933,4.973,21.45352631724976
351649.0,2.5,-0.2860747341279463,0.2860747341279463,002414_2014-06-28_20-24-58_260595134347_rgbf000067-resize,-3.963869593253004,3.963869593253004,4.363,31.720662178139435
351649.0,2.5,-0.02049658312730923,0.02049658312730923,001059_2014-06-08_21-53-27_260595134347_rgbf000061-resize,-2.774088907829144,2.774088907829144,2.4185,8.755513319222857
351649.0,2.5,-1.2233177416749366,1.2233177416749366,001032_2014-06-08_13-23-17_260595134347_rgbf000021-resize,-4.382808222405285,4.382808222405285,3.2725,15.984983178828962
351649.0,2.5,-0.5782626957054025,0.5782626957054025,003292_2014-05-14_21-53-49_094959634447_rgbf000100-resize,-3.837088907829144,3.837088907829144,3.4815,33.084282711345374
351649.0,2.5,-0.11528181818799214,0.11528181818799214,002639_2014-06-24_14-51-37_094959634447_rgbf000074-resize,-3.6383695932530022,3.6383695932530022,4.0375,16.521406794569987
351649.0,2.5,-0.5452435947478812,0.5452435947478812,001447_2014-06-19_17-00-32_260595134347_rgbf000082-resize,-4.1159792505410735,4.1159792505410735,4.13775,46.830399423560245
351649.0,2.5,-0.09211941884406866,0.09211941884406866,002758_2014-06-22_19-11-20_094959634447_rgbf000128-resize,-2.9105889078291445,2.9105889078291445,2.555,7.204478276142114
351649.0,2.5,-0.28067727013538524,0.28067727013538524,002549_2014-06-24_13-41-39_094959634447_rgbf000022-resize,-2.586308222405285,2.586308222405285,1.476,4.1736441355391865
351649.0,2.5,-0.027055450866939668,0.027055450866939668,000502_2014-06-08_23-02-32_260595134347_rgbf000063-resize,-2.7865889078291444,2.7865889078291444,2.431,13.897287578908273
351649.0,2.5,-1.316284893772678,1.316284893772678,001806_2014-06-26_20-50-20_260595134347_rgbf000091-resize,-4.218167879693356,4.218167879693356,2.7305,13.909869710567438
351649.0,2.5,-0.17912759752176555,0.17912759752176555,000493_2014-06-09_21-01-18_260595134347_rgbf000196-resize,-3.418229250541074,3.418229250541074,3.44,19.629285382994567
351649.0,2.5,-0.5036603732786297,0.5036603732786297,000506_2014-06-08_23-21-00_260595134347_rgbf000070-resize,-4.0367292505410735,4.0367292505410735,4.0585,16.716212007621664
351649.0,2.5,-0.5388343043672035,0.5388343043672035,003228_2014-05-14_13-42-35_094959634447_rgbf000101-resize,-3.078308222405285,3.078308222405285,1.9680000000000002,14.40337638638131
351649.0,2.5,-0.3896856519680297,0.3896856519680297,002763_2014-06-22_19-13-10_094959634447_rgbf000075-resize,-2.7940582224052855,2.7940582224052855,1.68375,5.5919783591245595
351649.0,2.5,-0.20817378538529485,0.20817378538529485,002209_2014-06-28_18-36-10_260595134347_rgbf000051-resize,-2.7899485651172142,2.7899485651172142,2.057,12.962068825921264
351649.0,2.5,-0.8697387780545416,0.8697387780545416,002570_2014-06-24_13-59-54_094959634447_rgbf000059-resize,-4.392588907829143,4.392588907829143,4.037,41.596140375002705
351649.0,2.5,-0.8622992612815742,0.8622992612815742,002467_2014-06-28_20-38-07_260595134347_rgbf000026-resize,-4.720229250541074,4.720229250541074,4.742,15.331046216195933
351649.0,2.5,-0.3107544768331002,0.3107544768331002,001810_2014-06-26_20-51-35_260595134347_rgbf000040-resize,-2.9854485651172142,2.9854485651172142,2.2525,22.411391411207674
351649.0,2.5,-0.5421513306872251,0.5421513306872251,001092_2014-06-15_17-34-58_260595134347_rgbf000171-resize,-3.4264485651172136,3.4264485651172136,2.6935,9.164038324933468
351649.0,2.5,-0.5139106069566128,0.5139106069566128,002545_2014-06-24_13-38-53_094959634447_rgbf000080-resize,-3.0308082224052852,3.0308082224052852,1.9205,12.083824048628237
351649.0,2.5,-0.9729561638302524,0.9729561638302524,003587_2014-05-23_16-48-02_094959634447_rgbf002384-resize,-3.2220275369814253,3.2220275369814253,1.357,20.788172722830538
